# log(Us)  xid nh alpha [OII]3727 Hbeta [OIII]4959 [OIII]5007 [OI]6300 [NII]6548 Halpha [NII]6584 [SII]6717 [SII]6731 NV1240 CIV1548 CIV1551 HeII1640 OIII]1661 OIII]1666 [SiIII]1883 SiIII]1888 [CIII]1907 CIII]1910 
-2.5 0.1 100.0 -1.2 6.7411e+42 2.6652e+42 1.091e+43 3.284e+43 1.1412e+42 1.9413e+41 7.8047e+42 5.7287e+41 7.0602e+41 5.2157e+41 2.5845e+41 4.3598e+42 2.283e+42 5.3365e+42 3.5475e+41 8.7065e+41 6.109e+41 3.6204e+41 4.5837e+42 3.0027e+42
-2.5 0.1 100.0 -1.4 5.2755e+42 2.2953e+42 8.9423e+42 2.6916e+43 5.543e+41 1.412e+41 6.6733e+42 4.1668e+41 5.137e+41 3.8517e+41 1.6351e+41 2.7411e+42 1.4385e+42 3.9268e+42 2.1992e+41 5.3938e+41 4.4563e+41 2.6441e+41 3.018e+42 1.9771e+42
-2.5 0.1 100.0 -1.7 3.4025e+42 1.7184e+42 5.6483e+42 1.7001e+43 1.7854e+41 8.872e+40 4.992e+42 2.6181e+41 3.1518e+41 2.4037e+41 7.771e+40 1.1649e+42 6.1572e+41 2.1469e+42 9.0853e+40 2.226e+41 2.3595e+41 1.4055e+41 1.3801e+42 9.0422e+41
-2.5 0.1 100.0 -2.0 2.1219e+42 1.2338e+42 3.2602e+42 9.8133e+42 8.3301e+40 5.6874e+40 3.6001e+42 1.6783e+41 2.0069e+41 1.5415e+41 3.9892e+40 4.5437e+41 2.4623e+41 1.0702e+42 3.4956e+40 8.5564e+40 1.1577e+41 6.9629e+40 5.9059e+41 3.87e+41
-2.5 0.1 1000.0 -1.2 6.4126e+42 2.785e+42 1.1788e+43 3.5483e+43 1.3107e+42 2.2911e+41 8.1258e+42 6.761e+41 6.2561e+41 6.0179e+41 1.8171e+41 4.7339e+42 2.4644e+42 5.3672e+42 3.9561e+41 9.71e+41 6.9452e+41 4.2712e+41 5.1041e+42 3.4228e+42
-2.5 0.1 1000.0 -1.4 5.0946e+42 2.4067e+42 9.8412e+42 2.9622e+43 6.5644e+41 1.656e+41 6.9674e+42 4.887e+41 4.3103e+41 4.4368e+41 9.5647e+40 2.9312e+42 1.5273e+42 3.9463e+42 2.5321e+41 6.2113e+41 5.3283e+41 3.2836e+41 3.4848e+42 2.3386e+42
-2.5 0.1 1000.0 -1.7 3.4201e+42 1.8127e+42 6.4479e+42 1.9408e+43 2.2305e+41 1.0417e+41 5.2376e+42 3.074e+41 2.5221e+41 2.8308e+41 3.4423e+40 1.1127e+42 5.8304e+41 2.1535e+42 1.0978e+41 2.6913e+41 3.1485e+41 1.9486e+41 1.7026e+42 1.1438e+42
-2.5 0.1 1000.0 -2.0 2.2755e+42 1.3095e+42 3.8589e+42 1.1615e+43 1.007e+41 6.9962e+40 3.7956e+42 2.0646e+41 1.6122e+41 1.8985e+41 1.5855e+40 3.2181e+41 1.7337e+41 1.0715e+42 4.3189e+40 1.0587e+41 1.7716e+41 1.1037e+41 7.6566e+41 5.1496e+41
-2.5 0.1 10000.0 -1.2 5.9878e+42 3.1052e+42 1.1755e+43 3.5383e+43 2.4118e+42 4.4805e+41 9.0973e+42 1.3222e+42 6.0612e+41 8.9468e+41 1.0803e+40 1.1342e+42 5.8187e+41 5.0599e+42 3.0338e+41 7.4641e+41 9.6987e+41 8.1863e+41 4.2566e+42 3.5449e+42
-2.5 0.1 10000.0 -1.4 5.0331e+42 2.6682e+42 9.5435e+42 2.8726e+43 1.3888e+42 3.4453e+41 7.7463e+42 1.0167e+42 4.1507e+41 6.4876e+41 5.787e+39 5.4121e+41 2.812e+41 3.7306e+42 1.9168e+41 4.7163e+41 7.4393e+41 6.3297e+41 2.864e+42 2.3983e+42
-2.5 0.1 10000.0 -1.7 3.8524e+42 1.9849e+42 5.6924e+42 1.7134e+43 6.1188e+41 2.4396e+41 5.7365e+42 7.1992e+41 2.5432e+41 4.3232e+41 1.3103e+39 1.2265e+41 6.8268e+40 2.0268e+42 7.5212e+40 1.8513e+41 3.9557e+41 3.4084e+41 1.292e+42 1.0903e+42
-2.5 0.1 10000.0 -2.0 2.9571e+42 1.41e+42 2.8861e+42 8.6872e+42 3.1139e+41 1.8741e+41 4.0757e+42 5.5304e+41 1.7351e+41 3.1439e+41 1.8561e+38 2.9541e+40 1.9555e+40 9.9226e+41 2.5657e+40 6.3185e+40 1.8e+41 1.5681e+41 5.3474e+41 4.5397e+41
-2.5 0.3 100.0 -1.2 6.0399e+42 2.2745e+42 8.7187e+42 2.6243e+43 1.5523e+42 2.1068e+41 6.7212e+42 6.2171e+41 9.6097e+41 6.9686e+41 3.3351e+41 2.8538e+42 1.6535e+42 5.0178e+42 3.8766e+41 9.5258e+41 3.267e+41 1.9351e+41 4.1248e+42 2.7019e+42
-2.5 0.3 100.0 -1.4 4.7483e+42 1.916e+42 7.4397e+42 2.2393e+43 8.1088e+41 1.4945e+41 5.5945e+42 4.4102e+41 6.5828e+41 4.842e+41 2.1896e+41 1.9133e+42 1.096e+42 3.7154e+42 2.6305e+41 6.4608e+41 2.5793e+41 1.5289e+41 2.9167e+42 1.9106e+42
-2.5 0.3 100.0 -1.7 3.0858e+42 1.4107e+42 4.929e+42 1.4836e+43 2.739e+41 9.0824e+40 4.0944e+42 2.6802e+41 3.7165e+41 2.7881e+41 1.0538e+41 8.9087e+41 5.0587e+41 2.0507e+42 1.1894e+41 2.9192e+41 1.4741e+41 8.7574e+40 1.4335e+42 9.391e+41
-2.5 0.3 100.0 -2.0 1.9486e+42 1.0125e+42 2.9448e+42 8.8639e+42 9.6016e+40 5.7144e+40 2.9443e+42 1.6863e+41 2.1607e+41 1.6449e+41 5.1186e+40 3.858e+41 2.2035e+41 1.0318e+42 4.8515e+40 1.1897e+41 7.6084e+40 4.5451e+40 6.424e+41 4.2089e+41
-2.5 0.3 1000.0 -1.2 5.8381e+42 2.5005e+42 9.888e+42 2.9763e+43 1.7309e+42 2.4915e+41 7.3521e+42 7.3525e+41 9.3415e+41 8.2733e+41 2.4926e+41 3.2381e+42 1.8169e+42 5.1839e+42 4.3449e+41 1.0676e+42 3.744e+41 2.2987e+41 4.6238e+42 3.098e+42
-2.5 0.3 1000.0 -1.4 4.6676e+42 2.1363e+42 8.5248e+42 2.566e+43 9.2019e+41 1.7969e+41 6.2101e+42 5.3025e+41 6.1241e+41 5.7654e+41 1.3583e+41 2.19e+42 1.2022e+42 3.8325e+42 2.9775e+41 7.3128e+41 3.0473e+41 1.874e+41 3.331e+42 2.2334e+42
-2.5 0.3 1000.0 -1.7 3.1705e+42 1.6069e+42 5.8089e+42 1.7485e+43 3.278e+41 1.1179e+41 4.6437e+42 3.2989e+41 3.3012e+41 3.4124e+41 4.5323e+40 9.6383e+41 5.2395e+41 2.1096e+42 1.3835e+41 3.3961e+41 1.9084e+41 1.1775e+41 1.7152e+42 1.1513e+42
-2.5 0.3 1000.0 -2.0 2.1461e+42 1.1766e+42 3.5813e+42 1.078e+43 1.2527e+41 7.3949e+40 3.4047e+42 2.1822e+41 1.9281e+41 2.1479e+41 1.7823e+40 3.2293e+41 1.7956e+41 1.0567e+42 5.6957e+40 1.3979e+41 1.117e+41 6.9257e+40 7.9655e+41 5.3523e+41
-2.5 0.3 10000.0 -1.2 5.5749e+42 3.0075e+42 1.0636e+43 3.2014e+43 2.8538e+42 4.9182e+41 8.8678e+42 1.4514e+42 9.6181e+41 1.2817e+42 1.2749e+40 1.0361e+42 5.5885e+41 5.0289e+42 3.343e+41 8.227e+41 5.3234e+41 4.4614e+41 3.8315e+42 3.1753e+42
-2.5 0.3 10000.0 -1.4 4.7347e+42 2.5824e+42 8.7981e+42 2.6482e+43 1.6802e+42 3.8295e+41 7.5317e+42 1.1301e+42 6.3455e+41 8.9334e+41 6.5228e+39 5.3016e+41 2.8653e+41 3.7118e+42 2.2047e+41 5.4264e+41 4.2365e+41 3.5765e+41 2.6675e+42 2.2222e+42
-2.5 0.3 10000.0 -1.7 3.6936e+42 1.9302e+42 5.3812e+42 1.6197e+43 7.4963e+41 2.7202e+41 5.5897e+42 8.0275e+41 3.6318e+41 5.5976e+41 1.4124e+39 1.3149e+41 7.3495e+40 2.0197e+42 9.1079e+40 2.2424e+41 2.3651e+41 2.0209e+41 1.2544e+42 1.0531e+42
-2.5 0.3 10000.0 -2.0 2.9055e+42 1.3808e+42 2.7878e+42 8.3912e+42 3.6739e+41 2.0808e+41 3.9931e+42 6.1404e+41 2.3271e+41 3.8808e+41 1.9661e+38 3.192e+40 2.0528e+40 9.9015e+41 3.2418e+40 7.9844e+40 1.1322e+41 9.7754e+40 5.389e+41 4.5512e+41
-2.5 0.5 100.0 -1.2 4.7373e+42 2.0079e+42 6.2089e+42 1.8689e+43 1.6268e+42 2.2017e+41 6.0238e+42 6.4972e+41 1.2909e+42 9.236e+41 4.182e+41 2.4526e+42 1.6294e+42 4.723e+42 3.6016e+41 8.8595e+41 9.7381e+40 5.7659e+40 3.2893e+42 2.1545e+42
-2.5 0.5 100.0 -1.4 3.7638e+42 1.6508e+42 5.5426e+42 1.6683e+43 8.8291e+41 1.5401e+41 4.8667e+42 4.5449e+41 8.4191e+41 6.1007e+41 2.8723e+41 1.733e+42 1.1727e+42 3.5156e+42 2.7415e+41 6.7417e+41 8.5333e+40 5.0547e+40 2.5456e+42 1.6674e+42
-2.5 0.5 100.0 -1.7 2.4893e+42 1.1892e+42 3.9201e+42 1.18e+43 3.1953e+41 9.2142e+40 3.4595e+42 2.7191e+41 4.5084e+41 3.3303e+41 1.4256e+41 8.5054e+41 5.8941e+41 1.9577e+42 1.426e+41 3.5051e+41 5.4957e+40 3.2596e+40 1.3975e+42 9.1546e+41
-2.5 0.5 100.0 -2.0 1.5992e+42 8.4587e+41 2.4581e+42 7.3989e+42 1.14e+41 5.7595e+40 2.4535e+42 1.6996e+41 2.5056e+41 1.8815e+41 6.7234e+40 3.792e+41 2.6662e+41 9.9343e+41 6.3433e+40 1.5583e+41 3.0416e+40 1.8094e+40 6.7044e+41 4.3921e+41
-2.5 0.5 1000.0 -1.2 4.6744e+42 2.2846e+42 7.4533e+42 2.2434e+43 1.7989e+42 2.5782e+41 6.7974e+42 7.6082e+41 1.3285e+42 1.1083e+42 3.3042e+41 2.7801e+42 1.832e+42 5.0058e+42 4.2142e+41 1.0365e+42 1.1645e+41 7.1385e+40 3.8215e+42 2.5585e+42
-2.5 0.5 1000.0 -1.4 3.7847e+42 1.9247e+42 6.6872e+42 2.0129e+43 9.9027e+41 1.8625e+41 5.636e+42 5.4963e+41 8.4382e+41 7.4197e+41 1.8902e+41 1.9508e+42 1.2894e+42 3.7195e+42 3.169e+41 7.7922e+41 1.0301e+41 6.3218e+40 2.9621e+42 1.9841e+42
-2.5 0.5 1000.0 -1.7 2.6269e+42 1.4395e+42 4.8119e+42 1.4484e+43 3.7472e+41 1.1683e+41 4.167e+42 3.4478e+41 4.3785e+41 4.1982e+41 6.2353e+40 9.2224e+41 5.9837e+41 2.0634e+42 1.6392e+41 4.0289e+41 7.0565e+40 4.3417e+40 1.6577e+42 1.1115e+42
-2.5 0.5 1000.0 -2.0 1.8197e+42 1.0607e+42 3.0895e+42 9.2993e+42 1.4593e+41 7.7908e+40 3.0642e+42 2.2991e+41 2.4513e+41 2.5453e+41 2.1238e+40 3.5077e+41 2.1757e+41 1.04e+42 7.2595e+40 1.784e+41 4.3702e+40 2.6984e+40 8.1245e+41 5.4532e+41
-2.5 0.5 10000.0 -1.2 4.5698e+42 2.9129e+42 8.7075e+42 2.621e+43 2.7758e+42 5.0897e+41 8.6566e+42 1.502e+42 1.4133e+42 1.7177e+42 1.576e+40 9.8639e+41 5.2759e+41 4.9934e+42 3.3695e+41 8.296e+41 1.723e+41 1.4329e+41 3.2287e+42 2.6621e+42
-2.5 0.5 10000.0 -1.4 3.9386e+42 2.5061e+42 7.3721e+42 2.219e+43 1.6695e+42 4.0432e+41 7.3532e+42 1.1932e+42 9.2013e+41 1.1774e+42 7.7502e+39 5.3629e+41 2.8574e+41 3.6885e+42 2.3508e+41 5.7882e+41 1.436e+41 1.2018e+41 2.3487e+42 1.9456e+42
-2.5 0.5 10000.0 -1.7 3.1451e+42 1.8757e+42 4.6512e+42 1.4e+43 7.6568e+41 2.936e+41 5.4475e+42 8.6643e+41 5.1376e+41 7.1631e+41 1.5908e+39 1.4178e+41 7.7998e+40 2.0097e+42 1.0391e+41 2.5589e+41 8.4812e+40 7.1786e+40 1.1617e+42 9.6955e+41
-2.5 0.5 10000.0 -2.0 2.5329e+42 1.3493e+42 2.4635e+42 7.415e+42 3.754e+41 2.2684e+41 3.9057e+42 6.694e+41 3.1749e+41 4.8066e+41 2.148e+38 3.4407e+40 2.1413e+40 9.8688e+41 3.8562e+40 9.4995e+40 4.2323e+40 3.6195e+40 5.1403e+41 4.3171e+41
-2.0 0.1 100.0 -1.2 3.2771e+42 2.2602e+42 1.0853e+43 3.2667e+43 1.0257e+42 1.206e+41 6.5745e+42 3.5589e+41 5.017e+41 3.6285e+41 5.8971e+41 5.6442e+42 2.8671e+42 5.388e+42 5.1515e+41 1.2575e+42 4.9612e+41 2.9419e+41 4.4765e+42 2.9321e+42
-2.0 0.1 100.0 -1.4 2.4139e+42 1.9289e+42 9.0458e+42 2.7228e+43 4.3981e+41 7.1984e+40 5.562e+42 2.1242e+41 3.0615e+41 2.2523e+41 3.6074e+41 3.6744e+42 1.8413e+42 3.9314e+42 3.1501e+41 7.6744e+41 3.6678e+41 2.1792e+41 2.9278e+42 1.9179e+42
-2.0 0.1 100.0 -1.7 1.5206e+42 1.4584e+42 5.8491e+42 1.7606e+43 9.6885e+40 3.7794e+40 4.2023e+42 1.1153e+41 1.5067e+41 1.1406e+41 1.5529e+41 1.6373e+42 8.2024e+41 2.1377e+42 1.2856e+41 3.1221e+41 2.0377e+41 1.2184e+41 1.3518e+42 8.8566e+41
-2.0 0.1 100.0 -2.0 9.6508e+41 1.072e+42 3.4657e+42 1.0432e+43 3.4492e+40 2.3533e+40 3.1041e+42 6.9447e+40 8.7999e+40 6.7669e+40 6.5177e+40 6.7401e+41 3.4463e+41 1.064e+42 5.0086e+40 1.2127e+41 1.0749e+41 6.5245e+40 6.0322e+41 3.9528e+41
-2.0 0.1 1000.0 -1.2 3.6597e+42 2.6301e+42 1.3135e+43 3.9536e+43 1.3062e+42 1.7886e+41 7.6265e+42 5.2781e+41 5.466e+41 4.8408e+41 3.5479e+41 6.6891e+42 3.3993e+42 5.5707e+42 5.7955e+41 1.4157e+42 6.1637e+41 3.7894e+41 5.58e+42 3.7382e+42
-2.0 0.1 1000.0 -1.4 2.8226e+42 2.2819e+42 1.1038e+43 3.3225e+43 6.065e+41 1.1177e+41 6.5652e+42 3.2983e+41 3.267e+41 3.096e+41 1.6397e+41 4.1563e+42 2.1094e+42 4.0529e+42 3.571e+41 8.7134e+41 4.8301e+41 2.9774e+41 3.8189e+42 2.5609e+42
-2.0 0.1 1000.0 -1.7 1.9732e+42 1.7509e+42 7.2718e+42 2.1888e+43 1.697e+41 6.1348e+40 5.0315e+42 1.8104e+41 1.6174e+41 1.7333e+41 4.4799e+40 1.5021e+42 7.7718e+41 2.1863e+42 1.4598e+41 3.5603e+41 3.0733e+41 1.9048e+41 1.8975e+42 1.2742e+42
-2.0 0.1 1000.0 -2.0 1.444e+42 1.2883e+42 4.3284e+42 1.3028e+43 6.2872e+40 4.2113e+40 3.7158e+42 1.2427e+41 1.0038e+41 1.1732e+41 1.7916e+40 4.0016e+41 2.1543e+41 1.0794e+42 5.4183e+40 1.3228e+41 1.8628e+41 1.1638e+41 8.5732e+41 5.7647e+41
-2.0 0.1 10000.0 -1.2 5.7598e+42 3.1759e+42 1.239e+43 3.7295e+43 2.8483e+42 4.8778e+41 9.3038e+42 1.4394e+42 7.1558e+41 1.0133e+42 1.1858e+40 1.2426e+42 6.3768e+41 5.1159e+42 3.3061e+41 8.1319e+41 1.0103e+42 8.5164e+41 4.5304e+42 3.7687e+42
-2.0 0.1 10000.0 -1.4 4.7928e+42 2.7113e+42 9.9944e+42 3.0083e+43 1.5532e+42 3.5308e+41 7.865e+42 1.0419e+42 4.4963e+41 6.7799e+41 6.3205e+39 5.8233e+41 3.024e+41 3.755e+42 2.0571e+41 5.0604e+41 7.7309e+41 6.5717e+41 3.0109e+42 2.5196e+42
-2.0 0.1 10000.0 -1.7 3.7181e+42 2.0018e+42 5.8825e+42 1.7706e+43 6.3099e+41 2.3923e+41 5.7741e+42 7.0596e+41 2.533e+41 4.2366e+41 1.4019e+39 1.2804e+41 7.1167e+40 2.0274e+42 7.8861e+40 1.9409e+41 4.0757e+41 3.5101e+41 1.3348e+42 1.1261e+42
-2.0 0.1 10000.0 -2.0 2.9073e+42 1.4131e+42 2.9457e+42 8.8665e+42 3.0768e+41 1.8389e+41 4.0814e+42 5.4265e+41 1.6996e+41 3.0644e+41 1.9275e+38 3.0223e+40 2.0037e+40 9.8765e+41 2.6449e+40 6.5132e+40 1.8364e+41 1.5993e+41 5.4597e+41 4.6342e+41
-2.0 0.3 100.0 -1.2 2.8424e+42 1.6575e+42 6.5287e+42 1.9651e+43 1.4032e+42 1.4033e+41 4.9429e+42 4.141e+41 6.9878e+41 4.9672e+41 6.9183e+41 2.6572e+42 1.7348e+42 4.6726e+42 4.5864e+41 1.1244e+42 2.05e+41 1.2143e+41 3.521e+42 2.3061e+42
-2.0 0.3 100.0 -1.4 2.0245e+42 1.3264e+42 5.9093e+42 1.7787e+43 6.9251e+41 8.0456e+40 3.8728e+42 2.3743e+41 4.1222e+41 2.9629e+41 4.5656e+41 1.8693e+42 1.1712e+42 3.4748e+42 3.3344e+41 8.1642e+41 1.7565e+41 1.0414e+41 2.6015e+42 1.7039e+42
-2.0 0.3 100.0 -1.7 1.2344e+42 9.6214e+41 4.2507e+42 1.2795e+43 1.9891e+41 3.8032e+40 2.7719e+42 1.1223e+41 1.8791e+41 1.3825e+41 2.1078e+41 9.3017e+41 5.5678e+41 1.9456e+42 1.5822e+41 3.8655e+41 1.095e+41 6.5127e+40 1.3309e+42 8.7179e+41
-2.0 0.3 100.0 -2.0 7.8393e+41 7.1493e+41 2.7118e+42 8.1626e+42 5.0981e+40 2.1684e+40 2.0612e+42 6.399e+40 9.334e+40 7.043e+40 8.9537e+40 4.3256e+41 2.5243e+41 9.9568e+41 6.5603e+40 1.599e+41 6.1324e+40 3.676e+40 6.192e+41 4.0567e+41
-2.0 0.3 1000.0 -1.2 3.3359e+42 2.2002e+42 9.9708e+42 3.0012e+43 1.6835e+42 1.913e+41 6.4634e+42 5.6451e+41 8.2687e+41 6.8577e+41 4.8069e+41 3.5894e+42 2.126e+42 5.2823e+42 5.9907e+41 1.4678e+42 3.0295e+41 1.8584e+41 4.8924e+42 3.2743e+42
-2.0 0.3 1000.0 -1.4 2.5598e+42 1.875e+42 8.8646e+42 2.6682e+43 8.6145e+41 1.2252e+41 5.4279e+42 3.6156e+41 4.9414e+41 4.2974e+41 2.3741e+41 2.5364e+42 1.4063e+42 3.8873e+42 4.055e+41 9.9262e+41 2.5787e+41 1.5852e+41 3.5777e+42 2.3966e+42
-2.0 0.3 1000.0 -1.7 1.7967e+42 1.4535e+42 6.2457e+42 1.88e+43 2.8257e+41 6.8469e+40 4.1813e+42 2.0205e+41 2.3435e+41 2.2592e+41 6.2005e+40 1.1483e+42 6.2371e+41 2.1302e+42 1.7987e+41 4.4001e+41 1.7678e+41 1.0913e+41 1.8789e+42 1.2604e+42
-2.0 0.3 1000.0 -2.0 1.3395e+42 1.1051e+42 3.8996e+42 1.1738e+43 9.5377e+40 4.548e+40 3.1862e+42 1.3421e+41 1.2885e+41 1.3876e+41 2.0402e+40 3.7926e+41 2.1085e+41 1.0623e+42 7.0082e+40 1.7151e+41 1.1321e+41 7.0307e+40 8.7725e+41 5.8927e+41
-2.0 0.3 10000.0 -1.2 5.3664e+42 3.0516e+42 1.1191e+43 3.3684e+43 3.3452e+42 5.3065e+41 9.0075e+42 1.5659e+42 1.1453e+42 1.473e+42 1.4041e+40 1.1251e+42 6.1205e+41 5.0843e+42 3.6365e+41 8.9479e+41 5.5265e+41 4.6255e+41 4.0721e+42 3.3708e+42
-2.0 0.3 10000.0 -1.4 4.5107e+42 2.6035e+42 9.1961e+42 2.768e+43 1.9001e+42 3.9556e+41 7.5959e+42 1.1673e+42 7.1615e+41 9.6939e+41 7.1134e+39 5.6764e+41 3.0825e+41 3.7355e+42 2.3614e+41 5.8111e+41 4.3869e+41 3.7001e+41 2.7999e+42 2.3308e+42
-2.0 0.3 10000.0 -1.7 3.5599e+42 1.9355e+42 5.552e+42 1.6712e+43 7.9235e+41 2.6949e+41 5.6017e+42 7.9526e+41 3.7596e+41 5.6445e+41 1.5081e+39 1.3711e+41 7.6622e+40 2.0205e+42 9.5178e+40 2.3431e+41 2.4262e+41 2.0722e+41 1.2923e+42 1.0845e+42
-2.0 0.3 10000.0 -2.0 2.8512e+42 1.3805e+42 2.8443e+42 8.5614e+42 3.6952e+41 2.0479e+41 3.9906e+42 6.0434e+41 2.3122e+41 3.8181e+41 2.0413e+38 3.2704e+40 2.1068e+40 9.8573e+41 3.3374e+40 8.2197e+40 1.1521e+41 9.9449e+40 5.4925e+41 4.6379e+41
-2.0 0.5 100.0 -1.2 2.1736e+42 1.3945e+42 3.6452e+42 1.0972e+43 1.3797e+42 1.5066e+41 4.2875e+42 4.446e+41 9.119e+41 6.424e+41 7.5781e+41 2.1283e+42 1.5793e+42 4.101e+42 3.1324e+41 7.6975e+41 4.3942e+40 2.6017e+40 2.2759e+42 1.4905e+42
-2.0 0.5 100.0 -1.4 1.5299e+42 1.0622e+42 3.4981e+42 1.0529e+43 7.2223e+41 8.558e+40 3.1775e+42 2.5255e+41 5.2821e+41 3.7488e+41 5.4714e+41 1.5812e+42 1.2073e+42 3.0947e+42 2.6939e+41 6.6156e+41 4.4202e+40 2.6182e+40 1.9121e+42 1.2523e+42
-2.0 0.5 100.0 -1.7 9.2336e+41 7.2065e+41 2.8255e+42 8.5048e+42 2.3402e+41 3.8476e+40 2.0934e+42 1.1354e+41 2.302e+41 1.6643e+41 2.7783e+41 8.2574e+41 6.4835e+41 1.7771e+42 1.6487e+41 4.0435e+41 3.4264e+40 2.0328e+40 1.1784e+42 7.7187e+41
-2.0 0.5 100.0 -2.0 5.904e+41 5.2515e+41 1.989e+42 5.987e+42 7.0233e+40 2.0993e+40 1.5111e+42 6.1951e+40 1.1131e+41 8.2277e+40 1.2228e+41 3.9267e+41 3.0544e+41 9.3211e+41 7.9094e+40 1.9369e+41 2.1421e+40 1.2759e+40 6.0731e+41 3.9782e+41
-2.0 0.5 1000.0 -1.2 2.6534e+42 1.9488e+42 6.8588e+42 2.0645e+43 1.6534e+42 1.9326e+41 5.8323e+42 5.703e+41 1.1178e+42 8.8902e+41 6.199e+41 3.0511e+42 2.2478e+42 5.0168e+42 5.3016e+41 1.3019e+42 8.4575e+40 5.1789e+40 3.833e+42 2.5631e+42
-2.0 0.5 1000.0 -1.4 2.0518e+42 1.6186e+42 6.4775e+42 1.9497e+43 8.8799e+41 1.2418e+41 4.7385e+42 3.6645e+41 6.6814e+41 5.5154e+41 3.3108e+41 2.1594e+42 1.5877e+42 3.7305e+42 4.0817e+41 1.0017e+42 8.1076e+40 4.9718e+40 3.0835e+42 2.0634e+42
-2.0 0.5 1000.0 -1.7 1.4674e+42 1.244e+42 4.9628e+42 1.4938e+43 3.2083e+41 7.0992e+40 3.5858e+42 2.095e+41 3.1696e+41 2.8482e+41 8.9049e+40 1.0356e+42 7.3152e+41 2.0726e+42 2.0796e+41 5.1006e+41 6.2637e+40 3.8532e+40 1.7888e+42 1.1986e+42
-2.0 0.5 1000.0 -2.0 1.1217e+42 9.6253e+41 3.2852e+42 9.8883e+42 1.1913e+41 4.8239e+40 2.7704e+42 1.4235e+41 1.725e+41 1.7104e+41 2.4858e+40 3.9956e+41 2.6149e+41 1.0436e+42 8.7887e+40 2.1558e+41 4.3066e+40 2.6607e+40 8.8507e+41 5.9385e+41
-2.0 0.5 10000.0 -1.2 4.3843e+42 2.9424e+42 9.1384e+42 2.7506e+43 3.1609e+42 5.3394e+41 8.7614e+42 1.5757e+42 1.6058e+42 1.9061e+42 1.7405e+40 1.0761e+42 5.7899e+41 5.0471e+42 3.6556e+41 8.9989e+41 1.7832e+41 1.4809e+41 3.4252e+42 2.8208e+42
-2.0 0.5 10000.0 -1.4 3.746e+42 2.5108e+42 7.6947e+42 2.3161e+43 1.8576e+42 4.1189e+41 7.3717e+42 1.2155e+42 1.0157e+42 1.2618e+42 8.4486e+39 5.766e+41 3.0807e+41 3.7122e+42 2.5144e+41 6.1901e+41 1.4837e+41 1.2405e+41 2.4635e+42 2.0391e+42
-2.0 0.5 10000.0 -1.7 3.0292e+42 1.8738e+42 4.7986e+42 1.4444e+43 8.1762e+41 2.9151e+41 5.4414e+42 8.6025e+41 5.4114e+41 7.3372e+41 1.696e+39 1.4829e+41 8.156e+40 2.0107e+42 1.086e+41 2.6742e+41 8.6944e+40 7.3554e+40 1.1973e+42 9.9894e+41
-2.0 0.5 10000.0 -2.0 2.4844e+42 1.3461e+42 2.5125e+42 7.5627e+42 3.8406e+41 2.2392e+41 3.8959e+42 6.608e+41 3.2231e+41 4.7973e+41 2.2284e+38 3.5275e+40 2.1974e+40 9.8239e+41 3.9638e+40 9.7641e+40 4.3004e+40 3.6768e+40 5.2347e+41 4.3956e+41
-1.5 0.1 100.0 -1.2 1.5264e+42 1.6557e+42 8.1874e+42 2.4644e+43 8.038e+41 7.8323e+40 4.8014e+42 2.3113e+41 3.5091e+41 2.5065e+41 8.2581e+41 4.9014e+42 2.4829e+42 5.1189e+42 5.8021e+41 1.4041e+42 3.2363e+41 1.9202e+41 2.9778e+42 1.9503e+42
-1.5 0.1 100.0 -1.4 1.0137e+42 1.4076e+42 7.3049e+42 2.1988e+43 3.4241e+41 3.9509e+40 4.0301e+42 1.1659e+41 1.9754e+41 1.4262e+41 5.1585e+41 3.4557e+42 1.7242e+42 3.7627e+42 3.6598e+41 8.8233e+41 2.3891e+41 1.4214e+41 2.0287e+42 1.3288e+42
-3.5 0.1 100.0 -1.2 1.6491e+43 2.7996e+42 5.2485e+42 1.5798e+43 1.6187e+42 4.9949e+41 8.3009e+42 1.474e+42 2.1895e+42 1.6448e+42 2.8479e+40 6.1153e+41 3.1517e+41 4.2658e+42 8.2852e+40 2.0409e+41 4.2714e+41 2.5309e+41 1.7482e+42 1.1454e+42
-3.5 0.1 100.0 -1.4 1.3757e+43 2.484e+42 4.3189e+42 1.3e+43 1.1246e+42 4.2479e+41 7.3218e+42 1.2536e+42 1.8563e+42 1.4016e+42 2.4065e+40 4.0567e+41 2.1227e+41 3.2497e+42 5.5484e+40 1.3667e+41 3.1731e+41 1.8809e+41 1.2335e+42 8.0817e+41
-3.5 0.1 100.0 -1.7 9.2108e+42 1.8841e+42 2.7451e+42 8.2629e+42 6.211e+41 2.9738e+41 5.5329e+42 8.7757e+41 1.2901e+42 9.7955e+41 1.8154e+40 1.8793e+41 1.0282e+41 1.8557e+42 2.5336e+40 6.2407e+40 1.6851e+41 1.0001e+41 6.1599e+41 4.0361e+41
-1.5 0.1 100.0 -1.7 6.1807e+41 1.1143e+42 5.1838e+42 1.5603e+43 6.2315e+40 1.5969e+40 3.187e+42 4.7124e+40 7.7477e+40 5.7685e+40 2.2364e+41 1.7024e+42 8.3926e+41 2.0762e+42 1.5306e+41 3.6611e+41 1.3992e+41 8.3965e+40 1.0293e+42 6.7435e+41
-3.5 0.1 100.0 -2.0 5.7218e+42 1.3482e+42 1.5722e+42 4.7324e+42 3.4268e+41 1.9468e+41 3.9594e+42 5.7449e+41 8.4231e+41 6.4186e+41 1.3168e+40 8.2266e+40 4.9064e+40 9.5673e+41 1.0288e+40 2.534e+40 7.9543e+40 4.7331e+40 2.7617e+41 1.8096e+41
-3.5 0.1 1000.0 -1.2 1.5334e+43 2.8326e+42 5.6036e+42 1.6867e+43 1.7697e+42 5.2108e+41 8.3596e+42 1.5377e+42 1.6885e+42 1.7895e+42 2.3294e+40 6.8145e+41 3.5029e+41 4.246e+42 9.8506e+40 2.4265e+41 4.9918e+41 3.077e+41 1.9991e+42 1.343e+42
-3.5 0.1 1000.0 -1.4 1.2938e+43 2.5078e+42 4.6763e+42 1.4076e+43 1.2256e+42 4.4576e+41 7.3516e+42 1.3154e+42 1.4015e+42 1.5262e+42 1.7757e+40 4.5129e+41 2.3502e+41 3.2323e+42 6.8366e+40 1.684e+41 3.8444e+41 2.3721e+41 1.4514e+42 9.7553e+41
-3.5 0.1 1000.0 -1.7 8.8524e+42 1.8984e+42 3.0472e+42 9.172e+42 6.7206e+41 3.1609e+41 5.5374e+42 9.3279e+41 9.5364e+41 1.0725e+42 1.0187e+40 1.9892e+41 1.0783e+41 1.8431e+42 3.3153e+40 8.1661e+40 2.1752e+41 1.3448e+41 7.6056e+41 5.1156e+41
-3.5 0.1 1000.0 -2.0 5.6413e+42 1.3575e+42 1.7949e+42 5.4027e+42 3.7077e+41 2.1044e+41 3.955e+42 6.2101e+41 6.1788e+41 7.1022e+41 4.369e+39 7.5378e+40 4.4753e+40 9.4852e+41 1.4316e+40 3.5263e+40 1.1036e+41 6.8426e+40 3.5789e+41 2.409e+41
-3.5 0.1 10000.0 -1.2 8.8032e+42 2.9034e+42 6.0272e+42 1.8142e+43 2.2428e+42 5.5735e+41 8.5314e+42 1.6447e+42 8.5747e+41 1.4004e+42 2.5618e+39 3.1544e+41 1.6394e+41 4.1316e+42 1.1504e+41 2.8341e+41 5.5738e+41 4.7526e+41 2.0529e+42 1.7193e+42
-3.5 0.1 10000.0 -1.4 7.5437e+42 2.5658e+42 5.0356e+42 1.5157e+43 1.5553e+42 4.8064e+41 7.4832e+42 1.4184e+42 6.7284e+41 1.1361e+42 1.4289e+39 1.7764e+41 9.4804e+40 3.133e+42 8.0076e+40 1.9727e+41 4.3818e+41 3.7563e+41 1.5005e+42 1.2612e+42
-3.5 0.1 10000.0 -1.7 5.3898e+42 1.9384e+42 3.1996e+42 9.6309e+42 8.5882e+41 3.515e+41 5.6174e+42 1.0373e+42 4.3479e+41 7.673e+41 3.7203e+38 5.598e+40 3.2947e+40 1.7635e+42 3.6945e+40 9.102e+40 2.4823e+41 2.1469e+41 7.7417e+41 6.5432e+41
-3.5 0.1 10000.0 -2.0 3.6583e+42 1.3849e+42 1.7443e+42 5.2503e+42 4.8297e+41 2.4698e+41 4.0033e+42 7.2882e+41 2.7851e+41 5.0816e+41 6.5003e+37 1.884e+40 1.294e+40 8.8582e+41 1.4408e+40 3.5499e+40 1.2196e+41 1.064e+41 3.5598e+41 3.0237e+41
-3.5 0.3 100.0 -1.2 1.6308e+43 2.7465e+42 4.9592e+42 1.4927e+43 2.0155e+42 5.5178e+41 8.1597e+42 1.6283e+42 2.7446e+42 2.0412e+42 3.4039e+40 5.9433e+41 3.092e+41 4.2238e+42 1.0072e+41 2.4814e+41 2.6421e+41 1.5651e+41 1.7212e+42 1.1276e+42
-1.5 0.1 100.0 -2.0 4.2005e+41 8.7691e+41 3.3073e+42 9.9551e+42 1.4017e+40 9.5807e+39 2.5244e+42 2.8273e+40 3.8755e+40 2.978e+40 8.5568e+40 7.8139e+41 3.9102e+41 1.0487e+42 6.1651e+40 1.4663e+41 8.2629e+40 5.0518e+40 5.2577e+41 3.4456e+41
-3.5 0.3 100.0 -1.4 1.3939e+43 2.433e+42 4.1643e+42 1.2534e+43 1.3726e+42 4.7321e+41 7.1809e+42 1.3964e+42 2.2828e+42 1.7088e+42 2.8103e+40 4.143e+41 2.1823e+41 3.2185e+42 7.1147e+40 1.7527e+41 2.0713e+41 1.2273e+41 1.2727e+42 8.338e+41
-3.5 0.3 100.0 -1.7 9.706e+42 1.8374e+42 2.7216e+42 8.1922e+42 7.2231e+41 3.371e+41 5.3935e+42 9.9479e+41 1.5546e+42 1.173e+42 2.0223e+40 2.0521e+41 1.1207e+41 1.8386e+42 3.4935e+40 8.606e+40 1.1872e+41 7.0403e+40 6.7966e+41 4.4529e+41
-3.5 0.3 100.0 -2.0 6.2667e+42 1.3115e+42 1.5971e+42 4.8073e+42 3.818e+41 2.2516e+41 3.8437e+42 6.6445e+41 1.0021e+42 7.607e+41 1.4144e+40 9.4449e+40 5.5319e+40 9.4851e+41 1.5138e+40 3.7289e+40 6.014e+40 3.572e+40 3.245e+41 2.1262e+41
-3.5 0.3 1000.0 -1.2 1.4851e+43 2.789e+42 5.2205e+42 1.5714e+43 2.1718e+42 5.6975e+41 8.2539e+42 1.6813e+42 2.2058e+42 2.2077e+42 2.8163e+40 6.4883e+41 3.3675e+41 4.2116e+42 1.1491e+41 2.8309e+41 2.955e+41 1.8193e+41 1.8989e+42 1.275e+42
-3.5 0.3 1000.0 -1.4 1.2781e+43 2.4662e+42 4.4301e+42 1.3335e+43 1.4759e+42 4.9047e+41 7.2459e+42 1.4474e+42 1.782e+42 1.8438e+42 2.0897e+40 4.5107e+41 2.3663e+41 3.2074e+42 8.3387e+40 2.0543e+41 2.3786e+41 1.4657e+41 1.4338e+42 9.6302e+41
-3.5 0.3 1000.0 -1.7 9.0194e+42 1.8591e+42 2.9513e+42 8.8833e+42 7.7348e+41 3.5225e+41 5.4264e+42 1.0395e+42 1.1733e+42 1.267e+42 1.1324e+40 2.129e+41 1.1546e+41 1.8301e+42 4.2878e+40 1.0563e+41 1.4288e+41 8.8175e+40 7.9281e+41 5.3284e+41
-3.5 0.3 1000.0 -2.0 5.9244e+42 1.3265e+42 1.7706e+42 5.3294e+42 4.0642e+41 2.3806e+41 3.8619e+42 7.0251e+41 7.3959e+41 8.2595e+41 4.6996e+39 8.4809e+40 4.9618e+40 9.426e+41 1.9457e+40 4.793e+40 7.6354e+40 4.7224e+40 3.9139e+41 2.6322e+41
-3.5 0.3 10000.0 -1.2 8.3672e+42 2.8837e+42 5.552e+42 1.6711e+43 2.6213e+42 6.0589e+41 8.513e+42 1.788e+42 1.2368e+42 1.8424e+42 2.9407e+39 3.029e+41 1.589e+41 4.1159e+42 1.2837e+41 3.1626e+41 3.1478e+41 2.6661e+41 1.8753e+42 1.5637e+42
-3.5 0.3 10000.0 -1.4 7.2775e+42 2.5419e+42 4.7072e+42 1.4169e+43 1.7921e+42 5.2511e+41 7.4416e+42 1.5496e+42 9.3911e+41 1.4543e+42 1.6018e+39 1.7842e+41 9.5678e+40 3.1224e+42 9.2893e+40 2.2886e+41 2.5694e+41 2.1863e+41 1.4176e+42 1.1859e+42
-3.5 0.3 10000.0 -1.7 5.3265e+42 1.9166e+42 3.0534e+42 9.1909e+42 9.5931e+41 3.8754e+41 5.5673e+42 1.1436e+42 5.7976e+41 9.4857e+41 4.0322e+38 5.9243e+40 3.4409e+40 1.7592e+42 4.5224e+40 1.1142e+41 1.5379e+41 1.3191e+41 7.6734e+41 6.452e+41
-1.5 0.1 1000.0 -1.2 2.6222e+42 2.4958e+42 1.3609e+43 4.0963e+43 1.3502e+42 1.7059e+41 7.2101e+42 5.034e+41 5.4382e+41 4.6408e+41 4.5807e+41 7.641e+42 3.772e+42 5.6405e+42 7.0135e+41 1.7051e+42 5.5908e+41 3.4368e+41 5.4881e+42 3.6745e+42
-3.5 0.3 10000.0 -2.0 3.7145e+42 1.3682e+42 1.6966e+42 5.1068e+42 5.2214e+41 2.7557e+41 3.9592e+42 8.132e+41 3.5641e+41 6.1129e+41 6.9031e+37 1.974e+40 1.3026e+40 8.8463e+41 1.8504e+40 4.5594e+40 8.0099e+40 6.9234e+40 3.6981e+41 3.1238e+41
-3.5 0.5 100.0 -1.2 1.3978e+43 2.6932e+42 4.2191e+42 1.27e+43 2.1184e+42 5.9262e+41 8.0387e+42 1.7488e+42 3.4184e+42 2.5165e+42 4.1018e+40 5.5001e+41 2.9043e+41 4.1759e+42 1.1114e+41 2.7384e+41 9.4185e+40 5.578e+40 1.5544e+42 1.0183e+42
-3.5 0.5 100.0 -1.4 1.2195e+43 2.3834e+42 3.624e+42 1.0908e+43 1.4246e+42 5.1199e+41 7.0583e+42 1.5109e+42 2.7755e+42 2.0592e+42 3.3382e+40 4.0359e+41 2.1563e+41 3.1819e+42 8.3562e+40 2.0588e+41 7.818e+40 4.6311e+40 1.2082e+42 7.9152e+41
-3.5 0.5 100.0 -1.7 8.7597e+42 1.7944e+42 2.446e+42 7.3626e+42 7.2955e+41 3.6982e+41 5.2751e+42 1.0914e+42 1.8464e+42 1.3833e+42 2.3021e+40 2.1465e+41 1.1828e+41 1.8176e+42 4.4814e+40 1.1041e+41 4.8561e+40 2.878e+40 6.9216e+41 4.5346e+41
-3.5 0.5 100.0 -2.0 5.832e+42 1.2761e+42 1.4762e+42 4.4434e+42 3.7073e+41 2.5099e+41 3.7384e+42 7.4066e+41 1.1715e+42 8.8465e+41 1.5421e+40 1.0434e+41 6.086e+40 9.3795e+41 2.0959e+40 5.1637e+40 2.6392e+40 1.5657e+40 3.5144e+41 2.3025e+41
-3.5 0.5 1000.0 -1.2 1.2564e+43 2.743e+42 4.3851e+42 1.3199e+43 2.2665e+42 6.0809e+41 8.1595e+42 1.7945e+42 2.8698e+42 2.7166e+42 3.4222e+40 5.8753e+41 3.0947e+41 4.1727e+42 1.2184e+41 3.0021e+41 1.0133e+41 6.2311e+40 1.6623e+42 1.1154e+42
-3.5 0.5 1000.0 -1.4 1.1005e+43 2.4246e+42 3.7939e+42 1.142e+43 1.5215e+42 5.2665e+41 7.1526e+42 1.5541e+42 2.2518e+42 2.2135e+42 2.5036e+40 4.2885e+41 2.2808e+41 3.1777e+42 9.3288e+40 2.2985e+41 8.5642e+40 5.2697e+40 1.3107e+42 8.7974e+41
-3.5 0.5 1000.0 -1.7 7.9793e+42 1.8216e+42 2.5978e+42 7.8193e+42 7.7715e+41 3.8267e+41 5.3284e+42 1.1293e+42 1.4357e+42 1.484e+42 1.2961e+40 2.1845e+41 1.1932e+41 1.8139e+42 5.172e+40 1.2743e+41 5.5057e+40 3.3919e+40 7.7003e+41 5.1712e+41
-3.5 0.5 1000.0 -2.0 5.3799e+42 1.2966e+42 1.5945e+42 4.7994e+42 3.941e+41 2.6207e+41 3.7766e+42 7.7336e+41 8.8285e+41 9.5197e+41 5.1842e+39 9.3389e+40 5.4059e+40 9.3467e+41 2.5021e+40 6.1647e+40 3.1133e+40 1.9211e+40 4.0033e+41 2.69e+41
-3.5 0.5 10000.0 -1.2 6.9563e+42 2.8566e+42 4.6023e+42 1.3853e+43 2.6309e+42 6.4223e+41 8.4821e+42 1.8952e+42 1.7669e+42 2.388e+42 3.495e+39 2.7832e+41 1.4556e+41 4.0976e+42 1.2951e+41 3.1911e+41 1.0246e+41 8.6194e+40 1.5739e+42 1.3068e+42
-1.5 0.1 1000.0 -1.4 1.9929e+42 2.1942e+42 1.1524e+43 3.4688e+43 6.4222e+41 1.0093e+41 6.2924e+42 2.9784e+41 3.1802e+41 2.8498e+41 1.9963e+41 4.754e+42 2.3691e+42 4.0846e+42 4.183e+41 1.0158e+42 4.4659e+41 2.7537e+41 3.8334e+42 2.5696e+42
-3.5 0.5 10000.0 -1.4 6.1279e+42 2.5197e+42 3.9655e+42 1.1936e+43 1.7769e+42 5.5925e+41 7.4146e+42 1.6503e+42 1.299e+42 1.833e+42 1.8713e+39 1.7259e+41 9.2041e+40 3.109e+42 9.8031e+40 2.4155e+41 8.6945e+40 7.3422e+40 1.2322e+42 1.0259e+42
-3.5 0.5 10000.0 -1.7 4.5852e+42 1.894e+42 2.6331e+42 7.9255e+42 9.3048e+41 4.1676e+41 5.5207e+42 1.2299e+42 7.6974e+41 1.1569e+42 4.5487e+38 6.1091e+40 3.4845e+40 1.7527e+42 5.0818e+40 1.2522e+41 5.4998e+40 4.6771e+40 7.0017e+41 5.8571e+41
-3.5 0.5 10000.0 -2.0 3.2669e+42 1.3515e+42 1.4906e+42 4.4869e+42 4.9353e+41 2.9933e+41 3.9192e+42 8.8331e+41 4.5623e+41 7.262e+41 7.5502e+37 2.0275e+40 1.2747e+40 8.8243e+41 2.1767e+40 5.364e+40 2.9992e+40 2.5691e+40 3.4987e+41 2.94e+41
-1.5 0.1 1000.0 -1.7 1.4795e+42 1.7187e+42 7.5864e+42 2.2835e+43 1.7089e+41 4.9979e+40 4.9292e+42 1.4749e+41 1.425e+41 1.4558e+41 4.8938e+40 1.6648e+42 8.5306e+41 2.1947e+42 1.6293e+41 3.9596e+41 2.9976e+41 1.8594e+41 1.9505e+42 1.3095e+42
-1.5 0.1 1000.0 -2.0 1.1887e+42 1.2817e+42 4.4838e+42 1.3496e+43 5.388e+40 3.4232e+40 3.6901e+42 1.0102e+41 8.4448e+40 9.7604e+40 1.8505e+40 4.2682e+41 2.2869e+41 1.0822e+42 5.8435e+40 1.4237e+41 1.8887e+41 1.1813e+41 8.86e+41 5.9571e+41
-1.5 0.1 10000.0 -1.2 5.7486e+42 3.2124e+42 1.2528e+43 3.7709e+43 3.0826e+42 5.1207e+41 9.4137e+42 1.5111e+42 7.9931e+41 1.1111e+42 1.2075e+40 1.2668e+42 6.5013e+41 5.1246e+42 3.3674e+41 8.2821e+41 1.0194e+42 8.5907e+41 4.5923e+42 3.819e+42
-1.5 0.1 10000.0 -1.4 4.7554e+42 2.7313e+42 1.0082e+43 3.0346e+43 1.6301e+42 3.5991e+41 7.9241e+42 1.0621e+42 4.767e+41 7.0756e+41 6.4155e+39 5.9058e+41 3.0665e+41 3.7561e+42 2.0863e+41 5.1321e+41 7.7918e+41 6.6221e+41 3.0412e+42 2.5445e+42
-1.5 0.1 10000.0 -1.7 3.6938e+42 2.0088e+42 5.9158e+42 1.7807e+43 6.3893e+41 2.3884e+41 5.7917e+42 7.0482e+41 2.5499e+41 4.242e+41 1.4154e+39 1.2933e+41 7.1835e+40 2.0238e+42 7.9591e+40 1.9588e+41 4.1001e+41 3.5306e+41 1.3431e+42 1.133e+42
-1.5 0.1 10000.0 -2.0 2.8999e+42 1.4131e+42 2.9528e+42 8.888e+42 3.0747e+41 1.8333e+41 4.0797e+42 5.4102e+41 1.6951e+41 3.0525e+41 1.9308e+38 3.0413e+40 2.0138e+40 9.8385e+41 2.6586e+40 6.5469e+40 1.8433e+41 1.6051e+41 5.4797e+41 4.6509e+41
-1.5 0.3 100.0 -1.2 1.5109e+42 1.1475e+42 3.2395e+42 9.7508e+42 1.0881e+42 1.0544e+41 3.5064e+42 3.1116e+41 4.6824e+41 3.3047e+41 8.3424e+41 1.8011e+42 1.2851e+42 3.933e+42 3.3528e+41 8.2076e+41 8.8093e+40 5.2177e+40 1.8878e+42 1.2363e+42
-1.5 0.3 100.0 -1.4 9.1915e+41 8.6175e+41 3.3155e+42 9.9795e+42 5.5921e+41 5.3981e+40 2.5455e+42 1.593e+41 2.7268e+41 1.9337e+41 5.9562e+41 1.4416e+42 9.5784e+41 3.0188e+42 2.8963e+41 7.0742e+41 8.8916e+40 5.2715e+40 1.5648e+42 1.0248e+42
-1.5 0.3 100.0 -1.7 4.9318e+41 6.1566e+41 2.9576e+42 8.9024e+42 1.6332e+41 1.9293e+40 1.7641e+42 5.6934e+40 1.1408e+41 8.2175e+40 2.9175e+41 8.7018e+41 5.3213e+41 1.7868e+42 1.6856e+41 4.0977e+41 6.5808e+40 3.9158e+40 9.4226e+41 6.1718e+41
-1.5 0.3 100.0 -2.0 3.2408e+41 4.9604e+41 2.2236e+42 6.6929e+42 3.7483e+40 9.2311e+39 1.4182e+42 2.7241e+40 4.9634e+40 3.6763e+40 1.19e+41 4.472e+41 2.6654e+41 9.5643e+41 7.4895e+40 1.8117e+41 4.1723e+40 2.5058e+40 5.0036e+41 3.278e+41
-1.5 0.3 1000.0 -1.2 2.4858e+42 2.0249e+42 9.6675e+42 2.9099e+43 1.6515e+42 1.737e+41 5.953e+42 5.1258e+41 7.7311e+41 6.2941e+41 6.1365e+41 3.6493e+42 2.1911e+42 5.3007e+42 6.9018e+41 1.687e+42 2.6261e+41 1.6102e+41 4.7324e+42 3.1652e+42
-1.5 0.3 1000.0 -1.4 1.8645e+42 1.7399e+42 8.8393e+42 2.6606e+43 8.7647e+41 1.0789e+41 5.0275e+42 3.184e+41 4.7269e+41 3.9717e+41 2.895e+41 2.6773e+42 1.4608e+42 3.8976e+42 4.6199e+41 1.128e+42 2.3154e+41 1.423e+41 3.5521e+42 2.3783e+42
-1.5 0.3 1000.0 -1.7 1.3693e+42 1.3875e+42 6.366e+42 1.9162e+43 2.9149e+41 5.7773e+40 3.9845e+42 1.7049e+41 2.2035e+41 2.0274e+41 6.8442e+40 1.2205e+42 6.5461e+41 2.1345e+42 1.9772e+41 4.8265e+41 1.6901e+41 1.0436e+41 1.9129e+42 1.2829e+42
-1.5 0.3 1000.0 -2.0 1.1085e+42 1.0795e+42 3.991e+42 1.2013e+43 9.2396e+40 3.8231e+40 3.1094e+42 1.1282e+41 1.1545e+41 1.2105e+41 2.1107e+40 3.9468e+41 2.192e+41 1.0645e+42 7.4743e+40 1.8268e+41 1.1318e+41 7.033e+40 8.9949e+41 6.0416e+41
-1.5 0.3 10000.0 -1.2 5.3666e+42 3.0743e+42 1.1296e+43 3.4002e+43 3.6254e+42 5.5272e+41 9.0784e+42 1.6311e+42 1.2784e+42 1.6196e+42 1.4279e+40 1.1416e+42 6.2219e+41 5.0915e+42 3.6962e+41 9.0944e+41 5.5657e+41 4.657e+41 4.1214e+42 3.4105e+42
-1.5 0.3 10000.0 -1.4 4.4799e+42 2.6159e+42 9.2716e+42 2.7908e+43 2.0184e+42 4.0462e+41 7.635e+42 1.194e+42 7.7774e+41 1.0342e+42 7.2171e+39 5.7501e+41 3.1247e+41 3.7364e+42 2.393e+41 5.8882e+41 4.4162e+41 3.724e+41 2.8261e+42 2.3521e+42
-1.5 0.3 10000.0 -1.7 3.5364e+42 1.938e+42 5.5822e+42 1.6802e+43 8.1028e+41 2.7001e+41 5.6093e+42 7.968e+41 3.8544e+41 5.7281e+41 1.5215e+39 1.3836e+41 7.7264e+40 2.0168e+42 9.6019e+40 2.3638e+41 2.4391e+41 2.0829e+41 1.2998e+42 1.0908e+42
-1.5 0.3 10000.0 -2.0 2.8429e+42 1.3801e+42 2.8495e+42 8.577e+42 3.7088e+41 2.0434e+41 3.9884e+42 6.0301e+41 2.316e+41 3.8134e+41 2.044e+38 3.2861e+40 2.1143e+40 9.8191e+41 3.3497e+40 8.2498e+40 1.1548e+41 9.9672e+40 5.5065e+41 4.6495e+41
-1.5 0.5 100.0 -1.2 1.2286e+42 9.8131e+41 1.4539e+42 4.3763e+42 9.8454e+41 1.1578e+41 3.1184e+42 3.4167e+41 5.4261e+41 3.8112e+41 7.6697e+41 1.31e+42 9.8606e+41 3.1861e+42 1.6299e+41 4.0041e+41 1.2654e+40 7.4918e+39 1.0185e+42 6.6699e+41
-1.5 0.5 100.0 -1.4 7.3961e+41 7.0815e+41 1.567e+42 4.7166e+42 5.4158e+41 6.1557e+40 2.1749e+42 1.8165e+41 3.2482e+41 2.2867e+41 6.2204e+41 1.0889e+42 8.5003e+41 2.511e+42 1.6481e+41 4.0446e+41 1.5611e+40 9.2463e+39 9.5329e+41 6.243e+41
-1.5 0.5 100.0 -1.7 3.7918e+41 4.5597e+41 1.6272e+42 4.8977e+42 1.8393e+41 2.1867e+40 1.3339e+42 6.4531e+40 1.4125e+41 1.0045e+41 3.6141e+41 6.8872e+41 5.5253e+41 1.5604e+42 1.3985e+41 3.4239e+41 1.7131e+40 1.0163e+40 7.4703e+41 4.8926e+41
-1.5 0.5 100.0 -2.0 2.4416e+41 3.4585e+41 1.4589e+42 4.3911e+42 5.3584e+40 9.618e+39 9.8887e+41 2.8383e+40 6.3236e+40 4.5916e+40 1.6183e+41 3.8948e+41 2.9727e+41 8.7563e+41 8.2621e+40 2.0167e+41 1.3446e+40 8.0136e+39 4.6833e+41 3.0676e+41
-1.5 0.5 1000.0 -1.2 2.0118e+42 1.7886e+42 6.3264e+42 1.9042e+43 1.531e+42 1.7442e+41 5.3804e+42 5.1472e+41 9.4178e+41 7.4488e+41 7.7556e+41 3.0268e+42 2.3062e+42 4.9948e+42 5.7445e+41 1.4091e+42 6.8989e+40 4.2224e+40 3.6154e+42 2.4162e+42
-1.5 0.5 1000.0 -1.4 1.518e+42 1.4853e+42 6.231e+42 1.8755e+43 8.5879e+41 1.0761e+41 4.3523e+42 3.1755e+41 6.0317e+41 4.8796e+41 4.0198e+41 2.1782e+42 1.6487e+42 3.7236e+42 4.4948e+41 1.1017e+42 7.0472e+40 4.3199e+40 3.0201e+42 2.0201e+42
-1.5 0.5 1000.0 -1.7 1.1294e+42 1.1704e+42 4.9694e+42 1.4958e+43 3.1914e+41 5.9327e+40 3.3681e+42 1.7507e+41 2.9269e+41 2.5456e+41 9.9157e+40 1.0566e+42 7.6328e+41 2.0744e+42 2.2559e+41 5.5263e+41 5.893e+40 3.6249e+40 1.8083e+42 1.2113e+42
-1.5 0.5 1000.0 -2.0 9.3221e+41 9.3046e+41 3.3327e+42 1.0031e+43 1.1714e+41 4.0929e+40 2.6749e+42 1.2078e+41 1.5809e+41 1.5265e+41 2.5847e+40 4.1092e+41 2.7273e+41 1.0452e+42 9.3021e+40 2.2799e+41 4.2646e+40 2.6353e+40 9.0322e+41 6.0595e+41
-1.5 0.5 10000.0 -1.2 4.3799e+42 2.9617e+42 9.2216e+42 2.7757e+43 3.3959e+42 5.4842e+41 8.8258e+42 1.6184e+42 1.7504e+42 2.0577e+42 1.7706e+40 1.0938e+42 5.8927e+41 5.0538e+42 3.7144e+41 9.1435e+41 1.7949e+41 1.4902e+41 3.4651e+42 2.8528e+42
-1.5 0.5 10000.0 -1.4 3.7202e+42 2.518e+42 7.756e+42 2.3346e+43 1.9675e+42 4.1823e+41 7.3956e+42 1.2342e+42 1.0942e+42 1.3399e+42 8.5674e+39 5.8455e+41 3.1243e+41 3.7127e+42 2.5475e+41 6.2715e+41 1.4932e+41 1.2482e+41 2.4863e+42 2.0576e+42
-1.5 0.5 10000.0 -1.7 3.0091e+42 1.8741e+42 4.8229e+42 1.4517e+43 8.4088e+41 2.9231e+41 5.4433e+42 8.626e+41 5.5897e+41 7.4969e+41 1.7095e+39 1.4937e+41 8.2106e+40 2.007e+42 1.0944e+41 2.695e+41 8.7314e+40 7.3859e+40 1.2035e+42 1.004e+42
-1.5 0.5 10000.0 -2.0 2.4779e+42 1.3446e+42 2.5186e+42 7.5811e+42 3.8765e+41 2.2369e+41 3.8915e+42 6.601e+41 3.2543e+41 4.818e+41 2.231e+38 3.5421e+40 2.2056e+40 9.7846e+41 3.9836e+40 9.8129e+40 4.3149e+40 3.6888e+40 5.2534e+41 4.411e+41
-3.0 0.1 100.0 -1.2 1.1894e+43 2.8019e+42 8.6073e+42 2.5908e+43 1.292e+42 3.3001e+41 8.2662e+42 9.7385e+41 1.2206e+42 9.1481e+41 8.5864e+40 2.022e+42 1.0373e+42 4.9793e+42 1.9226e+41 4.731e+41 6.2118e+41 3.6805e+41 3.2733e+42 2.1444e+42
-3.0 0.1 100.0 -1.4 9.6565e+42 2.447e+42 7.0673e+42 2.1273e+43 7.5534e+41 2.6786e+41 7.1742e+42 7.9045e+41 9.9206e+41 7.4983e+41 6.1283e+40 1.2948e+42 6.6831e+41 3.7222e+42 1.2366e+41 3.0425e+41 4.5362e+41 2.6895e+41 2.229e+42 1.4604e+42
-3.0 0.1 100.0 -1.7 6.3419e+42 1.8399e+42 4.4716e+42 1.346e+43 3.3867e+41 1.8162e+41 5.3807e+42 5.3597e+41 6.6619e+41 5.0812e+41 3.6903e+40 5.6253e+41 2.9589e+41 2.0729e+42 5.3219e+40 1.309e+41 2.3532e+41 1.3981e+41 1.0584e+42 6.9344e+41
-3.0 0.1 100.0 -2.0 3.939e+42 1.3156e+42 2.5636e+42 7.7163e+42 1.7821e+41 1.1828e+41 3.8534e+42 3.4904e+41 4.3395e+41 3.3239e+41 2.3804e+40 2.2397e+41 1.2284e+41 1.0469e+42 2.0735e+40 5.0989e+40 1.1031e+41 6.5865e+40 4.5817e+41 3.0023e+41
-3.0 0.1 1000.0 -1.2 1.0978e+43 2.852e+42 9.1287e+42 2.7477e+43 1.4385e+42 3.5269e+41 8.38e+42 1.0408e+42 9.675e+41 1.0006e+42 6.7241e+40 2.2164e+42 1.1352e+42 4.9663e+42 2.2081e+41 5.4335e+41 7.0498e+41 4.3398e+41 3.6531e+42 2.4524e+42
-3.0 0.1 1000.0 -1.4 9.0132e+42 2.4861e+42 7.6192e+42 2.2934e+43 8.457e+41 2.8641e+41 7.2521e+42 8.4519e+41 7.5803e+41 8.191e+41 4.2935e+40 1.411e+42 7.2622e+41 3.7099e+42 1.4733e+41 3.6248e+41 5.3631e+41 3.3062e+41 2.5657e+42 1.7234e+42
-3.0 0.1 1000.0 -1.7 6.0639e+42 1.8685e+42 4.9758e+42 1.4977e+43 3.7708e+41 1.96e+41 5.4292e+42 5.7841e+41 4.9208e+41 5.5956e+41 2.1719e+40 5.7157e+41 2.9916e+41 2.0632e+42 6.748e+40 1.6599e+41 3.0142e+41 1.8635e+41 1.2854e+42 8.6418e+41
-3.0 0.1 1000.0 -2.0 3.8921e+42 1.3379e+42 2.9585e+42 8.9052e+42 1.9462e+41 1.3062e+41 3.8884e+42 3.8546e+41 3.1776e+41 3.7195e+41 1.1012e+40 1.8579e+41 1.0216e+41 1.0402e+42 2.7881e+40 6.8573e+40 1.5612e+41 9.6953e+40 5.8556e+41 3.94e+41
-3.0 0.1 10000.0 -1.2 7.0625e+42 2.9982e+42 9.5975e+42 2.8888e+43 2.1137e+42 4.598e+41 8.7985e+42 1.3569e+42 6.2046e+41 9.6973e+41 7.1276e+39 7.6503e+41 3.9288e+41 4.7788e+42 2.2234e+41 5.4737e+41 8.2971e+41 7.0311e+41 3.3835e+42 2.8251e+42
-3.0 0.1 10000.0 -1.4 5.977e+42 2.6098e+42 7.9194e+42 2.3837e+43 1.3118e+42 3.782e+41 7.5961e+42 1.1161e+42 4.6053e+41 7.5363e+41 3.8751e+39 3.894e+41 2.0321e+41 3.5643e+42 1.468e+41 3.6142e+41 6.419e+41 5.4769e+41 2.3592e+42 1.9789e+42
-3.0 0.1 10000.0 -1.7 4.3925e+42 1.9579e+42 4.8809e+42 1.4691e+43 6.3986e+41 2.7517e+41 5.6663e+42 8.1204e+41 2.932e+41 5.108e+41 9.2669e+38 9.8694e+40 5.5565e+40 1.9633e+42 6.171e+40 1.5195e+41 3.4961e+41 3.0164e+41 1.1236e+42 9.4889e+41
-3.0 0.1 10000.0 -2.0 3.1821e+42 1.3963e+42 2.5562e+42 7.694e+42 3.4451e+41 2.0446e+41 4.0345e+42 6.0337e+41 1.9562e+41 3.577e+41 1.4265e+38 2.62e+40 1.7579e+40 9.6993e+41 2.2179e+40 5.463e+40 1.6365e+41 1.4265e+41 4.8351e+41 4.1061e+41
-3.0 0.3 100.0 -1.2 1.123e+43 2.6438e+42 7.759e+42 2.3355e+43 1.7019e+42 3.5729e+41 7.8269e+42 1.0544e+42 1.5631e+42 1.1553e+42 1.1054e+41 1.7505e+42 9.3179e+41 4.8591e+42 2.2577e+41 5.5575e+41 3.6411e+41 2.1567e+41 3.1132e+42 2.0394e+42
-3.0 0.3 100.0 -1.4 9.2829e+42 2.2936e+42 6.5292e+42 1.9653e+43 1.0062e+42 2.8935e+41 6.7353e+42 8.5386e+41 1.2256e+42 9.1502e+41 7.8892e+40 1.1874e+42 6.3401e+41 3.6381e+42 1.5465e+41 3.8062e+41 2.8201e+41 1.6712e+41 2.2317e+42 1.462e+42
-3.0 0.3 100.0 -1.7 6.2569e+42 1.7107e+42 4.2651e+42 1.2838e+43 4.3037e+41 1.9657e+41 4.9979e+42 5.8009e+41 7.9039e+41 5.9713e+41 4.5548e+40 5.5987e+41 3.0266e+41 2.0316e+42 7.1914e+40 1.7696e+41 1.5736e+41 9.3372e+40 1.1297e+42 7.4013e+41
-3.0 0.3 100.0 -2.0 3.9875e+42 1.2196e+42 2.5094e+42 7.5534e+42 1.9515e+41 1.2892e+41 3.5633e+42 3.8045e+41 4.936e+41 3.7607e+41 2.7521e+40 2.4081e+41 1.3413e+41 1.0286e+42 2.9845e+40 7.3425e+40 7.8306e+40 4.6605e+40 5.1589e+41 3.3801e+41
-3.0 0.3 1000.0 -1.2 1.0282e+43 2.7251e+42 8.2175e+42 2.4735e+43 1.8591e+42 3.822e+41 8.0382e+42 1.1279e+42 1.3235e+42 1.274e+42 8.8798e+40 1.9102e+42 1.011e+42 4.8793e+42 2.5201e+41 6.2033e+41 4.0199e+41 2.4714e+41 3.3964e+42 2.2785e+42
-3.0 0.3 1000.0 -1.4 8.5686e+42 2.3651e+42 7.0025e+42 2.1078e+43 1.1039e+42 3.1003e+41 6.9151e+42 9.149e+41 9.9356e+41 1.0042e+42 5.627e+40 1.2921e+42 6.8448e+41 3.6511e+42 1.7727e+41 4.363e+41 3.2105e+41 1.9761e+41 2.4906e+42 1.6717e+42
-3.0 0.3 1000.0 -1.7 5.8882e+42 1.7687e+42 4.6928e+42 1.4125e+43 4.7597e+41 2.1227e+41 5.139e+42 6.2641e+41 6.1187e+41 6.5833e+41 2.6007e+40 5.7518e+41 3.0807e+41 2.0366e+42 8.6426e+40 2.1268e+41 1.9083e+41 1.1773e+41 1.3132e+42 8.8208e+41
-3.0 0.3 1000.0 -2.0 3.8609e+42 1.2672e+42 2.8471e+42 8.5699e+42 2.1706e+41 1.4197e+41 3.6784e+42 4.1894e+41 3.7459e+41 4.2243e+41 1.2058e+40 2.036e+41 1.1336e+41 1.0297e+42 3.7437e+40 9.2113e+40 1.0299e+41 6.3749e+40 6.2181e+41 4.1802e+41
-3.0 0.3 10000.0 -1.2 6.6056e+42 2.9467e+42 8.7523e+42 2.6344e+43 2.5182e+42 5.0251e+41 8.6903e+42 1.4829e+42 9.3868e+41 1.3269e+42 8.3111e+39 7.1893e+41 3.803e+41 4.7546e+42 2.4636e+41 6.0664e+41 4.5966e+41 3.8682e+41 3.06e+42 2.543e+42
-3.0 0.3 10000.0 -1.4 5.6595e+42 2.558e+42 7.3436e+42 2.2104e+43 1.5679e+42 4.1507e+41 7.4713e+42 1.2249e+42 6.6807e+41 9.9297e+41 4.3642e+39 3.8731e+41 2.0682e+41 3.5485e+42 1.6951e+41 4.1741e+41 3.6887e+41 3.1234e+41 2.2065e+42 1.8415e+42
-3.0 0.3 10000.0 -1.7 4.2471e+42 1.919e+42 4.6298e+42 1.3936e+43 7.537e+41 3.0314e+41 5.5629e+42 8.9456e+41 4.0254e+41 6.4293e+41 1.0023e+39 1.056e+41 5.9378e+40 1.9572e+42 7.5027e+40 1.8478e+41 2.1108e+41 1.8061e+41 1.0968e+42 9.2148e+41
-3.0 0.3 10000.0 -2.0 3.1549e+42 1.3725e+42 2.4752e+42 7.4504e+42 3.8982e+41 2.2626e+41 3.9681e+42 6.6771e+41 2.5653e+41 4.3553e+41 1.5131e+38 2.8158e+40 1.8326e+40 9.6824e+41 2.8189e+40 6.9438e+40 1.0414e+41 8.9954e+40 4.914e+41 4.151e+41
-3.0 0.5 100.0 -1.2 9.2903e+42 2.5035e+42 6.293e+42 1.8942e+43 1.8229e+42 3.7702e+41 7.4632e+42 1.1126e+42 2.0127e+42 1.4688e+42 1.4151e+41 1.5681e+42 8.9304e+41 4.7371e+42 2.3876e+41 5.8793e+41 1.2392e+41 7.3378e+40 2.7299e+42 1.7882e+42
-3.0 0.5 100.0 -1.4 7.8291e+42 2.1572e+42 5.4579e+42 1.6428e+43 1.0902e+42 3.0567e+41 6.3623e+42 9.0202e+41 1.5202e+42 1.1215e+42 1.0206e+41 1.1206e+42 6.4338e+41 3.5516e+42 1.7696e+41 4.3573e+41 1.0314e+41 6.1096e+40 2.0838e+42 1.3651e+42
-3.0 0.5 100.0 -1.7 5.4262e+42 1.5957e+42 3.7189e+42 1.1194e+43 4.6811e+41 2.0898e+41 4.6661e+42 6.1671e+41 9.4532e+41 7.0694e+41 5.7555e+40 5.6733e+41 3.31e+41 1.9875e+42 9.1254e+40 2.2466e+41 6.3091e+40 3.7403e+40 1.1448e+42 7.4995e+41
-3.0 0.5 100.0 -2.0 3.5435e+42 1.1313e+42 2.262e+42 6.8087e+42 2.0417e+41 1.3829e+41 3.3e+42 4.0811e+41 5.7552e+41 4.3489e+41 3.2793e+40 2.5866e+41 1.5475e+41 1.0084e+42 4.0938e+40 1.0077e+41 3.3549e+40 1.9924e+40 5.5555e+41 3.6397e+41
-3.0 0.5 1000.0 -1.2 8.4776e+42 2.6089e+42 6.6727e+42 2.0085e+43 1.9749e+42 4.0288e+41 7.7492e+42 1.1889e+42 1.8095e+42 1.6327e+42 1.1588e+41 1.6857e+42 9.5579e+41 4.7893e+42 2.606e+41 6.4171e+41 1.3399e+41 8.2268e+40 2.9281e+42 1.9629e+42
-3.0 0.5 1000.0 -1.4 7.1846e+42 2.2553e+42 5.8359e+42 1.7566e+43 1.1847e+42 3.2768e+41 6.6259e+42 9.6699e+41 1.3059e+42 1.2389e+42 7.4217e+40 1.2004e+42 6.8259e+41 3.5891e+42 1.9609e+41 4.8283e+41 1.1371e+41 6.9878e+40 2.2661e+42 1.5197e+42
-3.0 0.5 1000.0 -1.7 5.0645e+42 1.6765e+42 4.0554e+42 1.2207e+43 5.1364e+41 2.2611e+41 4.8789e+42 6.6725e+41 7.7111e+41 7.8293e+41 3.2493e+40 5.817e+41 3.3121e+41 2.0073e+42 1.0438e+41 2.5697e+41 7.2932e+40 4.4896e+40 1.2809e+42 8.5961e+41
-3.0 0.5 1000.0 -2.0 3.3974e+42 1.1999e+42 2.5304e+42 7.6165e+42 2.2765e+41 1.5257e+41 3.4807e+42 4.5023e+41 4.5695e+41 4.9029e+41 1.3727e+40 2.2718e+41 1.304e+41 1.0174e+42 4.8331e+40 1.1898e+41 4.148e+40 2.5598e+40 6.3836e+41 4.2872e+41
-3.0 0.5 10000.0 -1.2 5.4462e+42 2.8865e+42 7.2121e+42 2.1708e+43 2.5306e+42 5.3079e+41 8.5677e+42 1.5664e+42 1.3913e+42 1.7795e+42 1.0102e+40 6.7486e+41 3.5478e+41 4.7258e+42 2.4908e+41 6.1349e+41 1.4933e+41 1.2474e+41 2.5796e+42 2.1335e+42
-3.0 0.5 10000.0 -1.4 4.7294e+42 2.5078e+42 6.1737e+42 1.8583e+43 1.5807e+42 4.4174e+41 7.3628e+42 1.3036e+42 9.5827e+41 1.2904e+42 5.1567e+39 3.8491e+41 2.0354e+41 3.5287e+42 1.8045e+41 4.4447e+41 1.2509e+41 1.0504e+41 1.9364e+42 1.6075e+42
-3.0 0.5 10000.0 -1.7 3.6298e+42 1.8793e+42 4.0026e+42 1.2048e+43 7.5795e+41 3.2616e+41 5.463e+42 9.625e+41 5.5253e+41 8.0342e+41 1.1315e+39 1.1242e+41 6.2297e+40 1.9481e+42 8.539e+40 2.1034e+41 7.5705e+40 6.4183e+40 1.012e+42 8.4542e+41
-3.0 0.5 10000.0 -2.0 2.7573e+42 1.347e+42 2.1843e+42 6.5748e+42 3.8577e+41 2.4565e+41 3.8995e+42 7.2492e+41 3.3978e+41 5.2887e+41 1.6544e+38 3.0071e+40 1.8878e+40 9.6508e+41 3.3478e+40 8.2479e+40 3.8951e+40 3.3331e+40 4.6775e+41 3.9296e+41
-4.5 0.1 100.0 -1.2 1.3429e+43 2.5034e+42 5.8893e+41 1.7727e+42 2.721e+42 5.4782e+41 7.4403e+42 1.6166e+42 4.4811e+42 3.3086e+42 1.7168e+39 3.3673e+40 1.9206e+40 1.7165e+42 6.3912e+39 1.5752e+40 5.8725e+40 3.4795e+40 2.2991e+41 1.5061e+41
-4.5 0.1 100.0 -1.4 1.1434e+43 2.3149e+42 4.9396e+41 1.4868e+42 2.1558e+42 4.7886e+41 6.8633e+42 1.4131e+42 3.8644e+42 2.862e+42 1.5911e+39 2.6649e+40 1.6062e+40 1.3221e+42 4.5318e+39 1.1169e+40 4.479e+40 2.6545e+40 1.6762e+41 1.0981e+41
-4.5 0.1 100.0 -1.7 7.7596e+42 1.8218e+42 3.2099e+41 9.6617e+41 1.325e+42 3.4052e+41 5.3961e+42 1.0049e+42 2.6886e+42 2e+42 1.2635e+39 1.7984e+40 1.1889e+40 7.6464e+41 2.2533e+39 5.5536e+39 2.4949e+40 1.4795e+40 8.812e+40 5.7733e+40
-4.5 0.1 100.0 -2.0 4.7911e+42 1.33e+42 1.8617e+41 5.6037e+41 7.444e+41 2.2169e+41 3.9437e+42 6.542e+41 1.7131e+42 1.2798e+42 8.5929e+38 1.282e+40 9.1267e+39 3.9765e+41 9.8765e+38 2.4342e+39 1.2335e+40 7.3234e+39 4.1381e+40 2.7113e+40
-4.5 0.1 1000.0 -1.2 1.3184e+43 2.5269e+42 6.3103e+41 1.8994e+42 3.0373e+42 5.806e+41 7.4687e+42 1.7133e+42 3.7277e+42 3.7583e+42 1.2973e+39 3.6491e+40 2.0594e+40 1.7117e+42 7.6816e+39 1.8933e+40 7.2648e+40 4.4804e+40 2.7609e+41 1.8542e+41
-4.5 0.1 1000.0 -1.4 1.1397e+43 2.3311e+42 5.3515e+41 1.6108e+42 2.4267e+42 5.1241e+41 6.8665e+42 1.5121e+42 3.195e+42 3.2729e+42 1.0062e+39 2.8444e+40 1.6879e+40 1.318e+42 5.6218e+39 1.3856e+40 5.7389e+40 3.5421e+40 2.0728e+41 1.3927e+41
-4.5 0.1 1000.0 -1.7 7.9333e+42 1.8308e+42 3.5394e+41 1.0654e+42 1.5158e+42 3.7037e+41 5.3805e+42 1.093e+42 2.209e+42 2.3165e+42 5.073e+38 1.7987e+40 1.1603e+40 7.6188e+41 2.94e+39 7.2462e+39 3.3865e+40 2.093e+40 1.1431e+41 7.6854e+40
-4.5 0.1 1000.0 -2.0 5.0415e+42 1.3345e+42 2.0897e+41 6.29e+41 8.7075e+41 2.4568e+41 3.9212e+42 7.2499e+41 1.4046e+42 1.5067e+42 1.8284e+38 1.1375e+40 7.7309e+39 3.9578e+41 1.3552e+39 3.34e+39 1.7799e+40 1.102e+40 5.6424e+40 3.7963e+40
-4.5 0.1 10000.0 -1.2 8.0711e+42 2.5632e+42 6.8185e+41 2.0524e+42 3.6826e+42 5.948e+41 7.5209e+42 1.7552e+42 1.9514e+42 3.1223e+42 9.7027e+37 2.0603e+40 1.1224e+40 1.6883e+42 9.6085e+39 2.3682e+40 8.8449e+40 7.5566e+40 3.2649e+41 2.7213e+41
-4.5 0.1 10000.0 -1.4 7.0635e+42 2.3592e+42 5.8122e+41 1.7495e+42 2.963e+42 5.303e+41 6.8917e+42 1.5649e+42 1.6331e+42 2.6563e+42 5.5152e+37 1.4623e+40 8.1057e+39 1.2962e+42 7.1355e+39 1.7587e+40 7.2259e+40 6.1997e+40 2.5177e+41 2.1055e+41
-4.5 0.1 10000.0 -1.7 5.0273e+42 1.8472e+42 3.8038e+41 1.145e+42 1.8817e+42 3.9009e+41 5.3747e+42 1.1512e+42 1.0964e+42 1.8271e+42 1.5128e+37 7.2213e+39 3.999e+39 7.4173e+41 3.6751e+39 9.0578e+39 4.4279e+40 3.8241e+40 1.4314e+41 1.2029e+41
-4.5 0.1 10000.0 -2.0 3.2784e+42 1.3437e+42 2.1479e+41 6.4652e+41 1.107e+42 2.6398e+41 3.903e+42 7.7899e+41 6.8162e+41 1.1632e+42 2.8815e+36 3.1762e+39 1.7054e+39 3.7749e+41 1.5942e+39 3.9291e+39 2.3826e+40 2.0711e+40 7.2307e+40 6.1046e+40
-4.5 0.3 100.0 -1.2 1.5448e+43 2.4903e+42 5.7554e+41 1.7324e+42 3.621e+42 6.6739e+41 7.41e+42 1.9695e+42 6.1271e+42 4.4924e+42 1.8851e+39 3.2736e+40 1.8235e+40 1.715e+42 8.0248e+39 1.9779e+40 4.3157e+40 2.5564e+40 2.6224e+41 1.7178e+41
-4.5 0.3 100.0 -1.4 1.369e+43 2.3002e+42 4.9245e+41 1.4823e+42 2.9197e+42 5.9644e+41 6.8162e+42 1.7601e+42 5.318e+42 3.913e+42 1.7084e+39 2.6558e+40 1.5431e+40 1.322e+42 5.9988e+39 1.4785e+40 3.5245e+40 2.088e+40 2.031e+41 1.3304e+41
-4.5 0.3 100.0 -1.7 9.9018e+42 1.8072e+42 3.2937e+41 9.9141e+41 1.8609e+42 4.4001e+41 5.3355e+42 1.2985e+42 3.7662e+42 2.7848e+42 1.3166e+39 1.8086e+40 1.1305e+40 7.6578e+41 3.2198e+39 7.9357e+39 2.1804e+40 1.2922e+40 1.1718e+41 7.676e+40
-4.5 0.3 100.0 -2.0 6.5355e+42 1.3167e+42 1.9617e+41 5.9049e+41 1.098e+42 2.9812e+41 3.8812e+42 8.7976e+41 2.4631e+42 1.8296e+42 8.8187e+38 1.2656e+40 8.4254e+39 3.9892e+41 1.5152e+39 3.7344e+39 1.1978e+40 7.103e+39 6.0381e+40 3.9557e+40
-4.5 0.3 1000.0 -1.2 1.4334e+43 2.5169e+42 6.0164e+41 1.811e+42 3.865e+42 6.8289e+41 7.4604e+42 2.0152e+42 5.1265e+42 4.9273e+42 1.4502e+39 3.4874e+40 1.9278e+40 1.7092e+42 9.1316e+39 2.2506e+40 4.9048e+40 3.0209e+40 2.9219e+41 1.9606e+41
-4.5 0.3 1000.0 -1.4 1.2773e+43 2.3198e+42 5.1853e+41 1.5608e+42 3.1169e+42 6.1267e+41 6.8438e+42 1.808e+42 4.386e+42 4.2924e+42 1.1072e+39 2.7922e+40 1.6029e+40 1.317e+42 6.9819e+39 1.7208e+40 4.0961e+40 2.5243e+40 2.3021e+41 1.5453e+41
-4.5 0.3 1000.0 -1.7 9.3296e+42 1.8181e+42 3.5088e+41 1.0561e+42 1.9917e+42 4.5511e+41 5.3389e+42 1.343e+42 3.0495e+42 3.0626e+42 5.472e+38 1.7899e+40 1.0931e+40 7.6229e+41 3.8852e+39 9.5757e+39 2.6269e+40 1.6205e+40 1.3649e+41 9.1672e+40
-4.5 0.3 1000.0 -2.0 6.2289e+42 1.323e+42 2.1139e+41 6.3628e+41 1.1807e+42 3.1083e+41 3.8755e+42 9.1727e+41 1.9643e+42 2.0215e+42 1.9541e+38 1.104e+40 6.9847e+39 3.966e+41 1.8928e+39 4.6651e+39 1.4976e+40 9.2495e+39 7.2284e+40 4.8575e+40
-4.5 0.3 10000.0 -1.2 8.3053e+42 2.5598e+42 6.3357e+41 1.907e+42 4.3521e+42 6.7404e+41 7.5547e+42 1.9891e+42 2.8169e+42 4.1391e+42 1.1036e+38 1.9126e+40 1.0166e+40 1.6858e+42 1.0768e+40 2.6539e+40 5.4704e+40 4.639e+40 3.2009e+41 2.6533e+41
-4.5 0.3 10000.0 -1.4 7.4316e+42 2.3523e+42 5.4771e+41 1.6486e+42 3.5064e+42 6.0822e+41 6.9039e+42 1.7949e+42 2.3293e+42 3.4928e+42 6.1692e+37 1.3701e+40 7.3556e+39 1.295e+42 8.3194e+39 2.0505e+40 4.6928e+40 3.9931e+40 2.5711e+41 2.1374e+41
-4.5 0.3 10000.0 -1.7 5.485e+42 1.8379e+42 3.6607e+41 1.1019e+42 2.248e+42 4.5675e+41 5.362e+42 1.3479e+42 1.5479e+42 2.3921e+42 1.644e+37 6.5938e+39 3.5348e+39 7.4199e+41 4.5474e+39 1.1208e+40 3.108e+40 2.6585e+40 1.5584e+41 1.3009e+41
-4.5 0.3 10000.0 -2.0 3.7162e+42 1.3342e+42 2.1107e+41 6.3532e+41 1.3439e+42 3.161e+41 3.878e+42 9.3282e+41 9.5937e+41 1.5268e+42 3.0659e+36 2.7519e+39 1.4466e+39 3.7834e+41 2.0924e+39 5.1571e+39 1.8174e+40 1.5623e+40 8.4073e+40 7.0444e+40
-4.5 0.5 100.0 -1.2 1.3953e+43 2.4768e+42 4.9069e+41 1.477e+42 3.6997e+42 7.4172e+41 7.4172e+42 2.1888e+42 7.5824e+42 5.5269e+42 2.0923e+39 2.9373e+40 1.5909e+40 1.7069e+42 8.6878e+39 2.1413e+40 1.6168e+40 9.5754e+39 2.4254e+41 1.5886e+41
-4.5 0.5 100.0 -1.4 1.2638e+43 2.2895e+42 4.2717e+41 1.2858e+42 2.9734e+42 6.7031e+41 6.8211e+42 1.9781e+42 6.5348e+42 4.7829e+42 1.8601e+39 2.4573e+40 1.3684e+40 1.3164e+42 6.8419e+39 1.6863e+40 1.3951e+40 8.2634e+39 1.964e+41 1.2865e+41
-4.5 0.5 100.0 -1.7 9.4693e+42 1.7975e+42 2.9322e+41 8.8259e+41 1.8998e+42 5.0421e+41 5.3248e+42 1.4879e+42 4.6129e+42 3.3957e+42 1.3896e+39 1.7106e+40 9.9993e+39 7.6307e+41 3.9731e+39 9.7923e+39 9.3967e+39 5.5671e+39 1.2138e+41 7.9511e+40
-4.5 0.5 100.0 -2.0 6.4861e+42 1.3073e+42 1.7889e+41 5.3847e+41 1.1331e+42 3.4903e+41 3.8579e+42 1.03e+42 3.0295e+42 2.2418e+42 9.1138e+38 1.1845e+40 7.2351e+39 3.9786e+41 2.0119e+39 4.9586e+39 5.616e+39 3.3284e+39 6.6945e+40 4.3854e+40
-4.5 0.5 1000.0 -1.2 1.2629e+43 2.5047e+42 5.0465e+41 1.519e+42 3.9037e+42 7.4794e+41 7.4746e+42 2.2072e+42 6.4986e+42 5.9994e+42 1.6364e+39 3.0724e+40 1.6562e+40 1.702e+42 9.4566e+39 2.3307e+40 1.7383e+40 1.0696e+40 2.5885e+41 1.736e+41
-4.5 0.5 1000.0 -1.4 1.1457e+43 2.3102e+42 4.4135e+41 1.3285e+42 3.1281e+42 6.7711e+41 6.8561e+42 1.9982e+42 5.4891e+42 5.1743e+42 1.2369e+39 2.5385e+40 1.402e+40 1.3118e+42 7.5587e+39 1.863e+40 1.5201e+40 9.3571e+39 2.1174e+41 1.4206e+41
-4.5 0.5 1000.0 -1.7 8.6152e+42 1.8085e+42 3.0521e+41 9.1869e+41 1.9912e+42 5.1094e+41 5.3328e+42 1.5078e+42 3.7693e+42 3.6611e+42 6.0175e+38 1.6692e+40 9.5671e+39 7.5973e+41 4.4942e+39 1.1077e+40 1.0459e+40 6.4434e+39 1.3299e+41 8.9267e+40
-4.5 0.5 1000.0 -2.0 5.9299e+42 1.3137e+42 1.8769e+41 5.6494e+41 1.1855e+42 3.5511e+41 3.8569e+42 1.0479e+42 2.4181e+42 2.4151e+42 2.1314e+38 1.0132e+40 5.9131e+39 3.9553e+41 2.3319e+39 5.7473e+39 6.3947e+39 3.9429e+39 7.4566e+40 5.0072e+40
-4.5 0.5 10000.0 -1.2 7.0756e+42 2.5497e+42 5.1893e+41 1.562e+42 4.2465e+42 7.2312e+41 7.5818e+42 2.1339e+42 3.8348e+42 5.1617e+42 1.2875e+38 1.6344e+40 8.5109e+39 1.6803e+42 1.0462e+40 2.5787e+40 1.7891e+40 1.5088e+40 2.6634e+41 2.2002e+41
-4.5 0.5 10000.0 -1.4 6.4111e+42 2.3435e+42 4.5396e+41 1.3664e+42 3.3919e+42 6.5682e+41 6.9254e+42 1.9383e+42 3.1095e+42 4.29e+42 7.1272e+37 1.189e+40 6.2223e+39 1.2911e+42 8.3828e+39 2.0661e+40 1.5916e+40 1.3459e+40 2.2035e+41 1.825e+41
-4.5 0.5 10000.0 -1.7 4.8342e+42 1.8285e+42 3.0902e+41 9.3014e+41 2.1552e+42 4.9904e+41 5.364e+42 1.4727e+42 2.0157e+42 2.8871e+42 1.8496e+37 5.6624e+39 2.9584e+39 7.4026e+41 4.8397e+39 1.1928e+40 1.1164e+40 9.4811e+39 1.3986e+41 1.1626e+41
-4.5 0.5 10000.0 -2.0 3.3519e+42 1.326e+42 1.8125e+41 5.4557e+41 1.2855e+42 3.4997e+41 3.8698e+42 1.0328e+42 1.2276e+42 1.8242e+42 3.3513e+36 2.2626e+39 1.1692e+39 3.7794e+41 2.3368e+39 5.7595e+39 6.9171e+39 5.899e+39 7.892e+40 6.582e+40
-4.0 0.1 100.0 -1.2 1.7512e+43 2.6933e+42 2.2191e+42 6.6795e+42 2.2334e+42 6.043e+41 8.0048e+42 1.7833e+42 3.4802e+42 2.5987e+42 8.3239e+39 1.4563e+41 7.7902e+40 3.09e+42 2.7295e+40 6.7265e+40 1.9195e+41 1.1373e+41 7.2857e+41 4.7732e+41
-4.0 0.1 100.0 -1.4 1.4784e+43 2.4331e+42 1.8406e+42 5.5403e+42 1.7134e+42 5.229e+41 7.1958e+42 1.5431e+42 3.0023e+42 2.2495e+42 7.6143e+39 1.0264e+41 5.7003e+40 2.3877e+42 1.8884e+40 4.6536e+40 1.4461e+41 8.5709e+40 5.2554e+41 3.4432e+41
-4.0 0.1 100.0 -1.7 9.9874e+42 1.8736e+42 1.1814e+42 3.556e+42 1.0293e+42 3.6975e+41 5.5225e+42 1.0911e+42 2.1064e+42 1.5852e+42 6.0508e+39 5.4552e+40 3.3168e+40 1.3905e+42 9.0767e+39 2.2368e+40 7.901e+40 4.6867e+40 2.7196e+41 1.7819e+41
-4.0 0.1 100.0 -2.0 6.1844e+42 1.3496e+42 6.7926e+41 2.0446e+42 5.7777e+41 2.4126e+41 3.9771e+42 7.1196e+41 1.3627e+42 1.0295e+42 4.2145e+39 2.9637e+40 2.0379e+40 7.2947e+41 3.8567e+39 9.504e+39 3.8243e+40 2.2722e+40 1.2563e+41 8.232e+40
-4.0 0.1 1000.0 -1.2 1.6598e+43 2.7198e+42 2.3788e+42 7.16e+42 2.4242e+42 6.3074e+41 8.0433e+42 1.8613e+42 2.7359e+42 2.8603e+42 6.49e+39 1.6139e+41 8.5778e+40 3.0761e+42 3.2927e+40 8.1143e+40 2.3106e+41 1.4252e+41 8.5125e+41 5.7196e+41
-4.0 0.1 1000.0 -1.4 1.42e+43 2.4552e+42 1.9988e+42 6.0163e+42 1.8621e+42 5.5022e+41 7.221e+42 1.6237e+42 2.3331e+42 2.4842e+42 5.0652e+39 1.1319e+41 6.2166e+40 2.3759e+42 2.3579e+40 5.8106e+40 1.8049e+41 1.1142e+41 6.322e+41 4.2496e+41
-4.0 0.1 1000.0 -1.7 9.8063e+42 1.8845e+42 1.3085e+42 3.9387e+42 1.1247e+42 3.9449e+41 5.5158e+42 1.1641e+42 1.6181e+42 1.7648e+42 2.6436e+39 5.7158e+40 3.4104e+40 1.3821e+42 1.1965e+40 2.9487e+40 1.0446e+41 6.4585e+40 3.4265e+41 2.3048e+41
-4.0 0.1 1000.0 -2.0 6.2263e+42 1.3561e+42 7.6833e+41 2.3127e+42 6.3818e+41 2.6159e+41 3.9636e+42 7.7196e+41 1.0416e+42 1.1603e+42 9.8544e+38 2.757e+40 1.8652e+40 7.2377e+41 5.3727e+39 1.324e+40 5.3841e+40 3.3358e+40 1.6609e+41 1.1179e+41
-4.0 0.1 10000.0 -1.2 9.6002e+42 2.7698e+42 2.5654e+42 7.7218e+42 2.8767e+42 6.4267e+41 8.1463e+42 1.8965e+42 1.327e+42 2.1824e+42 5.4445e+38 8.6711e+40 4.6845e+40 3.0138e+42 4.0613e+40 1.0009e+41 2.6687e+41 2.2837e+41 9.4493e+41 7.9132e+41
-4.0 0.1 10000.0 -1.4 8.3179e+42 2.4902e+42 2.165e+42 6.5166e+42 2.2051e+42 5.6605e+41 7.2755e+42 1.6704e+42 1.0887e+42 1.8298e+42 3.0859e+38 5.4826e+40 3.0969e+40 2.3177e+42 2.9412e+40 7.2482e+40 2.1412e+41 1.8406e+41 7.1516e+41 6.0085e+41
-4.0 0.1 10000.0 -1.7 5.898e+42 1.9068e+42 1.3972e+42 4.2055e+42 1.3401e+42 4.1404e+41 5.5369e+42 1.2218e+42 7.2462e+41 1.2535e+42 8.4268e+37 2.281e+40 1.4199e+40 1.3298e+42 1.4554e+40 3.5866e+40 1.2674e+41 1.0973e+41 3.9288e+41 3.3169e+41
-4.0 0.1 10000.0 -2.0 3.8772e+42 1.3698e+42 7.7735e+41 2.3398e+42 7.7526e+41 2.8215e+41 3.966e+42 8.3263e+41 4.567e+41 8.0932e+41 1.59e+37 1.0116e+40 6.5027e+39 6.7874e+41 6.07e+39 1.4959e+40 6.5587e+40 5.7196e+40 1.9163e+41 1.6253e+41
-4.0 0.3 100.0 -1.2 1.8309e+43 2.6748e+42 2.1386e+42 6.4373e+42 2.6899e+42 6.8917e+41 7.9688e+42 2.0338e+42 4.4017e+42 3.2616e+42 9.3158e+39 1.4424e+41 7.7009e+40 3.0767e+42 3.3871e+40 8.3473e+40 1.2724e+41 7.5377e+40 7.5441e+41 4.9422e+41
-4.0 0.3 100.0 -1.4 1.5949e+43 2.4157e+42 1.8098e+42 5.4475e+42 2.0483e+42 6.0573e+41 7.1557e+42 1.7875e+42 3.7686e+42 2.8054e+42 8.3226e+39 1.0603e+41 5.844e+40 2.3783e+42 2.4684e+40 6.0832e+40 1.0172e+41 6.027e+40 5.7312e+41 3.7546e+41
-4.0 0.3 100.0 -1.7 1.1318e+43 1.855e+42 1.1937e+42 3.5932e+42 1.2297e+42 4.3989e+41 5.4652e+42 1.2981e+42 2.642e+42 1.9784e+42 6.3931e+39 5.9014e+40 3.5092e+40 1.3856e+42 1.276e+40 3.1445e+40 6.0632e+40 3.5943e+40 3.2038e+41 2.099e+41
-4.0 0.3 100.0 -2.0 7.3845e+42 1.3331e+42 7.0359e+41 2.1178e+42 7.005e+41 2.9577e+41 3.918e+42 8.7282e+41 1.7277e+42 1.3002e+42 4.3645e+39 3.2463e+40 2.1488e+40 7.2732e+41 5.7935e+39 1.4277e+40 3.2017e+40 1.8998e+40 1.5991e+41 1.0477e+41
-4.0 0.3 1000.0 -1.2 1.6783e+43 2.7076e+42 2.2487e+42 6.7687e+42 2.8617e+42 7.0571e+41 8.0342e+42 2.0825e+42 3.5434e+42 3.5325e+42 7.3719e+39 1.5648e+41 8.3136e+40 3.0649e+42 3.8905e+40 9.5878e+40 1.4415e+41 8.881e+40 8.3864e+41 5.6313e+41
-4.0 0.3 1000.0 -1.4 1.4708e+43 2.4401e+42 1.9193e+42 5.7771e+42 2.1729e+42 6.2275e+41 7.1949e+42 1.8377e+42 2.9733e+42 3.0344e+42 5.643e+39 1.1436e+41 6.2512e+40 2.3677e+42 2.9062e+40 7.162e+40 1.1801e+41 7.2751e+40 6.4915e+41 4.3605e+41
-4.0 0.3 1000.0 -1.7 1.0554e+43 1.8687e+42 1.2839e+42 3.8644e+42 1.3014e+42 4.5563e+41 5.4754e+42 1.3446e+42 2.034e+42 2.1415e+42 2.8657e+39 6.0587e+40 3.554e+40 1.3777e+42 1.5634e+40 3.8529e+40 7.3142e+40 4.5145e+40 3.7398e+41 2.5135e+41
-4.0 0.3 1000.0 -2.0 6.9698e+42 1.3413e+42 7.6823e+41 2.3124e+42 7.4135e+41 3.0895e+41 3.9171e+42 9.1171e+41 1.3059e+42 1.412e+42 1.0541e+39 2.9648e+40 1.9369e+40 7.2197e+41 7.3916e+39 1.8216e+40 4.0255e+40 2.4885e+40 1.9225e+41 1.2929e+41
-4.0 0.3 10000.0 -1.2 9.3772e+42 2.7639e+42 2.3768e+42 7.1542e+42 3.2565e+42 7.0496e+41 8.1715e+42 2.0803e+42 1.8595e+42 2.8114e+42 6.2064e+38 8.3286e+40 4.4832e+40 3.0074e+42 4.5516e+40 1.1217e+41 1.5609e+41 1.3268e+41 8.8313e+41 7.3633e+41
-4.0 0.3 10000.0 -1.4 8.2727e+42 2.4836e+42 2.0341e+42 6.1226e+42 2.4636e+42 6.2625e+41 7.2908e+42 1.8481e+42 1.4862e+42 2.3102e+42 3.4523e+38 5.451e+40 3.042e+40 2.3132e+42 3.426e+40 8.4433e+40 1.3061e+41 1.1143e+41 6.9313e+41 5.7955e+41
-4.0 0.3 10000.0 -1.7 6.0439e+42 1.8962e+42 1.3397e+42 4.0326e+42 1.4762e+42 4.6532e+41 5.5243e+42 1.3732e+42 9.5746e+41 1.5478e+42 9.1456e+37 2.3201e+40 1.3903e+40 1.3285e+42 1.7931e+40 4.4191e+40 8.2512e+40 7.0828e+40 4.0262e+41 3.3807e+41
-4.0 0.3 10000.0 -2.0 4.1011e+42 1.3593e+42 7.5994e+41 2.2874e+42 8.4965e+41 3.2274e+41 3.942e+42 9.5239e+41 5.8979e+41 9.871e+41 1.6897e+37 9.8311e+39 5.9221e+39 6.7895e+41 7.8911e+39 1.9448e+40 4.5774e+40 3.953e+40 2.0776e+41 1.7515e+41
-4.0 0.5 100.0 -1.2 1.6076e+43 2.6551e+42 1.8338e+42 5.5198e+42 2.7156e+42 7.5049e+41 7.9495e+42 2.2147e+42 5.3909e+42 3.9636e+42 1.0544e+40 1.3292e+41 7.0948e+40 3.0583e+42 3.7344e+40 9.2033e+40 4.6416e+40 2.7491e+40 6.861e+41 4.4945e+41
-4.0 0.5 100.0 -1.4 1.429e+43 2.3978e+42 1.5815e+42 4.7602e+42 2.0353e+42 6.6575e+41 7.1319e+42 1.9646e+42 4.5379e+42 3.3555e+42 9.2373e+39 1.0238e+41 5.6164e+40 2.3635e+42 2.8757e+40 7.0871e+40 3.9125e+40 2.3176e+40 5.452e+41 3.5716e+41
-4.0 0.5 100.0 -1.7 1.0478e+43 1.8401e+42 1.0726e+42 3.2284e+42 1.1977e+42 4.9171e+41 5.4359e+42 1.451e+42 3.1313e+42 2.333e+42 6.8516e+39 6.0364e+40 3.5274e+40 1.3771e+42 1.6116e+40 3.9718e+40 2.5253e+40 1.4963e+40 3.2602e+41 2.1358e+41
-4.0 0.5 100.0 -2.0 7.0639e+42 1.3191e+42 6.4843e+41 1.9518e+42 6.7432e+41 3.368e+41 3.8804e+42 9.9389e+41 2.035e+42 1.5259e+42 4.5583e+39 3.424e+40 2.1886e+40 7.2304e+41 7.8874e+39 1.9438e+40 1.4383e+40 8.5275e+39 1.7346e+41 1.1364e+41
-4.0 0.5 1000.0 -1.2 1.4459e+43 2.6896e+42 1.8969e+42 5.7098e+42 2.8711e+42 7.6051e+41 8.0239e+42 2.2443e+42 4.4838e+42 4.2656e+42 8.4515e+39 1.4093e+41 7.495e+40 3.0489e+42 4.0999e+40 1.0104e+41 5.0104e+40 3.0835e+40 7.3491e+41 4.9322e+41
-4.0 0.5 1000.0 -1.4 1.2889e+43 2.4253e+42 1.6451e+42 4.9518e+42 2.1436e+42 6.762e+41 7.1849e+42 1.9955e+42 3.6771e+42 3.5983e+42 6.3904e+39 1.0781e+41 5.8792e+40 2.3548e+42 3.2094e+40 7.9095e+40 4.2885e+40 2.6406e+40 5.9114e+41 3.9685e+41
-4.0 0.5 1000.0 -1.7 9.5095e+42 1.8554e+42 1.1273e+42 3.3932e+42 1.2556e+42 5.018e+41 5.4545e+42 1.4808e+42 2.4529e+42 2.4948e+42 3.1738e+39 6.0805e+40 3.5163e+40 1.3708e+42 1.8512e+40 4.5624e+40 2.8438e+40 1.7526e+40 3.6094e+41 2.4243e+41
-4.0 0.5 1000.0 -2.0 6.4569e+42 1.3286e+42 6.8873e+41 2.0731e+42 7.0436e+41 3.4553e+41 3.8867e+42 1.0197e+42 1.5501e+42 1.6306e+42 1.1518e+39 3.0928e+40 1.95e+40 7.1854e+41 9.3144e+39 2.2955e+40 1.6652e+40 1.0275e+40 1.9579e+41 1.3157e+41
-4.0 0.5 10000.0 -1.2 7.8607e+42 2.7526e+42 1.9623e+42 5.9064e+42 3.1751e+42 7.4863e+41 8.1885e+42 2.2092e+42 2.565e+42 3.5396e+42 7.2776e+38 7.4737e+40 3.9967e+40 2.997e+42 4.5158e+40 1.1129e+41 5.0727e+40 4.286e+40 7.34e+41 6.098e+41
-4.0 0.5 10000.0 -1.4 7.0219e+42 2.474e+42 1.7021e+42 5.1234e+42 2.3626e+42 6.6879e+41 7.3041e+42 1.9736e+42 1.9902e+42 2.8391e+42 4.0005e+38 5.0991e+40 2.8007e+40 2.3061e+42 3.5362e+40 8.7149e+40 4.4024e+40 3.7309e+40 5.9458e+41 4.9519e+41
-4.0 0.5 10000.0 -1.7 5.2405e+42 1.8864e+42 1.1439e+42 3.443e+42 1.3854e+42 5.023e+41 5.5204e+42 1.4823e+42 1.2346e+42 1.8493e+42 1.0295e+38 2.2471e+40 1.2851e+40 1.3251e+42 1.9612e+40 4.8334e+40 2.939e+40 2.5035e+40 3.6185e+41 3.025e+41
-4.0 0.5 10000.0 -2.0 3.6355e+42 1.35e+42 6.604e+41 1.9878e+42 7.8474e+41 3.5257e+41 3.9277e+42 1.0404e+42 7.3721e+41 1.1558e+42 1.847e+37 9.0592e+39 5.1195e+39 6.7808e+41 9.0538e+39 2.2314e+40 1.7177e+40 1.471e+40 1.9469e+41 1.6335e+41
-5.0 0.1 100.0 -1.2 7.1743e+42 2.3142e+42 1.1772e+41 3.5433e+41 2.1331e+42 3.6284e+41 6.9387e+42 1.0707e+42 3.9899e+42 2.9187e+42 3.1393e+38 8.0454e+39 4.304e+39 7.119e+41 1.2113e+39 2.9856e+39 1.3429e+40 7.9562e+39 5.4351e+40 3.5604e+40
-5.0 0.1 100.0 -1.4 6.1249e+42 2.1876e+42 9.9474e+40 2.9942e+41 1.6888e+42 3.1916e+41 6.5585e+42 9.4185e+41 3.4367e+42 2.5215e+42 2.9167e+38 7.1506e+39 3.8995e+39 5.4049e+41 8.709e+38 2.1465e+39 1.0331e+40 6.1224e+39 3.9816e+40 2.6084e+40
-5.0 0.1 100.0 -1.7 4.151e+42 1.7614e+42 6.5256e+40 1.9642e+41 1.0249e+42 2.276e+41 5.2871e+42 6.7164e+41 2.3771e+42 1.7517e+42 2.3148e+38 5.7463e+39 3.2085e+39 3.0512e+41 4.4092e+38 1.0868e+39 5.8346e+39 3.4596e+39 2.1117e+40 1.3835e+40
-5.0 0.1 100.0 -2.0 2.5488e+42 1.3048e+42 3.8138e+40 1.148e+41 5.6683e+41 1.4779e+41 3.9257e+42 4.3612e+41 1.5018e+42 1.1114e+42 1.5668e+38 4.6254e+39 2.6116e+39 1.5456e+41 1.9631e+38 4.8384e+38 2.9286e+39 1.7382e+39 1.0037e+40 6.5763e+39
-5.0 0.1 1000.0 -1.2 7.5498e+42 2.3256e+42 1.2614e+41 3.7969e+41 2.6041e+42 4.0187e+41 6.916e+42 1.1859e+42 3.6012e+42 3.548e+42 2.3563e+38 8.495e+39 4.5208e+39 7.1177e+41 1.4478e+39 3.5684e+39 1.7085e+40 1.0531e+40 6.8018e+40 4.5663e+40
-5.0 0.1 1000.0 -1.4 6.5767e+42 2.1961e+42 1.0773e+41 3.2428e+41 2.1083e+42 3.5826e+41 6.5254e+42 1.0572e+42 3.0995e+42 3.1019e+42 1.8243e+38 7.3434e+39 3.9721e+39 5.4054e+41 1.0726e+39 2.6436e+39 1.3627e+40 8.4066e+39 5.1403e+40 3.4526e+40
-5.0 0.1 1000.0 -1.7 4.6068e+42 1.7662e+42 7.1879e+40 2.1636e+41 1.3288e+42 2.6118e+41 5.2488e+42 7.7074e+41 2.1466e+42 2.1986e+42 9.1336e+37 5.3754e+39 2.9525e+39 3.0525e+41 5.7013e+38 1.4052e+39 8.1587e+39 5.0399e+39 2.8651e+40 1.9258e+40
-5.0 0.1 1000.0 -2.0 2.9321e+42 1.3066e+42 4.2731e+40 1.2862e+41 7.6359e+41 1.7373e+41 3.8876e+42 5.1269e+41 1.3626e+42 1.4268e+42 3.2686e+37 3.5912e+39 1.9628e+39 1.5456e+41 2.6649e+38 6.5682e+38 4.3549e+39 2.6946e+39 1.4327e+40 9.637e+39
-5.0 0.1 10000.0 -1.2 5.1899e+42 2.3501e+42 1.3639e+41 4.1054e+41 3.5658e+42 4.3479e+41 6.9063e+42 1.2831e+42 2.1567e+42 3.3988e+42 1.7045e+37 4.2535e+39 2.1872e+39 7.0652e+41 1.8041e+39 4.4466e+39 2.1754e+40 1.8483e+40 8.5597e+40 7.0946e+40
-5.0 0.1 10000.0 -1.4 4.589e+42 2.2141e+42 1.1719e+41 3.5273e+41 2.9406e+42 3.9257e+41 6.4946e+42 1.1585e+42 1.8253e+42 2.9265e+42 9.6903e+36 3.111e+39 1.6025e+39 5.3559e+41 1.359e+39 3.3496e+39 1.803e+40 1.5386e+40 6.6763e+40 5.5533e+40
-5.0 0.1 10000.0 -1.7 3.2989e+42 1.7767e+42 7.762e+40 2.3364e+41 1.9176e+42 2.923e+41 5.2046e+42 8.6257e+41 1.236e+42 2.0344e+42 2.6517e+36 1.527e+39 7.8363e+38 3.0065e+41 7.1451e+38 1.7611e+39 1.1329e+40 9.7311e+39 3.8747e+40 3.2395e+40
-5.0 0.1 10000.0 -2.0 2.1588e+42 1.3128e+42 4.4467e+40 1.3384e+41 1.1484e+42 1.9882e+41 3.8452e+42 5.8673e+41 7.6962e+41 1.2999e+42 5.0326e+35 6.3665e+38 3.2426e+38 1.5035e+41 3.1665e+38 7.8046e+38 6.2727e+39 5.4219e+39 2.003e+40 1.6827e+40
-5.0 0.3 100.0 -1.2 1.0016e+43 2.2809e+42 1.1645e+41 3.5052e+41 3.869e+42 5.1414e+41 6.7824e+42 1.5172e+42 6.6976e+42 4.8556e+42 3.4334e+38 7.2254e+39 3.7752e+39 7.1362e+41 1.5262e+39 3.7617e+39 1.1183e+40 6.6237e+39 7.1863e+40 4.7067e+40
-5.0 0.3 100.0 -1.4 9.0113e+42 2.1553e+42 1.0044e+41 3.0234e+41 3.2034e+42 4.6645e+41 6.3971e+42 1.3765e+42 5.8765e+42 4.2724e+42 3.1203e+38 6.3749e+39 3.3715e+39 5.4273e+41 1.1581e+39 2.8544e+39 9.296e+39 5.5066e+39 5.6391e+40 3.6935e+40
-5.0 0.3 100.0 -1.7 6.6304e+42 1.735e+42 6.7899e+40 2.0438e+41 2.1034e+42 3.4961e+41 5.143e+42 1.0317e+42 4.2034e+42 3.0686e+42 2.4059e+38 4.9576e+39 2.6661e+39 3.0724e+41 6.3482e+38 1.5646e+39 5.9148e+39 3.5047e+39 3.32e+40 2.1746e+40
-5.0 0.3 100.0 -2.0 4.4246e+42 1.2849e+42 4.0796e+40 1.228e+41 1.2667e+42 2.3902e+41 3.8089e+42 7.0535e+41 2.7575e+42 2.0209e+42 1.6053e+38 3.8399e+39 2.0857e+39 1.5614e+41 3.0447e+38 7.5044e+38 3.3433e+39 1.982e+39 1.7461e+40 1.1438e+40
-5.0 0.3 1000.0 -1.2 9.5466e+42 2.2975e+42 1.2129e+41 3.651e+41 4.2609e+42 5.3155e+41 6.7999e+42 1.5686e+42 5.9422e+42 5.4999e+42 2.6258e+38 7.5632e+39 3.9401e+39 7.1222e+41 1.7246e+39 4.2507e+39 1.2784e+40 7.8649e+39 8.087e+40 5.4205e+40
-5.0 0.3 1000.0 -1.4 8.6437e+42 2.1688e+42 1.0532e+41 3.17e+41 3.5444e+42 4.8452e+41 6.4044e+42 1.4298e+42 5.1634e+42 4.8531e+42 2.003e+38 6.5193e+39 3.431e+39 5.416e+41 1.3365e+39 3.294e+39 1.0863e+40 6.6869e+39 6.4532e+40 4.3271e+40
-5.0 0.3 1000.0 -1.7 6.4321e+42 1.7431e+42 7.1939e+40 2.1654e+41 2.3458e+42 3.6611e+41 5.1368e+42 1.0804e+42 3.6425e+42 3.5031e+42 9.8428e+37 4.6426e+39 2.4704e+39 3.0651e+41 7.5748e+38 1.867e+39 7.1602e+39 4.4117e+39 3.9028e+40 2.6185e+40
-5.0 0.3 1000.0 -2.0 4.3494e+42 1.289e+42 4.3682e+40 1.3148e+41 1.4268e+42 2.5265e+41 3.7956e+42 7.4556e+41 2.362e+42 2.3226e+42 3.4933e+37 2.984e+39 1.5864e+39 1.5562e+41 3.7543e+38 9.2533e+38 4.2004e+39 2.5908e+39 2.1105e+40 1.4167e+40
-5.0 0.3 10000.0 -1.2 5.9871e+42 2.3269e+42 1.2732e+41 3.8323e+41 5.0187e+42 5.338e+41 6.8422e+42 1.5752e+42 3.5949e+42 5.1212e+42 1.9378e+37 3.7499e+39 1.9132e+39 7.0551e+41 2.0211e+39 4.9815e+39 1.4543e+40 1.2222e+40 9.1221e+40 7.4876e+40
-5.0 0.3 10000.0 -1.4 5.4387e+42 2.1916e+42 1.1092e+41 3.3387e+41 4.1937e+42 4.8942e+41 6.4245e+42 1.4443e+42 3.0453e+42 4.4206e+42 1.084e+37 2.7403e+39 1.3997e+39 5.3544e+41 1.5839e+39 3.9038e+39 1.2727e+40 1.0733e+40 7.4385e+40 6.1239e+40
-5.0 0.3 10000.0 -1.7 4.0828e+42 1.7566e+42 7.5055e+40 2.2591e+41 2.8022e+42 3.7376e+41 5.1328e+42 1.103e+42 2.0704e+42 3.0952e+42 2.8833e+36 1.3177e+39 6.7169e+38 3.0107e+41 8.854e+38 2.1822e+39 8.7333e+39 7.4011e+39 4.6321e+40 3.8292e+40
-5.0 0.3 10000.0 -2.0 2.7963e+42 1.2968e+42 4.3929e+40 1.3223e+41 1.7272e+42 2.6121e+41 3.7818e+42 7.7083e+41 1.2971e+42 1.9985e+42 5.3574e+35 5.3343e+38 2.7067e+38 1.5092e+41 4.175e+38 1.029e+39 5.3116e+39 4.5216e+39 2.5736e+40 2.1354e+40
-5.0 0.5 100.0 -1.2 9.6904e+42 2.256e+42 9.9093e+40 2.9827e+41 4.5246e+42 6.0503e+41 6.7347e+42 1.7854e+42 9.0578e+42 6.5287e+42 3.7974e+38 6.0103e+39 3.0884e+39 7.0977e+41 1.6347e+39 4.0291e+39 4.4114e+39 2.6122e+39 7.0202e+40 4.5976e+40
-5.0 0.5 100.0 -1.4 8.9434e+42 2.1329e+42 8.6895e+40 2.6155e+41 3.7884e+42 5.5677e+41 6.3463e+42 1.643e+42 7.9694e+42 5.7607e+42 3.3859e+38 5.3036e+39 2.7433e+39 5.4036e+41 1.3055e+39 3.2178e+39 3.8908e+39 2.3042e+39 5.7737e+40 3.7813e+40
-5.0 0.5 100.0 -1.7 6.8593e+42 1.7162e+42 6.0219e+40 1.8126e+41 2.5458e+42 4.275e+41 5.0881e+42 1.2616e+42 5.7519e+42 4.1751e+42 2.5321e+38 4.0227e+39 2.1017e+39 3.0639e+41 7.7301e+38 1.9053e+39 2.7169e+39 1.6093e+39 3.658e+40 2.3958e+40
-5.0 0.5 100.0 -2.0 4.7885e+42 1.2697e+42 3.7056e+40 1.1154e+41 1.5805e+42 3.0036e+41 3.7557e+42 8.8637e+41 3.8275e+42 2.7892e+42 1.6556e+38 2.9915e+39 1.5745e+39 1.5594e+41 3.9918e+38 9.8386e+38 1.6891e+39 1.0008e+39 2.0729e+40 1.3577e+40
-5.0 0.5 1000.0 -1.2 8.9134e+42 2.2745e+42 1.015e+41 3.0552e+41 4.8517e+42 6.1062e+41 6.7659e+42 1.8019e+42 8.1761e+42 7.24e+42 2.9532e+38 6.22e+39 3.1918e+39 7.0835e+41 1.7676e+39 4.3567e+39 4.7176e+39 2.8987e+39 7.4779e+40 5.0082e+40
-5.0 0.5 1000.0 -1.4 8.2331e+42 2.147e+42 8.9357e+40 2.6896e+41 4.0575e+42 5.6268e+41 6.3636e+42 1.6605e+42 7.0895e+42 6.376e+42 2.2319e+38 5.382e+39 2.777e+39 5.3899e+41 1.4304e+39 3.5257e+39 4.2086e+39 2.5871e+39 6.2011e+40 4.1544e+40
-5.0 0.5 1000.0 -1.7 6.3303e+42 1.7244e+42 6.2337e+40 1.8763e+41 2.7227e+42 4.332e+41 5.0901e+42 1.2784e+42 5.0096e+42 4.6108e+42 1.0815e+38 3.7724e+39 1.9592e+39 3.0531e+41 8.6616e+38 2.1348e+39 2.9945e+39 1.8421e+39 3.983e+40 2.6697e+40
-5.0 0.5 1000.0 -2.0 4.4351e+42 1.2743e+42 3.8619e+40 1.1624e+41 1.6891e+42 3.0535e+41 3.751e+42 9.0108e+41 3.2692e+42 3.0773e+42 3.809e+37 2.346e+39 1.2192e+39 1.552e+41 4.5703e+38 1.1264e+39 1.898e+39 1.1684e+39 2.2884e+40 1.5345e+40
-5.0 0.5 10000.0 -1.2 5.3533e+42 2.305e+42 1.0399e+41 3.1302e+41 5.3601e+42 5.9289e+41 6.825e+42 1.7496e+42 5.2224e+42 6.7633e+42 2.2574e+37 3.0678e+39 1.5565e+39 7.0198e+41 1.944e+39 4.7914e+39 4.8883e+39 4.0807e+39 7.8138e+40 6.38e+40
-5.0 0.5 10000.0 -1.4 4.9278e+42 2.1703e+42 9.1598e+40 2.7571e+41 4.4752e+42 5.4766e+41 6.3989e+42 1.6161e+42 4.3904e+42 5.8019e+42 1.2512e+37 2.2601e+39 1.1474e+39 5.3293e+41 1.5773e+39 3.8876e+39 4.4402e+39 3.7171e+39 6.5584e+40 5.3696e+40
-5.0 0.5 10000.0 -1.7 3.7848e+42 1.739e+42 6.3047e+40 1.8977e+41 3.0024e+42 4.238e+41 5.1022e+42 1.2506e+42 2.9645e+42 4.045e+42 3.2432e+36 1.0789e+39 5.4719e+38 2.999e+41 9.2944e+38 2.2908e+39 3.2347e+39 2.7185e+39 4.2763e+40 3.5139e+40
-5.0 0.5 10000.0 -2.0 2.658e+42 1.2834e+42 3.7516e+40 1.1292e+41 1.8662e+42 3.0063e+41 3.752e+42 8.8716e+41 1.8515e+42 2.611e+42 5.857e+35 4.2559e+38 2.1532e+38 1.5052e+41 4.5967e+38 1.133e+39 2.0937e+39 1.7658e+39 2.4895e+40 2.0522e+40
-1.0 0.1 100.0 -1.2 8.1594e+41 1.2207e+42 5.2481e+42 1.5797e+43 5.445e+41 5.0202e+40 3.5437e+42 1.4815e+41 2.1883e+41 1.5571e+41 8.4399e+41 3.3897e+42 1.7972e+42 4.7289e+42 5.2539e+41 1.2655e+42 1.8302e+41 1.0864e+41 1.6483e+42 1.0795e+42
-1.0 0.1 100.0 -1.4 4.9909e+41 1.0443e+42 5.3548e+42 1.6118e+43 2.4926e+41 2.4356e+40 2.9751e+42 7.1874e+40 1.2884e+41 9.2186e+40 5.4757e+41 2.7774e+42 1.4232e+42 3.5617e+42 3.6867e+41 8.7815e+41 1.3723e+41 8.1752e+40 1.2501e+42 8.188e+41
-1.0 0.1 100.0 -1.7 3.0795e+41 8.9469e+41 4.4791e+42 1.3482e+43 4.9282e+40 8.7454e+39 2.5448e+42 2.5808e+40 4.9646e+40 3.6371e+40 2.4462e+41 1.5973e+42 7.9148e+41 2.0305e+42 1.6355e+41 3.8527e+41 8.8649e+40 5.338e+40 7.5449e+41 4.9429e+41
-1.0 0.1 100.0 -2.0 2.3847e+41 7.6701e+41 3.13e+42 9.4213e+42 8.0637e+39 5.2262e+39 2.2009e+42 1.5422e+40 2.2479e+40 1.7205e+40 9.2518e+40 8.1219e+41 4.03e+41 1.0426e+42 6.7171e+40 1.5738e+41 6.1349e+40 3.7725e+40 4.5491e+41 2.9813e+41
-1.0 0.1 1000.0 -1.2 2.3817e+42 2.4501e+42 1.3736e+43 4.1346e+43 1.386e+42 1.7256e+41 7.0693e+42 5.0923e+41 5.5194e+41 4.6656e+41 4.8469e+41 7.8842e+42 3.8703e+42 5.6688e+42 7.4339e+41 1.8038e+42 5.378e+41 3.3058e+41 5.422e+42 3.6296e+42
-1.0 0.1 1000.0 -1.4 1.8e+42 2.1676e+42 1.166e+43 3.5096e+43 6.7421e+41 1.0148e+41 6.2102e+42 2.9947e+41 3.2608e+41 2.8704e+41 2.08e+41 4.9099e+42 2.439e+42 4.0976e+42 4.3741e+41 1.0604e+42 4.3412e+41 2.677e+41 3.8237e+42 2.5627e+42
-1.0 0.1 1000.0 -1.7 1.3677e+42 1.7109e+42 7.6652e+42 2.3072e+43 1.7694e+41 4.8194e+40 4.9047e+42 1.4222e+41 1.4136e+41 1.4174e+41 4.9723e+40 1.7026e+42 8.7133e+41 2.1983e+42 1.6739e+41 4.0637e+41 2.9726e+41 1.8443e+41 1.9611e+42 1.3166e+42
-1.0 0.1 1000.0 -2.0 1.1343e+42 1.2804e+42 4.5186e+42 1.3601e+43 5.2404e+40 3.2637e+40 3.6852e+42 9.631e+40 8.1384e+40 9.367e+40 1.8616e+40 4.3278e+41 2.3156e+41 1.0832e+42 5.9433e+40 1.4473e+41 1.8936e+41 1.1847e+41 8.9223e+41 5.9989e+41
-1.0 0.1 10000.0 -1.2 5.7542e+42 3.218e+42 1.2538e+43 3.774e+43 3.1476e+42 5.1879e+41 9.4321e+42 1.5309e+42 8.2595e+41 1.1421e+42 1.2048e+40 1.2653e+42 6.4992e+41 5.1112e+42 3.3776e+41 8.3071e+41 1.0212e+42 8.6051e+41 4.6015e+42 3.8263e+42
-1.0 0.1 10000.0 -1.4 4.7509e+42 2.7349e+42 1.0092e+43 3.0377e+43 1.6488e+42 3.6171e+41 7.9357e+42 1.0674e+42 4.8439e+41 7.16e+41 6.405e+39 5.9116e+41 3.0718e+41 3.746e+42 2.0922e+41 5.1465e+41 7.8066e+41 6.6343e+41 3.0466e+42 2.5488e+42
-1.0 0.1 10000.0 -1.7 3.691e+42 2.0081e+42 5.9139e+42 1.7801e+43 6.4142e+41 2.3891e+41 5.7892e+42 7.0503e+41 2.5564e+41 4.2474e+41 1.4101e+39 1.2953e+41 7.1936e+40 2.0181e+42 7.9649e+40 1.9603e+41 4.1024e+41 3.5324e+41 1.3436e+42 1.1333e+42
-1.0 0.1 10000.0 -2.0 2.9001e+42 1.4124e+42 2.9525e+42 8.887e+42 3.0755e+41 1.8328e+41 4.0769e+42 5.4086e+41 1.6946e+41 3.0508e+41 1.923e+38 3.0525e+40 2.0186e+40 9.8085e+41 2.6629e+40 6.5575e+40 1.846e+41 1.6074e+41 5.4863e+41 4.6564e+41
-1.0 0.3 100.0 -1.2 1.0544e+42 9.0636e+41 1.6003e+42 4.817e+42 7.7198e+41 8.0752e+40 2.8216e+42 2.383e+41 2.9266e+41 2.0666e+41 7.693e+41 1.213e+42 9.0592e+41 3.3514e+42 2.1539e+41 5.2712e+41 3.8608e+40 2.2864e+40 9.7177e+41 6.3632e+41
-1.0 0.3 100.0 -1.4 5.8986e+41 6.6725e+41 1.9153e+42 5.765e+42 4.3154e+41 4.2397e+40 1.9956e+42 1.2511e+41 1.8576e+41 1.3138e+41 5.9423e+41 1.0752e+42 7.5591e+41 2.6884e+42 2.1884e+41 5.3392e+41 4.7152e+40 2.795e+40 9.1991e+41 6.0242e+41
-1.0 0.3 100.0 -1.7 2.8854e+41 4.8017e+41 2.2198e+42 6.6815e+42 1.4223e+41 1.4149e+40 1.3735e+42 4.1752e+40 8.559e+40 6.1115e+40 3.1388e+41 7.8629e+41 4.927e+41 1.6962e+42 1.6281e+41 3.9447e+41 4.3531e+40 2.5908e+40 6.9459e+41 4.5494e+41
-1.0 0.3 100.0 -2.0 2.0043e+41 4.1573e+41 1.9705e+42 5.9312e+42 3.5425e+40 6.119e+39 1.1832e+42 1.8057e+40 3.8159e+40 2.7893e+40 1.2873e+41 4.4454e+41 2.6751e+41 9.4053e+41 7.7823e+40 1.8732e+41 3.1573e+40 1.8985e+40 4.2837e+41 2.8063e+41
-1.0 0.3 1000.0 -1.2 2.3081e+42 1.9749e+42 9.5534e+42 2.8756e+43 1.6569e+42 1.7107e+41 5.8085e+42 5.0483e+41 7.5966e+41 6.1692e+41 6.4895e+41 3.6436e+42 2.1923e+42 5.3117e+42 7.1756e+41 1.7524e+42 2.5064e+41 1.5366e+41 4.657e+42 3.1142e+42
-1.0 0.3 1000.0 -1.4 1.7164e+42 1.7056e+42 8.8212e+42 2.6552e+43 8.9757e+41 1.0593e+41 4.9266e+42 3.1261e+41 4.7586e+41 3.9634e+41 3.0168e+41 2.7057e+42 1.4696e+42 3.9043e+42 4.7796e+41 1.166e+42 2.2403e+41 1.3768e+41 3.5316e+42 2.3643e+42
-1.0 0.3 1000.0 -1.7 1.2785e+42 1.3723e+42 6.3916e+42 1.9239e+43 3.0126e+41 5.6103e+40 3.9389e+42 1.6556e+41 2.2239e+41 2.0159e+41 6.9699e+40 1.2348e+42 6.5972e+41 2.1371e+42 2.021e+41 4.9304e+41 1.669e+41 1.0306e+41 1.9181e+42 1.2863e+42
-1.0 0.3 1000.0 -2.0 1.0609e+42 1.074e+42 4.0104e+42 1.2071e+43 9.2872e+40 3.686e+40 3.0931e+42 1.0877e+41 1.1363e+41 1.1811e+41 2.1241e+40 3.9779e+41 2.2086e+41 1.0653e+42 7.5788e+40 1.8517e+41 1.1314e+41 7.0311e+40 9.0403e+41 6.0719e+41
-1.0 0.3 10000.0 -1.2 5.3744e+42 3.0784e+42 1.1305e+43 3.4027e+43 3.7076e+42 5.5864e+41 9.0926e+42 1.6485e+42 1.3221e+42 1.6677e+42 1.4237e+40 1.1417e+42 6.2246e+41 5.0784e+42 3.7062e+41 9.1189e+41 5.5733e+41 4.663e+41 4.1278e+42 3.4155e+42
-1.0 0.3 10000.0 -1.4 4.4771e+42 2.6171e+42 9.2799e+42 2.7933e+43 2.0479e+42 4.0684e+41 7.6393e+42 1.2006e+42 7.9553e+41 1.0528e+42 7.2017e+39 5.7545e+41 3.1269e+41 3.7265e+42 2.3986e+41 5.9026e+41 4.4226e+41 3.7292e+41 2.8302e+42 2.3554e+42
-1.0 0.3 10000.0 -1.7 3.5344e+42 1.9369e+42 5.5837e+42 1.6807e+43 8.15e+41 2.7031e+41 5.6061e+42 7.9767e+41 3.8803e+41 5.7531e+41 1.5166e+39 1.3861e+41 7.738e+40 2.0115e+42 9.6188e+40 2.3679e+41 2.4423e+41 2.0855e+41 1.3013e+42 1.0919e+42
-1.0 0.3 10000.0 -2.0 2.8432e+42 1.3793e+42 2.8499e+42 8.5782e+42 3.7117e+41 2.0432e+41 3.986e+42 6.0294e+41 2.3171e+41 3.8132e+41 2.0366e+38 3.2934e+40 2.1163e+40 9.7915e+41 3.3551e+40 8.2631e+40 1.1565e+41 9.9816e+40 5.5135e+41 4.6552e+41
-1.0 0.5 100.0 -1.2 9.2554e+41 7.994e+41 6.7704e+41 2.0379e+42 6.827e+41 9.0729e+40 2.5866e+42 2.6774e+41 3.2791e+41 2.3078e+41 6.6214e+41 8.7709e+41 6.4556e+41 2.6325e+42 9.0907e+40 2.2335e+41 4.6334e+39 2.7431e+39 5.2582e+41 3.443e+41
-1.0 0.5 100.0 -1.4 5.2467e+41 5.7521e+41 8.436e+41 2.5392e+42 4.0616e+41 5.0463e+40 1.7939e+42 1.4892e+41 2.1034e+41 1.4809e+41 5.8245e+41 8.198e+41 6.293e+41 2.1741e+42 1.0573e+41 2.5943e+41 6.9023e+39 4.0877e+39 5.4576e+41 3.5739e+41
-1.0 0.5 100.0 -1.7 2.4454e+41 3.7103e+41 1.1333e+42 3.4113e+42 1.5493e+41 1.7717e+40 1.0917e+42 5.2282e+40 1.0347e+41 7.3289e+40 3.7673e+41 6.1e+41 4.8314e+41 1.4524e+42 1.1724e+41 2.8678e+41 1.0695e+40 6.3448e+39 5.3445e+41 3.5002e+41
-1.0 0.5 100.0 -2.0 1.6087e+41 2.9153e+41 1.2435e+42 3.743e+42 4.9189e+40 7.0647e+39 8.3146e+41 2.0848e+40 5.0764e+40 3.6545e+40 1.7425e+41 3.825e+41 2.8954e+41 8.5366e+41 8.2119e+40 2.0008e+41 1.0315e+40 6.1492e+39 4.0144e+41 2.6294e+41
-1.0 0.5 1000.0 -1.2 1.8831e+42 1.748e+42 6.1677e+42 1.8565e+43 1.4955e+42 1.7174e+41 5.268e+42 5.068e+41 8.7449e+41 6.9337e+41 8.1669e+41 2.9992e+42 2.3034e+42 4.9947e+42 5.8593e+41 1.4367e+42 6.4873e+40 3.9698e+40 3.5378e+42 2.3639e+42
-1.0 0.5 1000.0 -1.4 1.4083e+42 1.4537e+42 6.1595e+42 1.854e+43 8.5851e+41 1.0511e+41 4.2617e+42 3.1017e+41 5.8242e+41 4.7009e+41 4.1871e+41 2.1711e+42 1.6537e+42 3.7255e+42 4.6023e+41 1.1276e+42 6.7729e+40 4.1513e+40 2.9937e+42 2.0021e+42
-1.0 0.5 1000.0 -1.7 1.0599e+42 1.1544e+42 4.9682e+42 1.4954e+43 3.2551e+41 5.7305e+40 3.3209e+42 1.6911e+41 2.9342e+41 2.5261e+41 1.0122e+41 1.0619e+42 7.7021e+41 2.0752e+42 2.2981e+41 5.628e+41 5.8037e+40 3.57e+40 1.811e+42 1.2131e+42
-1.0 0.5 1000.0 -2.0 8.9426e+41 9.236e+41 3.343e+42 1.0062e+43 1.181e+41 3.9561e+40 2.6544e+42 1.1674e+41 1.5656e+41 1.4997e+41 2.6036e+40 4.1298e+41 2.7499e+41 1.0459e+42 9.4171e+40 2.3077e+41 4.2561e+40 2.6302e+40 9.0702e+41 6.0849e+41
-1.0 0.5 10000.0 -1.2 4.3853e+42 2.9649e+42 9.2255e+42 2.7769e+43 3.4671e+42 5.5243e+41 8.8382e+42 1.6302e+42 1.7964e+42 2.1061e+42 1.7636e+40 1.0924e+42 5.8811e+41 5.0413e+42 3.7207e+41 9.1589e+41 1.7956e+41 1.4906e+41 3.4683e+42 2.8552e+42
-1.0 0.5 10000.0 -1.4 3.7179e+42 2.5189e+42 7.7615e+42 2.3362e+43 1.9984e+42 4.1988e+41 7.3991e+42 1.2391e+42 1.12e+42 1.3653e+42 8.5429e+39 5.8443e+41 3.1225e+41 3.7031e+42 2.5517e+41 6.2818e+41 1.4941e+41 1.2489e+41 2.4884e+42 2.0592e+42
-1.0 0.5 10000.0 -1.7 3.0069e+42 1.8733e+42 4.8237e+42 1.4519e+43 8.4668e+41 2.9261e+41 5.441e+42 8.6348e+41 5.6384e+41 7.5415e+41 1.7041e+39 1.494e+41 8.2112e+40 2.002e+42 1.0955e+41 2.6978e+41 8.7367e+40 7.39e+40 1.2042e+42 1.0045e+42
-1.0 0.5 10000.0 -2.0 2.4765e+42 1.344e+42 2.5181e+42 7.5795e+42 3.883e+41 2.2363e+41 3.8894e+42 6.5993e+41 3.2603e+41 4.8217e+41 2.2243e+38 3.5436e+40 2.2049e+40 9.7602e+41 3.9841e+40 9.8141e+40 4.3148e+40 3.6887e+40 5.2533e+41 4.4109e+41
