# log(Us)  xid nh alpha [OII]3727 Hbeta [OIII]4959 [OIII]5007 [OI]6300 [NII]6548 Halpha [NII]6584 [SII]6717 [SII]6731 NV1240 CIV1548 CIV1551 HeII1640 OIII]1661 OIII]1666 [SiIII]1883 SiIII]1888 [CIII]1907 CIII]1910 
-2.5 0.1 100.0 -1.2 6.2658e+42 2.3562e+42 1.0917e+43 3.286e+43 7.4888e+41 5.2308e+41 6.9702e+42 1.5436e+42 7.1774e+41 5.4109e+41 3.2035e+41 1.7643e+42 8.9837e+41 5.1788e+42 1.0225e+41 2.4929e+41 1.7534e+41 1.0448e+41 1.7946e+42 1.176e+42
-2.5 0.1 100.0 -1.4 4.4002e+42 2.0341e+42 7.8221e+42 2.3544e+43 3.1681e+41 3.6626e+41 6.0106e+42 1.0808e+42 5.2359e+41 4.0007e+41 1.7333e+41 8.892e+41 4.5619e+41 3.8235e+42 4.6677e+40 1.1354e+41 9.41e+40 5.6621e+40 9.1329e+41 5.9854e+41
-2.5 0.1 100.0 -1.7 2.483e+42 1.5295e+42 4.0571e+42 1.2212e+43 1.3796e+41 2.2104e+41 4.5429e+42 6.5229e+41 3.367e+41 2.5935e+41 6.8539e+40 2.7401e+41 1.4738e+41 2.1094e+42 1.254e+40 3.044e+40 3.2352e+40 2.044e+40 2.9167e+41 1.9123e+41
-2.5 0.1 100.0 -2.0 1.3543e+42 1.106e+42 1.9144e+42 5.7623e+42 7.5234e+40 1.3124e+41 3.3174e+42 3.8729e+41 2.1237e+41 1.6362e+41 3.3209e+40 8.0455e+40 5.0181e+40 1.0634e+42 3.2426e+39 7.8509e+39 1.0571e+40 7.8894e+39 8.9165e+40 5.8537e+40
-2.5 0.1 1000.0 -1.2 6.8009e+42 2.5638e+42 1.3612e+43 4.0971e+43 9.8204e+41 6.5038e+41 7.5288e+42 1.9193e+42 6.4124e+41 6.8927e+41 1.5844e+41 2.0187e+42 1.0166e+42 5.257e+42 1.4779e+41 3.6031e+41 2.6593e+41 1.6511e+41 2.5061e+42 1.6868e+42
-2.5 0.1 1000.0 -1.4 4.9714e+42 2.2312e+42 1.0307e+43 3.1024e+43 4.2806e+41 4.6002e+41 6.5369e+42 1.3575e+42 4.4889e+41 5.1585e+41 6.3152e+40 9.2418e+41 4.6976e+41 3.8713e+42 7.4021e+40 1.8021e+41 1.6419e+41 1.0267e+41 1.4007e+42 9.4382e+41
-2.5 0.1 1000.0 -1.7 3.037e+42 1.6999e+42 5.9528e+42 1.7918e+43 1.8066e+41 2.9364e+41 4.9929e+42 8.6654e+41 2.8728e+41 3.4844e+41 2.5154e+40 2.0917e+41 1.1441e+41 2.1236e+42 2.2427e+40 5.4531e+40 7.3969e+40 4.7329e+40 5.1588e+41 3.4818e+41
-2.5 0.1 1000.0 -2.0 1.8379e+42 1.2424e+42 3.1756e+42 9.5585e+42 1.0353e+41 1.9347e+41 3.6708e+42 5.7093e+41 1.9685e+41 2.4131e+41 1.6301e+40 4.9111e+40 3.3115e+40 1.0622e+42 6.2093e+39 1.5101e+40 3.2341e+40 2.1828e+40 1.7507e+41 1.1836e+41
-2.5 0.1 10000.0 -1.2 7.689e+42 3.0093e+42 1.5068e+43 4.5354e+43 2.4714e+42 1.4732e+42 8.8107e+42 4.3475e+42 6.5897e+41 1.1119e+42 1.3524e+40 3.8411e+41 2.0235e+41 4.9462e+42 1.2766e+41 3.1332e+41 4.8145e+41 4.2412e+41 2.3986e+42 2.0525e+42
-2.5 0.1 10000.0 -1.4 5.9676e+42 2.6041e+42 1.1324e+43 3.4087e+43 1.3045e+42 1.1093e+42 7.5925e+42 3.2735e+42 4.6e+41 8.1809e+41 1.0348e+40 1.5263e+41 8.4125e+40 3.6538e+42 6.6267e+40 1.6268e+41 3.073e+41 2.7377e+41 1.3709e+42 1.1809e+42
-2.5 0.1 10000.0 -1.7 4.096e+42 1.9505e+42 6.1515e+42 1.8516e+43 5.7614e+41 7.856e+41 5.6819e+42 2.3183e+42 2.9842e+41 5.665e+41 3.8748e+39 3.4883e+40 2.3504e+40 1.9899e+42 2.0357e+40 5.0024e+40 1.2555e+41 1.138e+41 5.0638e+41 4.3966e+41
-2.5 0.1 10000.0 -2.0 2.8063e+42 1.3918e+42 2.8917e+42 8.7039e+42 3.3005e+41 5.9382e+41 4.0646e+42 1.7524e+42 2.1795e+41 4.2746e+41 6.5593e+38 1.4249e+40 1.1808e+40 9.7416e+41 5.7238e+39 1.4081e+40 4.406e+40 4.0615e+40 1.769e+41 1.5455e+41
-2.5 0.3 100.0 -1.2 6.9849e+42 1.673e+42 8.9302e+42 2.688e+43 1.6418e+42 6.6823e+41 4.9199e+42 1.972e+42 1.0238e+42 7.5206e+41 4.8116e+41 1.3048e+42 7.8089e+41 4.5591e+42 1.6673e+41 4.082e+41 1.3454e+41 7.9837e+40 2.2523e+42 1.4756e+42
-2.5 0.3 100.0 -1.4 4.8834e+42 1.4067e+42 6.8522e+42 2.0625e+43 7.7754e+41 4.4152e+41 4.1165e+42 1.3029e+42 6.9548e+41 5.1831e+41 2.7679e+41 7.5277e+41 4.4574e+41 3.415e+42 8.745e+40 2.1388e+41 8.1756e+40 4.8653e+40 1.2815e+42 8.3969e+41
-2.5 0.3 100.0 -1.7 2.7787e+42 1.0416e+42 3.9311e+42 1.1833e+43 2.2908e+41 2.4767e+41 3.0545e+42 7.3087e+41 3.9417e+41 2.9929e+41 1.116e+41 2.9086e+41 1.7339e+41 1.9228e+42 2.807e+40 6.8526e+40 3.305e+40 1.9932e+40 4.7532e+41 3.115e+41
-2.5 0.3 100.0 -2.0 1.5909e+42 7.5866e+41 2.0516e+42 6.1755e+42 9.3355e+40 1.4812e+41 2.2422e+42 4.3711e+41 2.3746e+41 1.8208e+41 4.7314e+40 1.0922e+41 6.7976e+40 9.8778e+41 8.5136e+39 2.0743e+40 1.2634e+40 7.9802e+39 1.6844e+41 1.1043e+41
-2.5 0.3 1000.0 -1.2 7.3179e+42 2.0098e+42 1.1541e+43 3.474e+43 1.8887e+42 8.1332e+41 5.8684e+42 2.4001e+42 1.0102e+42 9.7028e+41 2.906e+41 1.547e+42 8.5806e+41 4.9218e+42 2.1314e+41 5.2151e+41 1.7706e+41 1.094e+41 2.8464e+42 1.9128e+42
-2.5 0.3 1000.0 -1.4 5.3376e+42 1.7406e+42 9.1293e+42 2.7479e+43 9.16e+41 5.5979e+41 5.0631e+42 1.6519e+42 6.6598e+41 6.8337e+41 1.228e+41 8.672e+41 4.6884e+41 3.6721e+42 1.1687e+41 2.8568e+41 1.1681e+41 7.2464e+40 1.707e+42 1.1483e+42
-2.5 0.3 1000.0 -1.7 3.2953e+42 1.3466e+42 5.5937e+42 1.6837e+43 2.9456e+41 3.3692e+41 3.9264e+42 9.9426e+41 3.737e+41 4.199e+41 3.4535e+40 2.6572e+41 1.4916e+41 2.0506e+42 3.9785e+40 9.7103e+40 5.72e+40 3.5898e+40 6.897e+41 4.6466e+41
-2.5 0.3 1000.0 -2.0 2.0736e+42 1.0145e+42 3.135e+42 9.4364e+42 1.3055e+41 2.2214e+41 2.9764e+42 6.5552e+41 2.3552e+41 2.7899e+41 1.7923e+40 6.705e+40 4.3065e+40 1.0401e+42 1.1914e+40 2.9082e+40 2.7058e+40 1.7433e+40 2.5214e+41 1.7012e+41
-2.5 0.3 10000.0 -1.2 8.2037e+42 2.746e+42 1.4069e+43 4.2348e+43 3.6012e+42 1.7973e+42 8.0132e+42 5.3039e+42 1.1046e+42 1.6851e+42 1.5363e+40 3.9845e+41 2.2599e+41 4.9003e+42 1.6621e+41 4.0831e+41 2.9855e+41 2.5998e+41 2.5104e+42 2.1302e+42
-2.5 0.3 10000.0 -1.4 6.4605e+42 2.3966e+42 1.0756e+43 3.2376e+43 2.0089e+42 1.3672e+42 6.9665e+42 4.0346e+42 7.4513e+41 1.2e+42 1.0878e+40 1.6815e+41 9.7808e+40 3.6303e+42 8.9335e+40 2.195e+41 1.981e+41 1.7431e+41 1.4861e+42 1.2693e+42
-2.5 0.3 10000.0 -1.7 4.5419e+42 1.8244e+42 5.9917e+42 1.8035e+43 8.5915e+41 9.5267e+41 5.2992e+42 2.8113e+42 4.5087e+41 7.849e+41 3.9338e+39 3.9523e+40 2.618e+40 1.9854e+42 2.8713e+40 7.06e+40 8.6305e+40 7.7125e+40 5.8116e+41 5.0006e+41
-2.5 0.3 10000.0 -2.0 3.2339e+42 1.323e+42 2.9004e+42 8.7301e+42 4.436e+41 7.1608e+41 3.8495e+42 2.1131e+42 3.0693e+41 5.6517e+41 6.6647e+38 1.4918e+40 1.1968e+40 9.7476e+41 8.5563e+39 2.1056e+40 3.3217e+40 3.0079e+40 2.1993e+41 1.9016e+41
-2.5 0.5 100.0 -1.2 6.1893e+42 1.2967e+42 6.4088e+42 1.929e+43 1.9647e+42 7.5873e+41 3.8391e+42 2.239e+42 1.3925e+42 1.0051e+42 6.9354e+41 1.3094e+42 9.66e+41 4.031e+42 2.0817e+41 5.111e+41 5.6232e+40 3.332e+40 2.2974e+42 1.505e+42
-2.5 0.5 100.0 -1.4 4.419e+42 1.055e+42 5.2812e+42 1.5896e+43 1.0226e+42 4.9594e+41 3.0813e+42 1.4635e+42 8.9514e+41 6.5524e+41 4.2721e+41 8.083e+41 6.0318e+41 3.0568e+42 1.2974e+41 3.1836e+41 3.9821e+40 2.362e+40 1.4952e+42 9.7959e+41
-2.5 0.5 100.0 -1.7 2.549e+42 7.6107e+41 3.3365e+42 1.0043e+43 3.4004e+41 2.6998e+41 2.2102e+42 7.9671e+41 4.8114e+41 3.5913e+41 1.8225e+41 3.4406e+41 2.5627e+41 1.7553e+42 5.0547e+40 1.2389e+41 1.8871e+40 1.1241e+40 6.4409e+41 4.2202e+41
-2.5 0.5 100.0 -2.0 1.4831e+42 5.5263e+41 1.8928e+42 5.6974e+42 1.1516e+41 1.5838e+41 1.612e+42 4.6738e+41 2.7443e+41 2.0783e+41 7.4122e+40 1.4239e+41 1.0672e+41 9.1829e+41 1.7732e+40 4.3407e+40 8.0664e+39 4.872e+39 2.5449e+41 1.6677e+41
-2.5 0.5 1000.0 -1.2 6.5204e+42 1.6458e+42 8.8835e+42 2.6739e+43 2.223e+42 9.0434e+41 4.8163e+42 2.6687e+42 1.468e+42 1.3017e+42 4.8362e+41 1.5006e+42 1.1064e+42 4.6058e+42 2.673e+41 6.5591e+41 7.3571e+40 4.5301e+40 2.9152e+42 1.9564e+42
-2.5 0.5 1000.0 -1.4 4.8427e+42 1.4089e+42 7.4139e+42 2.2316e+43 1.1717e+42 6.2596e+41 4.0836e+42 1.8472e+42 9.3165e+41 8.7904e+41 2.2725e+41 8.9501e+41 6.57e+41 3.4765e+42 1.6445e+41 4.0327e+41 5.3138e+40 3.2801e+40 1.9126e+42 1.2847e+42
-2.5 0.5 1000.0 -1.7 3.047e+42 1.0957e+42 4.8595e+42 1.4627e+43 4.132e+41 3.7699e+41 3.1704e+42 1.1125e+42 5.0116e+41 5.1863e+41 5.7048e+40 3.3723e+41 2.374e+41 1.9755e+42 6.4176e+40 1.5723e+41 2.849e+40 1.7695e+40 8.564e+41 5.7604e+41
-2.5 0.5 1000.0 -2.0 1.9675e+42 8.4445e+41 2.8752e+42 8.6542e+42 1.6105e+41 2.4783e+41 2.4567e+42 7.3135e+41 3.0171e+41 3.3458e+41 2.1167e+40 1.0352e+41 7.1769e+40 1.0147e+42 2.151e+40 5.2681e+40 1.4575e+40 9.166e+39 3.4027e+41 2.2919e+41
-2.5 0.5 10000.0 -1.2 7.3586e+42 2.5106e+42 1.2118e+43 3.6475e+43 3.8098e+42 1.9675e+42 7.3276e+42 5.8062e+42 1.6505e+42 2.2858e+42 1.9598e+40 5.0232e+41 2.8376e+41 4.8361e+42 2.1006e+41 5.1654e+41 1.2234e+41 1.0519e+41 2.5574e+42 2.1529e+42
-2.5 0.5 10000.0 -1.4 5.9182e+42 2.2055e+42 9.4748e+42 2.8519e+43 2.2173e+42 1.5406e+42 6.3985e+42 4.5464e+42 1.0862e+42 1.5986e+42 1.2198e+40 2.2349e+41 1.2606e+41 3.5937e+42 1.1854e+41 2.9151e+41 8.5005e+40 7.3809e+40 1.5749e+42 1.3345e+42
-2.5 0.5 10000.0 -1.7 4.2734e+42 1.7045e+42 5.4121e+42 1.6291e+43 9.8942e+41 1.0992e+42 4.9367e+42 3.2437e+42 6.4548e+41 1.0303e+42 4.1071e+39 4.9914e+40 3.1212e+40 1.9739e+42 3.9744e+40 9.7787e+40 3.9183e+40 3.4531e+40 6.384e+41 5.4523e+41
-2.5 0.5 10000.0 -2.0 3.1211e+42 1.2537e+42 2.6641e+42 8.0189e+42 4.9837e+41 8.3023e+41 3.6356e+42 2.45e+42 4.3115e+41 7.3066e+41 6.8818e+38 1.6113e+40 1.2305e+40 9.7242e+41 1.2083e+40 2.9747e+40 1.5838e+40 1.4128e+40 2.4823e+41 2.1307e+41
-2.0 0.1 100.0 -1.2 3.2671e+42 1.6906e+42 1.0527e+43 3.1685e+43 7.448e+41 3.0395e+41 4.925e+42 8.9694e+41 4.5958e+41 3.3871e+41 6.21e+41 2.616e+42 1.3031e+42 4.9806e+42 1.9024e+41 4.5913e+41 1.8708e+41 1.1145e+41 2.1172e+42 1.3871e+42
-2.0 0.1 100.0 -1.4 2.1351e+42 1.461e+42 7.9113e+42 2.3813e+43 2.4098e+41 1.7185e+41 4.2556e+42 5.0712e+41 2.7761e+41 2.0883e+41 3.3067e+41 1.4225e+42 7.1517e+41 3.6742e+42 9.1142e+40 2.1852e+41 1.0596e+41 6.3746e+40 1.1094e+42 7.2697e+41
-2.0 0.1 100.0 -1.7 1.2165e+42 1.1301e+42 4.4309e+42 1.3337e+43 5.7453e+40 9.2937e+40 3.3155e+42 2.7426e+41 1.5126e+41 1.165e+41 1.1352e+41 4.9047e+41 2.5077e+41 2.04e+42 2.6353e+40 6.286e+40 4.1257e+40 2.5972e+40 3.7789e+41 2.4775e+41
-2.0 0.1 100.0 -2.0 7.1218e+41 8.5749e+41 2.2656e+42 6.8195e+42 3.1833e+40 5.7418e+40 2.5438e+42 1.6944e+41 9.7879e+40 7.5537e+40 4.06e+40 1.4308e+41 8.0767e+40 1.0417e+42 7.365e+39 1.7446e+40 1.5781e+40 1.1422e+40 1.2612e+41 8.2809e+40
-2.0 0.1 1000.0 -1.2 4.2508e+42 2.2833e+42 1.5401e+43 4.6356e+43 1.0946e+42 4.8509e+41 6.6345e+42 1.4315e+42 5.4745e+41 5.3668e+41 2.5929e+41 3.114e+42 1.4979e+42 5.4012e+42 2.4744e+41 5.9711e+41 2.8073e+41 1.7426e+41 3.0725e+42 2.0657e+42
-2.0 0.1 1000.0 -1.4 3.0177e+42 2.0272e+42 1.1769e+43 3.5424e+43 4.0472e+41 2.9129e+41 5.8958e+42 8.5958e+41 3.2347e+41 3.4526e+41 9.1314e+40 1.4116e+42 6.876e+41 3.9441e+42 1.1894e+41 2.8639e+41 1.7769e+41 1.1126e+41 1.721e+42 1.1587e+42
-2.0 0.1 1000.0 -1.7 1.9639e+42 1.5974e+42 6.789e+42 2.0435e+43 1.1144e+41 1.7403e+41 4.6733e+42 5.1355e+41 1.7704e+41 2.1175e+41 2.924e+40 2.868e+41 1.498e+41 2.1446e+42 3.2625e+40 7.8523e+40 8.4838e+40 5.4549e+40 6.2673e+41 4.2282e+41
-2.0 0.1 1000.0 -2.0 1.3259e+42 1.201e+42 3.5726e+42 1.0754e+43 6.6673e+40 1.2716e+41 3.5377e+42 3.7526e+41 1.2876e+41 1.5838e+41 1.7644e+40 5.7748e+40 3.7622e+40 1.0672e+42 8.2581e+39 1.9935e+40 3.8344e+40 2.6111e+40 2.0717e+41 1.4005e+41
-2.0 0.1 10000.0 -1.2 7.5493e+42 3.0428e+42 1.5804e+43 4.7569e+43 2.9019e+42 1.5468e+42 8.8988e+42 4.5646e+42 7.4432e+41 1.2138e+42 1.416e+40 4.0926e+41 2.156e+41 4.9814e+42 1.3837e+41 3.3942e+41 5.0726e+41 4.4635e+41 2.5496e+42 2.1794e+42
-2.0 0.1 10000.0 -1.4 5.7911e+42 2.6258e+42 1.1786e+43 3.5475e+43 1.4271e+42 1.1063e+42 7.6541e+42 3.2648e+42 4.7727e+41 8.2863e+41 1.0787e+40 1.5999e+41 8.8033e+40 3.666e+42 7.0665e+40 1.7341e+41 3.2178e+41 2.8645e+41 1.4375e+42 1.2376e+42
-2.0 0.1 10000.0 -1.7 4.0101e+42 1.9589e+42 6.3201e+42 1.9023e+43 5.7302e+41 7.6592e+41 5.7038e+42 2.2602e+42 2.9186e+41 5.4995e+41 4.043e+39 3.5763e+40 2.4019e+40 1.9863e+42 2.1234e+40 5.2169e+40 1.2977e+41 1.1758e+41 5.2269e+41 4.5368e+41
-2.0 0.1 10000.0 -2.0 2.7843e+42 1.3922e+42 2.9414e+42 8.8535e+42 3.2226e+41 5.8518e+41 4.0629e+42 1.7269e+42 2.1272e+41 4.1686e+41 6.7301e+38 1.4435e+40 1.1976e+40 9.6839e+41 5.8965e+39 1.4505e+40 4.5147e+40 4.1604e+40 1.8112e+41 1.5819e+41
-2.0 0.3 100.0 -1.2 3.8412e+42 1.0085e+42 5.9037e+42 1.777e+43 1.606e+42 4.6692e+41 2.9786e+42 1.3779e+42 6.9438e+41 4.9794e+41 8.5147e+41 1.4695e+42 9.3159e+41 3.7658e+42 2.383e+41 5.8187e+41 1.0736e+41 6.3638e+40 2.315e+42 1.5164e+42
-2.0 0.3 100.0 -1.4 2.355e+42 8.0202e+41 4.9905e+42 1.5021e+43 7.5999e+41 2.5131e+41 2.3286e+42 7.4163e+41 4.0433e+41 2.9332e+41 5.0181e+41 9.4057e+41 5.7875e+41 2.8861e+42 1.4525e+41 3.539e+41 7.403e+40 4.3968e+40 1.4327e+42 9.3855e+41
-2.0 0.3 100.0 -1.7 1.1889e+42 5.8843e+41 3.3162e+42 9.9819e+42 1.882e+41 1.0489e+41 1.6984e+42 3.0954e+41 1.8382e+41 1.3676e+41 1.9397e+41 4.02e+41 2.4447e+41 1.7031e+42 5.264e+40 1.277e+41 3.3713e+40 2.0221e+40 5.6706e+41 3.7156e+41
-2.0 0.3 100.0 -2.0 6.8744e+41 4.5606e+41 1.9652e+42 5.9151e+42 4.2385e+40 5.6589e+40 1.3272e+42 1.6699e+41 9.6538e+40 7.3642e+40 6.8244e+40 1.5729e+41 9.5447e+40 9.1819e+41 1.6618e+40 4.0106e+40 1.4299e+40 8.905e+39 2.0815e+41 1.3644e+41
-2.0 0.3 1000.0 -1.2 4.7824e+42 1.6469e+42 1.1538e+43 3.4728e+43 2.0241e+42 6.4059e+41 4.7812e+42 1.8904e+42 9.1238e+41 8.0897e+41 4.7038e+41 1.9174e+42 1.0405e+42 4.9132e+42 3.3072e+41 8.0534e+41 1.6981e+41 1.0475e+41 3.3631e+42 2.2571e+42
-2.0 0.3 1000.0 -1.4 3.3083e+42 1.4458e+42 9.5076e+42 2.8618e+43 9.6448e+41 3.9292e+41 4.175e+42 1.1595e+42 5.4326e+41 5.1028e+41 1.8613e+41 1.1125e+42 5.722e+41 3.6723e+42 1.7848e+41 4.3383e+41 1.1628e+41 7.2059e+40 2.0326e+42 1.366e+42
-2.0 0.3 1000.0 -1.7 2.0949e+42 1.1759e+42 6.0296e+42 1.8149e+43 2.6732e+41 2.1351e+41 3.4109e+42 6.3007e+41 2.6489e+41 2.801e+41 4.2448e+40 3.2874e+41 1.7751e+41 2.0562e+42 5.5686e+40 1.3517e+41 6.0824e+40 3.8205e+40 8.0867e+41 5.4454e+41
-2.0 0.3 1000.0 -2.0 1.4573e+42 9.3216e+41 3.4029e+42 1.0243e+43 9.1773e+40 1.4632e+41 2.727e+42 4.3178e+41 1.5973e+41 1.8647e+41 1.9505e+40 7.6354e+40 4.8405e+40 1.0415e+42 1.5235e+40 3.7018e+40 3.0217e+40 1.9545e+40 2.8698e+41 1.936e+41
-2.0 0.3 10000.0 -1.2 8.0733e+42 2.7586e+42 1.4681e+43 4.419e+43 4.2148e+42 1.8876e+42 8.0443e+42 5.5704e+42 1.2951e+42 1.904e+42 1.6118e+40 4.2014e+41 2.4019e+41 4.9321e+42 1.7917e+41 4.3997e+41 3.1162e+41 2.7106e+41 2.6534e+42 2.2489e+42
-2.0 0.3 10000.0 -1.4 6.2688e+42 2.3997e+42 1.1155e+43 3.3577e+43 2.2366e+42 1.3812e+42 6.973e+42 4.0759e+42 8.1e+41 1.2633e+42 1.1328e+40 1.7583e+41 1.0262e+41 3.6418e+42 9.4965e+40 2.3326e+41 2.0592e+41 1.8106e+41 1.5506e+42 1.3236e+42
-2.0 0.3 10000.0 -1.7 4.4297e+42 1.8229e+42 6.1462e+42 1.85e+43 8.8391e+41 9.3583e+41 5.2954e+42 2.7616e+42 4.5324e+41 7.7705e+41 4.0948e+39 4.0621e+40 2.6851e+40 1.9818e+42 2.9921e+40 7.3559e+40 8.8823e+40 7.9346e+40 5.971e+41 5.1367e+41
-2.0 0.3 10000.0 -2.0 3.1942e+42 1.3192e+42 2.9458e+42 8.8668e+42 4.3835e+41 7.0529e+41 3.8384e+42 2.0813e+42 3.0227e+41 5.5406e+41 6.8282e+38 1.5144e+40 1.2159e+40 9.6897e+41 8.7929e+39 2.1637e+40 3.3871e+40 3.0664e+40 2.2402e+41 1.9367e+41
-2.0 0.5 100.0 -1.2 3.2911e+42 7.8066e+41 3.1421e+42 9.4576e+42 1.6628e+42 5.3862e+41 2.3917e+42 1.5895e+42 8.9172e+41 6.3214e+41 1.038e+42 1.2293e+42 9.4913e+41 2.9807e+42 1.8381e+41 4.5089e+41 2.7708e+40 1.6409e+40 1.7139e+42 1.1226e+42
-2.0 0.5 100.0 -1.4 2.0745e+42 5.8226e+41 2.8621e+42 8.6149e+42 8.8289e+41 2.9909e+41 1.7294e+42 8.8262e+41 5.2714e+41 3.7628e+41 6.8776e+41 8.5475e+41 6.6745e+41 2.3406e+42 1.4033e+41 3.4392e+41 2.4209e+40 1.4345e+40 1.2683e+42 8.3081e+41
-2.0 0.5 100.0 -1.7 1.0466e+42 3.9383e+41 2.2136e+42 6.6628e+42 2.7959e+41 1.2151e+41 1.1356e+42 3.5859e+41 2.3098e+41 1.6813e+41 3.0627e+41 4.1231e+41 3.2156e+41 1.4445e+42 7.2939e+40 1.7837e+41 1.5045e+40 8.94e+39 6.5557e+41 4.2947e+41
-2.0 0.5 100.0 -2.0 5.9278e+41 2.972e+41 1.5166e+42 4.565e+42 7.6451e+40 6.0106e+40 8.5351e+41 1.7737e+41 1.1477e+41 8.5635e+40 1.1616e+41 1.823e+41 1.3717e+41 8.1511e+41 2.894e+40 7.0562e+40 7.4067e+39 4.4483e+39 2.8181e+41 1.8465e+41
-2.0 0.5 1000.0 -1.2 4.2638e+42 1.3234e+42 7.939e+42 2.3897e+43 2.175e+42 7.1252e+41 3.8924e+42 2.1026e+42 1.2421e+42 1.0401e+42 7.5606e+41 1.7147e+42 1.3239e+42 4.4862e+42 3.592e+41 8.7945e+41 6.1988e+40 3.8097e+40 3.1734e+42 2.1268e+42
-2.0 0.5 1000.0 -1.4 3.0132e+42 1.1288e+42 7.1029e+42 2.138e+43 1.1536e+42 4.4288e+41 3.263e+42 1.3069e+42 7.6821e+41 6.7097e+41 3.4477e+41 1.031e+42 7.8848e+41 3.4219e+42 2.2989e+41 5.622e+41 4.8488e+40 2.9882e+40 2.1646e+42 1.4524e+42
-2.0 0.5 1000.0 -1.7 1.9376e+42 9.1948e+41 5.0104e+42 1.5081e+43 3.8591e+41 2.4516e+41 2.6461e+42 7.2346e+41 3.7199e+41 3.6068e+41 7.4682e+40 3.8365e+41 2.781e+41 1.9674e+42 8.6416e+40 2.1107e+41 2.8586e+40 1.7744e+40 9.7985e+41 6.5867e+41
-2.0 0.5 1000.0 -2.0 1.3749e+42 7.5269e+41 3.0445e+42 9.164e+42 1.3528e+41 1.6693e+41 2.1815e+42 4.9262e+41 2.1797e+41 2.3386e+41 2.3461e+40 1.1496e+41 8.1499e+40 1.0139e+42 2.6742e+40 6.5323e+40 1.56e+40 9.8198e+39 3.8041e+41 2.5617e+41
-2.0 0.5 10000.0 -1.2 7.2142e+42 2.5112e+42 1.2608e+43 3.7951e+43 4.3734e+42 2.022e+42 7.3329e+42 5.967e+42 1.9104e+42 2.5561e+42 2.0717e+40 5.3403e+41 3.034e+41 4.8662e+42 2.2603e+41 5.5566e+41 1.2707e+41 1.0913e+41 2.6982e+42 2.2686e+42
-2.0 0.5 10000.0 -1.4 5.7384e+42 2.1985e+42 9.8043e+42 2.9511e+43 2.456e+42 1.5444e+42 6.3776e+42 4.5576e+42 1.1984e+42 1.7017e+42 1.272e+40 2.3489e+41 1.3274e+41 3.6043e+42 1.2579e+41 3.0927e+41 8.7974e+40 7.6325e+40 1.6411e+42 1.3896e+42
-2.0 0.5 10000.0 -1.7 4.1654e+42 1.6967e+42 5.5448e+42 1.669e+43 1.0314e+42 1.0832e+42 4.9135e+42 3.1964e+42 6.5824e+41 1.0314e+42 4.2654e+39 5.138e+40 3.2067e+40 1.9703e+42 4.1334e+40 1.0169e+41 4.0186e+40 3.54e+40 6.5472e+41 5.5903e+41
-2.0 0.5 10000.0 -2.0 3.0798e+42 1.248e+42 2.7055e+42 8.1436e+42 5.0032e+41 8.1928e+41 3.6193e+42 2.4177e+42 4.2993e+41 7.223e+41 7.043e+38 1.6368e+40 1.2532e+40 9.6683e+41 1.241e+40 3.0552e+40 1.6122e+40 1.4378e+40 2.5252e+41 2.1672e+41
-3.5 0.1 100.0 -1.2 1.216e+43 2.7446e+42 4.785e+42 1.4403e+43 1.223e+42 1.321e+42 8.2717e+42 3.8984e+42 2.3799e+42 1.8107e+42 4.1808e+40 2.2323e+41 1.1964e+41 4.3427e+42 1.3977e+40 3.4395e+40 7.1096e+40 4.2313e+40 4.5152e+41 2.9591e+41
-3.5 0.1 100.0 -1.4 8.769e+42 2.4382e+42 3.4513e+42 1.0389e+43 8.4626e+41 1.0373e+42 7.3356e+42 3.061e+42 1.9513e+42 1.4882e+42 3.2576e+40 1.1628e+41 6.6426e+40 3.3068e+42 6.5374e+39 1.6086e+40 3.8105e+40 2.2806e+40 2.3667e+41 1.5513e+41
-3.5 0.1 100.0 -1.7 4.7342e+42 1.8539e+42 1.7885e+42 5.3833e+42 4.4676e+41 6.398e+41 5.5907e+42 1.888e+42 1.2669e+42 9.6866e+41 2.4094e+40 4.5009e+40 3.0642e+40 1.889e+42 1.7362e+39 4.2716e+39 1.2458e+40 7.6516e+39 7.57e+40 4.9631e+40
-3.5 0.1 100.0 -2.0 2.3678e+42 1.3297e+42 8.2173e+41 2.4734e+42 2.1688e+41 3.6602e+41 4.0325e+42 1.0801e+42 7.5023e+41 5.7512e+41 1.8004e+40 2.3406e+40 1.8966e+40 9.7566e+41 4.0622e+38 9.9929e+38 3.5802e+39 2.4177e+39 2.149e+40 1.4102e+40
-3.5 0.1 1000.0 -1.2 1.3859e+43 2.7714e+42 6.2159e+42 1.871e+43 1.4997e+42 1.5479e+42 8.258e+42 4.5677e+42 1.914e+42 2.2079e+42 2.9467e+40 2.9696e+41 1.5686e+41 4.3005e+42 2.7761e+40 6.8319e+40 1.3977e+41 8.6921e+40 7.8135e+41 5.2694e+41
-3.5 0.1 1000.0 -1.4 1.0517e+43 2.4583e+42 4.7704e+42 1.4359e+43 1.0524e+42 1.2539e+42 7.301e+42 3.7002e+42 1.5846e+42 1.8571e+42 2.1734e+40 1.5088e+41 8.3505e+40 3.2684e+42 1.5228e+40 3.7472e+40 8.7151e+40 5.4392e+40 4.634e+41 3.1276e+41
-3.5 0.1 1000.0 -1.7 6.2124e+42 1.8663e+42 2.7807e+42 8.3698e+42 5.7771e+41 8.1978e+41 5.5394e+42 2.4192e+42 1.0633e+42 1.2665e+42 1.5315e+40 5.0091e+40 3.2335e+40 1.8608e+42 5.3498e+39 1.3163e+40 3.7269e+40 2.3506e+40 1.8356e+41 1.2403e+41
-3.5 0.1 1000.0 -2.0 3.4553e+42 1.3382e+42 1.4838e+42 4.4662e+42 2.9827e+41 5.0413e+41 3.9816e+42 1.4877e+42 6.6107e+41 7.9832e+41 9.5955e+39 2.151e+40 1.7071e+40 9.5694e+41 1.7256e+39 4.2455e+39 1.4699e+40 9.5118e+39 6.6367e+40 4.49e+40
-3.5 0.1 10000.0 -1.2 9.9757e+42 2.8351e+42 7.9189e+42 2.3836e+43 2.2621e+42 1.8762e+42 8.3313e+42 5.5366e+42 9.459e+41 1.7351e+42 6.4934e+39 1.341e+41 7.263e+40 4.1558e+42 4.9569e+40 1.2202e+41 2.4896e+41 2.2127e+41 1.1439e+42 9.8303e+41
-3.5 0.1 10000.0 -1.4 7.8855e+42 2.5133e+42 6.1981e+42 1.8656e+43 1.5837e+42 1.5597e+42 7.3538e+42 4.6027e+42 7.6211e+41 1.4284e+42 4.4322e+39 6.5036e+40 3.8067e+40 3.1439e+42 2.8772e+40 7.0829e+40 1.646e+41 1.4755e+41 7.132e+41 6.1599e+41
-3.5 0.1 10000.0 -1.7 5.0496e+42 1.91e+42 3.6156e+42 1.0883e+43 8.9453e+41 1.0844e+42 5.5773e+42 3.2e+42 5.1412e+41 9.849e+41 1.4116e+39 2.1962e+40 1.5907e+40 1.7634e+42 1.04e+40 2.5606e+40 7.2327e+40 6.5725e+40 2.9674e+41 2.5808e+41
-3.5 0.1 10000.0 -2.0 3.1063e+42 1.3703e+42 1.8297e+42 5.5073e+42 4.9816e+41 7.2637e+41 4.0042e+42 2.1435e+42 3.3786e+41 6.5545e+41 2.6422e+38 1.1582e+40 9.6442e+39 8.8162e+41 3.3202e+39 8.1766e+39 2.7597e+40 2.544e+40 1.1334e+41 9.918e+40
-3.5 0.3 100.0 -1.2 1.6588e+43 2.5582e+42 5.1218e+42 1.5417e+43 2.0497e+42 1.7619e+42 7.6254e+42 5.1994e+42 3.4509e+42 2.5979e+42 5.697e+40 2.8155e+41 1.5094e+41 4.2732e+42 2.5363e+40 6.2435e+40 6.5376e+40 3.882e+40 6.7446e+41 4.4195e+41
-3.5 0.3 100.0 -1.4 1.2775e+43 2.2767e+42 3.8613e+42 1.1622e+43 1.4063e+42 1.4271e+42 6.7763e+42 4.2114e+42 2.8491e+42 2.154e+42 4.2132e+40 1.6262e+41 9.0673e+40 3.2566e+42 1.3456e+40 3.3122e+40 3.9284e+40 2.3381e+40 3.9992e+41 2.6207e+41
-3.5 0.3 100.0 -1.7 7.6765e+42 1.7327e+42 2.1647e+42 6.5156e+42 7.6589e+41 9.323e+41 5.1655e+42 2.7512e+42 1.9068e+42 1.4479e+42 2.8371e+40 6.7637e+40 4.2329e+40 1.8619e+42 4.4367e+39 1.092e+40 1.561e+40 9.3751e+39 1.5817e+41 1.0366e+41
-3.5 0.3 100.0 -2.0 4.3271e+42 1.2425e+42 1.098e+42 3.3051e+42 4.0911e+41 5.72e+41 3.7186e+42 1.688e+42 1.1942e+42 9.0941e+41 2.0207e+40 3.2034e+40 2.359e+40 9.6207e+41 1.3356e+39 3.287e+39 5.6809e+39 3.5047e+39 5.7652e+40 3.7791e+40
-3.5 0.3 1000.0 -1.2 1.6869e+43 2.5988e+42 6.2217e+42 1.8727e+43 2.3168e+42 1.9373e+42 7.6779e+42 5.7171e+42 2.7498e+42 2.9845e+42 4.1952e+40 3.5793e+41 1.9001e+41 4.2474e+42 4.2053e+40 1.0352e+41 1.0541e+41 6.5356e+40 9.7774e+41 6.5842e+41
-3.5 0.3 1000.0 -1.4 1.3307e+43 2.3107e+42 4.8803e+42 1.469e+43 1.5855e+42 1.5939e+42 6.8085e+42 4.7037e+42 2.2432e+42 2.4947e+42 2.8068e+40 2.034e+41 1.1123e+41 3.2328e+42 2.4674e+40 6.0736e+40 6.9683e+40 4.3304e+40 6.2049e+41 4.1809e+41
-3.5 0.3 1000.0 -1.7 8.3342e+42 1.7591e+42 2.9383e+42 8.8442e+42 8.6385e+41 1.0722e+42 5.1818e+42 3.1641e+42 1.4949e+42 1.708e+42 1.7187e+40 7.3579e+40 4.4669e+40 1.8446e+42 9.5608e+39 2.3532e+40 3.2485e+40 2.0305e+40 2.7235e+41 1.8367e+41
-3.5 0.3 1000.0 -2.0 4.9225e+42 1.2629e+42 1.6204e+42 4.8775e+42 4.6683e+41 6.8149e+41 3.7275e+42 2.0111e+42 9.4622e+41 1.1007e+42 1.033e+40 2.7814e+40 2.0454e+40 9.5051e+41 3.3692e+39 8.2922e+39 1.4002e+40 8.8612e+39 1.0915e+41 7.3675e+40
-3.5 0.3 10000.0 -1.2 1.1273e+43 2.7055e+42 7.685e+42 2.3132e+43 3.1433e+42 2.2637e+42 7.9171e+42 6.68e+42 1.4445e+42 2.4475e+42 7.0366e+39 1.4887e+41 8.1691e+40 4.1405e+42 6.6126e+40 1.6282e+41 1.6702e+41 1.4668e+41 1.2778e+42 1.0883e+42
-3.5 0.3 10000.0 -1.4 9.1516e+42 2.4071e+42 6.0991e+42 1.8358e+43 2.1633e+42 1.8999e+42 7.0161e+42 5.6067e+42 1.1326e+42 1.9768e+42 4.6522e+39 7.3891e+40 4.3096e+40 3.1367e+42 3.9751e+40 9.7878e+40 1.15e+41 1.0177e+41 8.3235e+41 7.1201e+41
-3.5 0.3 10000.0 -1.7 6.1005e+42 1.8362e+42 3.6309e+42 1.0929e+43 1.1959e+42 1.3438e+42 5.3393e+42 3.9656e+42 7.3702e+41 1.334e+42 1.4546e+39 2.4161e+40 1.693e+40 1.7635e+42 1.5111e+40 3.721e+40 5.4181e+40 4.8506e+40 3.7177e+41 3.1982e+41
-3.5 0.3 10000.0 -2.0 3.9077e+42 1.3232e+42 1.8825e+42 5.6663e+42 6.7171e+41 9.192e+41 3.8484e+42 2.7126e+42 4.7609e+41 8.8337e+41 2.7141e+38 1.1811e+40 9.5294e+39 8.8363e+41 5.1276e+39 1.263e+40 2.2706e+40 2.0549e+40 1.5403e+41 1.3312e+41
-3.5 0.5 100.0 -1.2 1.6911e+43 2.384e+42 4.9113e+42 1.4783e+43 2.4957e+42 2.0962e+42 7.0641e+42 6.1858e+42 4.5588e+42 3.3979e+42 7.9511e+40 3.3816e+41 1.8932e+41 4.1825e+42 4.2062e+40 1.0358e+41 3.6441e+40 2.1612e+40 8.5998e+41 5.6347e+41
-3.5 0.5 100.0 -1.4 1.3464e+43 2.1223e+42 3.8243e+42 1.1511e+43 1.6846e+42 1.7229e+42 6.2748e+42 5.0842e+42 3.7293e+42 2.7951e+42 5.7023e+40 2.1238e+41 1.2177e+41 3.1919e+42 2.4599e+40 6.0574e+40 2.389e+40 1.4183e+40 5.5052e+41 3.6072e+41
-3.5 0.5 100.0 -1.7 8.511e+42 1.6147e+42 2.2528e+42 6.781e+42 8.8519e+41 1.1549e+42 4.7765e+42 3.408e+42 2.4766e+42 1.8683e+42 3.5115e+40 9.6574e+40 5.9252e+40 1.8277e+42 9.4252e+39 2.3207e+40 1.083e+40 6.4529e+39 2.4433e+41 1.601e+41
-3.5 0.5 100.0 -2.0 5.0452e+42 1.1587e+42 1.2048e+42 3.6265e+42 4.6827e+41 7.2929e+41 3.438e+42 2.1521e+42 1.5545e+42 1.1783e+42 2.3153e+40 4.5626e+40 3.1323e+40 9.4561e+41 3.321e+39 8.1767e+39 4.5153e+39 2.715e+39 1.001e+41 6.5597e+40
-3.5 0.5 1000.0 -1.2 1.6373e+43 2.4355e+42 5.6738e+42 1.7078e+43 2.7302e+42 2.2426e+42 7.167e+42 6.6179e+42 3.7155e+42 3.8027e+42 6.1085e+40 4.1022e+41 2.2838e+41 4.1763e+42 6.0284e+40 1.4846e+41 5.0788e+40 3.1408e+40 1.1155e+42 7.5035e+41
-3.5 0.5 1000.0 -1.4 1.3238e+43 2.1673e+42 4.5413e+42 1.3669e+43 1.843e+42 1.8634e+42 6.3569e+42 5.4988e+42 2.98e+42 3.1422e+42 3.8827e+40 2.5536e+41 1.4474e+41 3.1837e+42 3.7715e+40 9.2873e+40 3.5497e+40 2.1986e+40 7.4706e+41 5.0279e+41
-3.5 0.5 1000.0 -1.7 8.5789e+42 1.6526e+42 2.806e+42 8.4462e+42 9.6586e+41 1.2732e+42 4.8429e+42 3.7572e+42 1.9405e+42 2.1226e+42 2.0463e+40 1.0505e+41 6.2948e+40 1.8209e+42 1.5986e+40 3.9362e+40 1.7815e+40 1.1072e+40 3.5327e+41 2.3793e+41
-3.5 0.5 1000.0 -2.0 5.2373e+42 1.1895e+42 1.584e+42 4.7679e+42 5.1074e+41 8.2362e+41 3.4908e+42 2.4305e+42 1.2097e+42 1.3603e+42 1.1385e+40 3.9502e+40 2.6956e+40 9.4056e+41 6.1162e+39 1.5059e+40 8.2249e+39 5.1437e+39 1.5185e+41 1.0235e+41
-3.5 0.5 10000.0 -1.2 1.042e+43 2.5772e+42 6.7929e+42 2.0447e+43 3.4166e+42 2.5596e+42 7.5387e+42 7.5534e+42 2.0814e+42 3.2348e+42 8.1673e+39 1.7779e+41 9.6088e+40 4.1089e+42 8.4266e+40 2.0754e+41 7.1328e+40 6.1911e+40 1.3211e+42 1.1172e+42
-3.5 0.5 10000.0 -1.4 8.6302e+42 2.2985e+42 5.4755e+42 1.6481e+43 2.3302e+42 2.167e+42 6.6922e+42 6.3948e+42 1.5948e+42 2.567e+42 5.1065e+39 9.1314e+40 5.1631e+40 3.1178e+42 5.284e+40 1.3014e+41 5.1274e+40 4.481e+40 8.9351e+41 7.5877e+41
-3.5 0.5 10000.0 -1.7 5.9219e+42 1.7613e+42 3.318e+42 9.9873e+42 1.2621e+42 1.5536e+42 5.1121e+42 4.5848e+42 1.0083e+42 1.699e+42 1.5345e+39 2.8353e+40 1.8806e+40 1.7573e+42 2.0982e+40 5.1681e+40 2.5564e+40 2.258e+40 4.174e+41 3.564e+41
-3.5 0.5 10000.0 -2.0 3.8992e+42 1.2742e+42 1.7426e+42 5.2454e+42 6.9794e+41 1.0776e+42 3.6959e+42 3.1801e+42 6.3528e+41 1.1091e+42 2.8259e+38 1.2229e+40 9.393e+39 8.8314e+41 7.299e+39 1.7981e+40 1.1292e+40 1.0069e+40 1.7957e+41 1.5398e+41
-3.0 0.1 100.0 -1.2 1.0016e+43 2.6819e+42 8.2598e+42 2.4862e+43 8.7265e+41 9.084e+41 8.022e+42 2.6807e+42 1.3156e+42 1.0025e+42 1.1771e+41 7.3166e+41 3.8374e+41 4.9642e+42 4.027e+40 9.8811e+40 1.3445e+41 8.0046e+40 1.0231e+42 6.7046e+41
-3.0 0.1 100.0 -1.4 7.1614e+42 2.3421e+42 5.8816e+42 1.7704e+43 5.2794e+41 6.9423e+41 6.9951e+42 2.0487e+42 1.055e+42 8.0825e+41 7.1761e+40 3.5939e+41 1.9316e+41 3.716e+42 1.8187e+40 4.4597e+40 7.0695e+40 4.24e+40 5.2175e+41 3.4197e+41
-3.0 0.1 100.0 -1.7 3.936e+42 1.7627e+42 3.0001e+42 9.0304e+42 2.768e+41 4.2719e+41 5.2854e+42 1.2606e+42 6.9764e+41 5.3592e+41 3.8342e+40 1.1353e+41 6.7075e+40 2.0767e+42 4.7137e+39 1.1552e+40 2.2877e+40 1.4231e+40 1.6442e+41 1.0781e+41
-3.0 0.1 100.0 -2.0 2.0449e+42 1.2628e+42 1.3704e+42 4.125e+42 1.4376e+41 2.4825e+41 3.8158e+42 7.3258e+41 4.2605e+41 3.2761e+41 2.5128e+40 4.1894e+40 2.9887e+40 1.0537e+42 1.1353e+39 2.7805e+39 6.769e+39 4.8178e+39 4.8082e+40 3.1559e+40
-3.0 0.1 1000.0 -1.2 1.0811e+43 2.7445e+42 1.0313e+43 3.1041e+43 1.0823e+42 1.052e+42 8.1302e+42 3.1043e+42 1.0542e+42 1.2058e+42 6.9012e+40 9.17e+41 4.7864e+41 4.9344e+42 6.9405e+40 1.7031e+41 2.2807e+41 1.4168e+41 1.5872e+42 1.0696e+42
-3.0 0.1 1000.0 -1.4 8.0689e+42 2.3958e+42 7.8285e+42 2.3564e+43 6.4653e+41 8.2319e+41 7.0738e+42 2.4292e+42 8.3697e+41 9.8881e+41 3.6496e+40 4.3234e+41 2.2997e+41 3.6858e+42 3.6131e+40 8.8621e+40 1.393e+41 8.6966e+40 9.074e+41 6.1204e+41
-3.0 0.1 1000.0 -1.7 4.7892e+42 1.8074e+42 4.5256e+42 1.3622e+43 3.4005e+41 5.346e+41 5.3409e+42 1.5776e+42 5.6591e+41 6.8367e+41 2.0767e+40 1.142e+41 6.6298e+40 2.0533e+42 1.18e+40 2.8925e+40 5.9278e+40 3.7606e+40 3.4424e+41 2.3249e+41
-3.0 0.1 1000.0 -2.0 2.7349e+42 1.2989e+42 2.4204e+42 7.2853e+42 1.8328e+41 3.3493e+41 3.8526e+42 9.8837e+41 3.6665e+41 4.4704e+41 1.4102e+40 3.4585e+40 2.4546e+40 1.0372e+42 3.5862e+39 8.7891e+39 2.4133e+40 1.5936e+40 1.2107e+41 8.1881e+40
-3.0 0.1 10000.0 -1.2 8.5712e+42 2.9288e+42 1.2475e+43 3.755e+43 2.0742e+42 1.5396e+42 8.5928e+42 4.5433e+42 6.7497e+41 1.1976e+42 1.1346e+40 2.8471e+41 1.5045e+41 4.72e+42 9.5205e+40 2.3399e+41 3.9962e+41 3.5323e+41 1.9186e+42 1.6452e+42
-3.0 0.1 10000.0 -1.4 6.718e+42 2.557e+42 9.5578e+42 2.8769e+43 1.2516e+42 1.2361e+42 7.4687e+42 3.6476e+42 5.1405e+41 9.4686e+41 8.5279e+39 1.2053e+41 6.7179e+40 3.5195e+42 5.1723e+40 1.2713e+41 2.5847e+41 2.3079e+41 1.1366e+42 9.8029e+41
-3.0 0.1 10000.0 -1.7 4.4554e+42 1.9279e+42 5.3663e+42 1.6153e+43 6.4284e+41 8.7971e+41 5.6236e+42 2.596e+42 3.4638e+41 6.6528e+41 3.0092e+39 3.0748e+40 2.1032e+40 1.9382e+42 1.6941e+40 4.166e+40 1.0871e+41 9.8638e+40 4.3982e+41 3.8214e+41
-3.0 0.1 10000.0 -2.0 2.9159e+42 1.3803e+42 2.6013e+42 7.83e+42 3.7087e+41 6.3376e+41 4.0312e+42 1.8702e+42 2.4533e+41 4.8091e+41 5.2871e+38 1.3437e+40 1.1163e+40 9.5579e+41 5.0029e+39 1.2312e+40 3.9397e+40 3.6324e+40 1.589e+41 1.3891e+41
-3.0 0.3 100.0 -1.2 1.2028e+43 2.2878e+42 8.1054e+42 2.4397e+43 1.6517e+42 1.1317e+42 6.779e+42 3.3397e+42 1.8276e+42 1.3702e+42 1.7805e+41 7.6875e+41 4.2453e+41 4.7248e+42 7.0257e+40 1.7259e+41 1.1148e+41 6.6193e+40 1.3771e+42 9.0237e+41
-3.0 0.3 100.0 -1.4 8.936e+42 1.9907e+42 6.0533e+42 1.822e+43 9.2428e+41 8.6467e+41 5.8887e+42 2.5516e+42 1.4231e+42 1.076e+42 1.093e+41 4.3184e+41 2.4107e+41 3.5512e+42 3.6023e+40 8.8463e+40 6.5723e+40 3.9137e+40 7.8419e+41 5.1388e+41
-3.0 0.3 100.0 -1.7 5.2518e+42 1.4929e+42 3.3465e+42 1.0073e+43 4.0814e+41 5.4304e+41 4.4284e+42 1.6025e+42 9.1195e+41 6.9539e+41 5.3482e+40 1.6357e+41 9.5707e+40 1.996e+42 1.143e+40 2.8053e+40 2.5597e+40 1.5434e+40 2.9574e+41 1.9383e+41
-3.0 0.3 100.0 -2.0 2.9567e+42 1.0698e+42 1.6805e+42 5.0582e+42 2.1209e+41 3.3001e+41 3.1926e+42 9.7387e+41 5.7061e+41 4.3656e+41 3.0578e+40 6.4152e+40 4.1669e+40 1.0177e+42 3.4121e+39 8.3703e+39 9.3278e+39 5.8524e+39 1.0553e+41 6.9188e+40
-3.0 0.3 1000.0 -1.2 1.2087e+43 2.405e+42 9.7161e+42 2.9245e+43 1.8883e+42 1.271e+42 7.071e+42 3.7509e+42 1.5235e+42 1.6021e+42 1.1814e+41 9.4658e+41 5.1213e+41 4.7719e+42 1.0389e+41 2.5521e+41 1.6151e+41 9.9989e+40 1.8741e+42 1.2612e+42
-3.0 0.3 1000.0 -1.4 9.2137e+42 2.1011e+42 7.5708e+42 2.2788e+43 1.0685e+42 9.8644e+41 6.1598e+42 2.911e+42 1.1569e+42 1.2712e+42 5.9316e+40 5.2178e+41 2.8365e+41 3.5816e+42 5.842e+40 1.4346e+41 1.0499e+41 6.5197e+40 1.1451e+42 7.7122e+41
-3.0 0.3 1000.0 -1.7 5.6753e+42 1.5913e+42 4.543e+42 1.3674e+43 4.7292e+41 6.4118e+41 4.6694e+42 1.8921e+42 7.317e+41 8.4413e+41 2.5349e+40 1.673e+41 9.5646e+40 2.0095e+42 2.1271e+40 5.2211e+40 4.8773e+40 3.0546e+40 4.7906e+41 3.2298e+41
-3.0 0.3 1000.0 -2.0 3.383e+42 1.153e+42 2.5165e+42 7.5747e+42 2.4588e+41 4.0994e+41 3.3951e+42 1.2097e+42 4.6589e+41 5.5087e+41 1.5332e+40 4.84e+40 3.2187e+40 1.0221e+42 7.0358e+39 1.7266e+40 2.1544e+40 1.3756e+40 1.8383e+41 1.2407e+41
-3.0 0.3 10000.0 -1.2 9.2352e+42 2.7288e+42 1.1816e+43 3.5566e+43 3.0265e+42 1.8546e+42 7.9752e+42 5.473e+42 1.071e+42 1.7319e+42 1.2646e+40 3.0503e+41 1.6931e+41 4.6859e+42 1.2502e+41 3.0744e+41 2.5359e+41 2.2156e+41 2.0421e+42 1.7367e+42
-3.0 0.3 10000.0 -1.4 7.3715e+42 2.3973e+42 9.1917e+42 2.7667e+43 1.8349e+42 1.4902e+42 6.9775e+42 4.3977e+42 7.8739e+41 1.3295e+42 8.9673e+39 1.3508e+41 7.773e+40 3.502e+42 7.0336e+40 1.7298e+41 1.7049e+41 1.5035e+41 1.2563e+42 1.0742e+42
-3.0 0.3 10000.0 -1.7 5.0435e+42 1.8245e+42 5.2774e+42 1.5885e+43 8.8848e+41 1.059e+42 5.3017e+42 3.125e+42 5.0255e+41 8.9771e+41 3.0782e+39 3.4628e+40 2.3147e+40 1.9354e+42 2.413e+40 5.9364e+40 7.6498e+40 6.8417e+40 5.1697e+41 4.4494e+41
-3.0 0.3 10000.0 -2.0 3.4307e+42 1.3203e+42 2.6264e+42 7.9056e+42 4.8681e+41 7.7054e+41 3.8403e+42 2.2739e+42 3.3967e+41 6.3119e+41 5.3975e+38 1.3978e+40 1.1269e+40 9.5689e+41 7.5407e+39 1.8562e+40 3.033e+40 2.7466e+40 2.0191e+41 1.746e+41
-3.0 0.5 100.0 -1.2 1.1473e+43 1.9685e+42 7.1562e+42 2.154e+43 2.0899e+42 1.2951e+42 5.8053e+42 3.8218e+42 2.4026e+42 1.7767e+42 2.6721e+41 8.479e+41 5.4145e+41 4.4833e+42 1.0964e+41 2.6965e+41 5.6783e+40 3.3667e+40 1.6572e+42 1.0858e+42
-3.0 0.5 100.0 -1.4 8.765e+42 1.7013e+42 5.5853e+42 1.6812e+43 1.2079e+42 9.938e+41 4.9972e+42 2.9327e+42 1.833e+42 1.3684e+42 1.679e+41 5.1823e+41 3.3282e+41 3.3836e+42 6.3007e+40 1.5492e+41 3.6997e+40 2.1964e+40 1.0315e+42 6.7589e+41
-3.0 0.5 100.0 -1.7 5.3345e+42 1.2704e+42 3.2891e+42 9.9001e+42 5.0513e+41 6.2895e+41 3.7342e+42 1.856e+42 1.1445e+42 8.6369e+41 7.9137e+40 2.2134e+41 1.4452e+41 1.9136e+42 2.34e+40 5.7514e+40 1.6452e+40 9.8124e+39 4.3778e+41 2.8687e+41
-3.0 0.5 100.0 -2.0 3.1122e+42 9.1046e+41 1.7598e+42 5.2969e+42 2.3066e+41 3.8798e+41 2.6891e+42 1.1449e+42 6.9604e+41 5.2909e+41 4.0183e+40 9.3792e+40 6.3817e+40 9.81e+41 8.1228e+39 1.9956e+40 6.7851e+39 4.1006e+39 1.742e+41 1.1416e+41
-3.0 0.5 1000.0 -1.2 1.1186e+43 2.1184e+42 8.3593e+42 2.5161e+43 2.3141e+42 1.4337e+42 6.2079e+42 4.2309e+42 2.1087e+42 2.0604e+42 1.9412e+41 9.9906e+41 6.3825e+41 4.6006e+42 1.4408e+41 3.5432e+41 7.3562e+40 4.5407e+40 2.063e+42 1.3866e+42
-3.0 0.5 1000.0 -1.4 8.7094e+42 1.8468e+42 6.7147e+42 2.0211e+43 1.3464e+42 1.1173e+42 5.3867e+42 3.2973e+42 1.556e+42 1.5948e+42 1.0013e+41 6.0554e+41 3.8634e+41 3.4691e+42 8.7823e+40 2.1593e+41 5.1123e+40 3.1621e+40 1.345e+42 9.0464e+41
-3.0 0.5 1000.0 -1.7 5.5013e+42 1.4024e+42 4.1883e+42 1.2607e+43 5.729e+41 7.2899e+41 4.0885e+42 2.1512e+42 9.4844e+41 1.0305e+42 3.5313e+40 2.3427e+41 1.4876e+41 1.9605e+42 3.5664e+40 8.7656e+40 2.574e+40 1.5996e+40 6.1207e+41 4.1206e+41
-3.0 0.5 1000.0 -2.0 3.3663e+42 1.0248e+42 2.3984e+42 7.2192e+42 2.6715e+41 4.7004e+41 2.9973e+42 1.3871e+42 5.8103e+41 6.5745e+41 1.7435e+40 7.5613e+40 5.0165e+40 1.0034e+42 1.2982e+40 3.19e+40 1.2194e+40 7.6493e+39 2.5271e+41 1.7029e+41
-3.0 0.5 10000.0 -1.2 8.3564e+42 2.5336e+42 1.0289e+43 3.0969e+43 3.3015e+42 2.0757e+42 7.3976e+42 6.1253e+42 1.5754e+42 2.3225e+42 1.5538e+40 3.7761e+41 2.0773e+41 4.6341e+42 1.5883e+41 3.9085e+41 1.0537e+41 9.0935e+40 2.0911e+42 1.7647e+42
-3.0 0.5 10000.0 -1.4 6.8017e+42 2.2383e+42 8.1597e+42 2.4561e+43 2.0377e+42 1.6896e+42 6.5022e+42 4.986e+42 1.1298e+42 1.7487e+42 9.9773e+39 1.7546e+41 9.7986e+40 3.4718e+42 9.3583e+40 2.3029e+41 7.4058e+40 6.4465e+40 1.3364e+42 1.1339e+42
-3.0 0.5 10000.0 -1.7 4.7766e+42 1.722e+42 4.7876e+42 1.4411e+43 9.879e+41 1.2154e+42 4.9912e+42 3.5865e+42 7.0379e+41 1.1593e+42 3.232e+39 4.2897e+40 2.7129e+40 1.9256e+42 3.3497e+40 8.2451e+40 3.5105e+40 3.0966e+40 5.7107e+41 4.8787e+41
-3.0 0.5 10000.0 -2.0 3.3356e+42 1.2584e+42 2.4181e+42 7.2784e+42 5.2475e+41 8.9197e+41 3.6492e+42 2.6322e+42 4.6495e+41 8.0243e+41 5.5941e+38 1.4967e+40 1.1519e+40 9.5505e+41 1.0683e+40 2.6306e+40 1.4612e+40 1.3035e+40 2.2977e+41 1.9721e+41
-1.5 0.1 100.0 -1.2 1.6524e+42 1.0497e+42 7.0142e+42 2.1113e+43 6.2428e+41 1.8835e+41 3.018e+42 5.5581e+41 2.9272e+41 2.1229e+41 8.1055e+41 2.41e+42 1.2501e+42 4.3949e+42 2.2442e+41 5.3679e+41 1.4147e+41 8.4179e+40 1.6144e+42 1.0575e+42
-1.5 0.1 100.0 -1.4 9.4861e+41 9.2072e+41 5.9483e+42 1.7904e+43 2.135e+41 8.8067e+40 2.6395e+42 2.5989e+41 1.625e+41 1.1963e+41 4.4349e+41 1.4429e+42 7.5109e+41 3.3264e+42 1.1933e+41 2.8284e+41 8.4252e+40 5.0565e+40 9.0768e+41 5.9472e+41
-1.5 0.1 100.0 -1.7 5.2935e+41 7.725e+41 3.9641e+42 1.1932e+43 2.6773e+40 3.7446e+40 2.236e+42 1.105e+41 6.9221e+40 5.2949e+40 1.5088e+41 5.8594e+41 2.9671e+41 1.9297e+42 3.8501e+40 8.9901e+40 3.7544e+40 2.3422e+40 3.5603e+41 2.3339e+41
-1.5 0.1 100.0 -2.0 3.4953e+41 6.5192e+41 2.3118e+42 6.9586e+42 1.3242e+40 2.5114e+40 1.916e+42 7.411e+40 4.5941e+40 3.5506e+40 4.5673e+40 1.896e+41 1.026e+41 1.0192e+42 1.1539e+40 2.6639e+40 1.7373e+40 1.2128e+40 1.3893e+41 9.1227e+40
-1.5 0.1 1000.0 -1.2 3.3432e+42 2.1144e+42 1.6051e+43 4.8313e+43 1.2178e+42 4.5489e+41 6.1026e+42 1.3424e+42 5.5377e+41 5.1819e+41 3.0277e+41 3.602e+42 1.714e+42 5.4435e+42 3.1071e+41 7.4391e+41 2.8164e+41 1.7477e+41 3.2463e+42 2.1813e+42
-1.5 0.1 1000.0 -1.4 2.3251e+42 1.9186e+42 1.2351e+43 3.7177e+43 4.5976e+41 2.5335e+41 5.5555e+42 7.4763e+41 3.1079e+41 3.1297e+41 1.0192e+41 1.6176e+42 7.8143e+41 3.9663e+42 1.4394e+41 3.4398e+41 1.8197e+41 1.1397e+41 1.8355e+42 1.2353e+42
-1.5 0.1 1000.0 -1.7 1.5962e+42 1.5545e+42 7.0862e+42 2.1329e+43 9.7603e+40 1.3877e+41 4.5413e+42 4.095e+41 1.493e+41 1.7484e+41 3.0357e+40 3.1316e+41 1.6216e+41 2.1524e+42 3.7039e+40 8.8669e+40 8.9149e+40 5.7393e+40 6.6519e+41 4.4871e+41
-1.5 0.1 1000.0 -2.0 1.168e+42 1.1874e+42 3.6954e+42 1.1123e+43 5.6187e+40 1.0849e+41 3.4954e+42 3.2015e+41 1.1042e+41 1.3595e+41 1.7955e+40 6.0311e+40 3.8853e+40 1.0692e+42 9.0203e+39 2.1708e+40 4.0587e+40 2.7684e+40 2.1757e+41 1.4708e+41
-1.5 0.1 10000.0 -1.2 7.5519e+42 3.0537e+42 1.5948e+43 4.8002e+43 3.0686e+42 1.5835e+42 8.9259e+42 4.673e+42 7.9298e+41 1.2768e+42 1.4272e+40 4.1321e+41 2.1826e+41 4.9842e+42 1.4065e+41 3.4489e+41 5.1281e+41 4.5111e+41 2.5815e+42 2.206e+42
-1.5 0.1 10000.0 -1.4 5.7616e+42 2.6349e+42 1.1879e+43 3.5756e+43 1.4697e+42 1.111e+42 7.6813e+42 3.2787e+42 4.8837e+41 8.4101e+41 1.0857e+40 1.6272e+41 8.9643e+40 3.664e+42 7.164e+40 1.7579e+41 3.2498e+41 2.8924e+41 1.452e+42 1.2499e+42
-1.5 0.1 10000.0 -1.7 3.9964e+42 1.9608e+42 6.3535e+42 1.9124e+43 5.7392e+41 7.6274e+41 5.7092e+42 2.2508e+42 2.9127e+41 5.4772e+41 4.063e+39 3.6665e+40 2.4475e+40 1.9815e+42 2.1463e+40 5.2729e+40 1.3091e+41 1.1859e+41 5.2677e+41 4.5718e+41
-1.5 0.1 10000.0 -2.0 2.7814e+42 1.3912e+42 2.9458e+42 8.8669e+42 3.21e+41 5.8371e+41 4.0589e+42 1.7225e+42 2.1185e+41 4.1504e+41 6.725e+38 1.4691e+40 1.2094e+40 9.6429e+41 5.9268e+39 1.4579e+40 4.5343e+40 4.1779e+40 1.8187e+41 1.5885e+41
-1.5 0.3 100.0 -1.2 2.5061e+42 6.4291e+41 2.6936e+42 8.1078e+42 1.2304e+42 3.5325e+41 1.9516e+42 1.0424e+42 4.4015e+41 3.1344e+41 9.5295e+41 1.1455e+42 7.8302e+41 2.8346e+42 1.8041e+41 4.4023e+41 5.2841e+40 3.1297e+40 1.5065e+42 9.8668e+41
-1.5 0.3 100.0 -1.4 1.3709e+42 4.8813e+41 2.6201e+42 7.8864e+42 6.4925e+41 1.8419e+41 1.4289e+42 5.4354e+41 2.6503e+41 1.895e+41 6.075e+41 8.4487e+41 5.5312e+41 2.2922e+42 1.3528e+41 3.2911e+41 4.5236e+40 2.6827e+40 1.0597e+42 6.9409e+41
-1.5 0.3 100.0 -1.7 5.8268e+41 3.6271e+41 2.2815e+42 6.8672e+42 1.8301e+41 6.206e+40 1.0352e+42 1.8314e+41 1.1546e+41 8.3964e+40 2.4957e+41 4.3697e+41 2.7457e+41 1.4876e+42 6.5878e+40 1.5911e+41 2.5827e+40 1.5429e+40 5.0321e+41 3.2967e+41
-1.5 0.3 100.0 -2.0 3.3306e+41 3.1104e+41 1.6889e+42 5.0835e+42 3.3998e+40 2.7226e+40 8.9399e+41 8.0345e+40 5.3558e+40 4.0214e+40 8.1389e+40 1.8003e+41 1.1066e+41 8.6681e+41 2.2884e+40 5.4769e+40 1.2596e+40 7.7655e+39 2.0647e+41 1.3532e+41
-1.5 0.3 1000.0 -1.2 4.0547e+42 1.4908e+42 1.1255e+43 3.3878e+43 2.1108e+42 6.0569e+41 4.3186e+42 1.7874e+42 8.9952e+41 7.7957e+41 5.4565e+41 2.0703e+42 1.1164e+42 4.891e+42 3.9153e+41 9.5064e+41 1.6306e+41 1.005e+41 3.4867e+42 2.3385e+42
-1.5 0.3 1000.0 -1.4 2.7191e+42 1.3318e+42 9.539e+42 2.8712e+43 1.0458e+42 3.5945e+41 3.8326e+42 1.0607e+42 5.4389e+41 4.9117e+41 2.1022e+41 1.21e+42 6.1373e+41 3.6673e+42 2.0857e+41 5.0539e+41 1.144e+41 7.0856e+40 2.1311e+42 1.4315e+42
-1.5 0.3 1000.0 -1.7 1.749e+42 1.1193e+42 6.1513e+42 1.8516e+43 2.8556e+41 1.8521e+41 3.2394e+42 5.4655e+41 2.5061e+41 2.5459e+41 4.477e+40 3.5072e+41 1.875e+41 2.0557e+42 6.1857e+40 1.4976e+41 6.1861e+40 3.8862e+40 8.4514e+41 5.69e+41
-1.5 0.3 1000.0 -2.0 1.2882e+42 9.0824e+41 3.4712e+42 1.0448e+43 8.504e+40 1.2747e+41 2.6548e+42 3.7615e+41 1.4352e+41 1.6549e+41 1.9809e+40 7.8599e+40 4.9447e+40 1.0427e+42 1.6275e+40 3.9479e+40 3.1153e+40 2.0171e+40 2.9621e+41 1.9981e+41
-4.5 0.1 100.0 -1.2 5.951e+42 2.4821e+42 5.4886e+41 1.6521e+42 1.1061e+42 1.0514e+42 7.5961e+42 3.1028e+42 3.4177e+42 2.5601e+42 6.2321e+39 1.8837e+40 1.2677e+40 1.8142e+42 1.116e+39 2.7503e+39 7.0563e+39 4.1948e+39 4.0636e+40 2.6633e+40
-4.5 0.1 100.0 -1.4 4.3443e+42 2.3007e+42 4.123e+41 1.241e+42 7.788e+41 8.4168e+41 7.0459e+42 2.4838e+42 2.7571e+42 2.072e+42 6.1597e+39 1.5346e+40 1.1407e+40 1.3956e+42 5.712e+38 1.4077e+39 4.008e+39 2.3905e+39 2.2286e+40 1.4608e+40
-4.5 0.1 100.0 -1.7 2.3389e+42 1.8163e+42 2.2669e+41 6.8235e+41 3.9773e+41 5.2299e+41 5.5809e+42 1.5433e+42 1.7206e+42 1.2997e+42 5.2528e+39 1.2545e+40 1.0171e+40 8.0535e+41 1.7321e+38 4.2688e+38 1.4228e+39 8.6005e+38 7.5606e+39 4.9572e+39
-1.5 0.3 10000.0 -1.2 8.0857e+42 2.7654e+42 1.4809e+43 4.4575e+43 4.465e+42 1.929e+42 8.0619e+42 5.6925e+42 1.3987e+42 2.0291e+42 1.6265e+40 4.2603e+41 2.4398e+41 4.934e+42 1.8208e+41 4.4707e+41 3.146e+41 2.7357e+41 2.686e+42 2.2757e+42
-4.5 0.1 100.0 -2.0 1.1432e+42 1.3289e+42 1.106e+41 3.3289e+41 1.8461e+41 2.9653e+41 4.1031e+42 8.7506e+41 9.7554e+41 7.4089e+41 3.6871e+39 1.0744e+40 8.9876e+39 4.1787e+41 4.5572e+37 1.1231e+38 4.3815e+38 2.7696e+38 2.2425e+39 1.4712e+39
-4.5 0.1 1000.0 -1.2 8.3541e+42 2.4935e+42 7.2831e+41 2.1922e+42 1.7158e+42 1.3882e+42 7.5184e+42 4.0966e+42 3.2848e+42 3.631e+42 4.5753e+39 2.2313e+40 1.4429e+40 1.8094e+42 2.2521e+39 5.5503e+39 1.5234e+40 9.4745e+39 8.1464e+40 5.4963e+40
-4.5 0.1 1000.0 -1.4 6.5127e+42 2.3084e+42 5.7565e+41 1.7327e+42 1.262e+42 1.1557e+42 6.9561e+42 3.4104e+42 2.7091e+42 3.039e+42 3.8109e+39 1.6902e+40 1.2138e+40 1.3912e+42 1.3309e+39 3.2799e+39 9.8859e+39 6.1632e+39 5.0718e+40 3.4246e+40
-4.5 0.1 1000.0 -1.7 3.8974e+42 1.8199e+42 3.4565e+41 1.0404e+42 6.9241e+41 7.6552e+41 5.4908e+42 2.259e+42 1.7578e+42 2.0159e+42 2.0694e+39 1.22e+40 9.7554e+39 8.0197e+41 5.1819e+38 1.2771e+39 4.4295e+39 2.7784e+39 2.1423e+40 1.4482e+40
-4.5 0.1 1000.0 -2.0 2.1451e+42 1.33e+42 1.8674e+41 5.621e+41 3.4929e+41 4.6679e+41 4.0236e+42 1.3775e+42 1.0461e+42 1.2262e+42 7.6672e+38 9.5632e+39 7.8406e+39 4.1523e+41 1.824e+38 4.4953e+38 1.7928e+39 1.1395e+39 8.2173e+39 5.5616e+39
-4.5 0.1 10000.0 -1.2 7.119e+42 2.5115e+42 9.4803e+41 2.8536e+42 3.0373e+42 1.7595e+42 7.4232e+42 5.1922e+42 1.8894e+42 3.3821e+42 3.4983e+38 1.3692e+40 8.7661e+39 1.7834e+42 4.4044e+39 1.0855e+40 3.0694e+40 2.7352e+40 1.5219e+41 1.3064e+41
-4.5 0.1 10000.0 -1.4 5.7533e+42 2.3216e+42 7.6369e+41 2.2987e+42 2.3124e+42 1.5001e+42 6.8513e+42 4.4269e+42 1.5592e+42 2.8223e+42 2.1605e+38 1.0455e+40 7.1054e+39 1.3658e+42 2.7633e+39 6.8102e+39 2.1081e+40 1.8919e+40 1.0091e+41 8.7058e+40
-4.5 0.1 10000.0 -1.7 3.6589e+42 1.8272e+42 4.625e+41 1.3921e+42 1.3453e+42 1.035e+42 5.3906e+42 3.0543e+42 1.0189e+42 1.8757e+42 6.4845e+37 6.93e+39 4.6348e+39 7.7773e+41 1.1266e+39 2.7766e+39 9.9815e+39 9.0567e+39 4.6364e+40 4.0288e+40
-4.5 0.1 10000.0 -2.0 2.1566e+42 1.3346e+42 2.4339e+41 7.3259e+41 7.2456e+41 6.6091e+41 3.9422e+42 1.9504e+42 6.1453e+41 1.1507e+42 1.2891e+37 4.1622e+39 2.4886e+39 3.933e+41 3.9816e+38 9.8131e+38 4.157e+39 3.8147e+39 1.9335e+40 1.6911e+40
-4.5 0.3 100.0 -1.2 1.3569e+43 2.3964e+42 6.697e+41 2.0158e+42 3.3293e+42 1.9872e+42 7.1767e+42 5.8643e+42 7.4244e+42 5.4902e+42 6.8155e+39 2.1807e+40 1.3873e+40 1.8293e+42 2.1838e+39 5.3822e+39 8.7054e+39 5.1657e+39 9.2487e+40 6.0594e+40
-1.5 0.3 10000.0 -1.4 6.2409e+42 2.4041e+42 1.1232e+43 3.3808e+43 2.3214e+42 1.3925e+42 6.9853e+42 4.1092e+42 8.4536e+41 1.3033e+42 1.1399e+40 1.7836e+41 1.0406e+41 3.6396e+42 9.6077e+40 2.3598e+41 2.0744e+41 1.8237e+41 1.5632e+42 1.3342e+42
-4.5 0.3 100.0 -1.4 1.0963e+43 2.2266e+42 5.2829e+41 1.5902e+42 2.5509e+42 1.6844e+42 6.6685e+42 4.9707e+42 6.2721e+42 4.6512e+42 6.5631e+39 1.7458e+40 1.2147e+40 1.4086e+42 1.2607e+39 3.1069e+39 5.5517e+39 3.2984e+39 5.8594e+40 3.8391e+40
-4.5 0.3 100.0 -1.7 6.9519e+42 1.7621e+42 3.1554e+41 9.4978e+41 1.4741e+42 1.1501e+42 5.287e+42 3.394e+42 4.2326e+42 3.1524e+42 5.4964e+39 1.3447e+40 1.0326e+40 8.1453e+41 4.7006e+38 1.1585e+39 2.4148e+39 1.4405e+39 2.5427e+40 1.6661e+40
-4.5 0.3 100.0 -2.0 4.0521e+42 1.2915e+42 1.6931e+41 5.0963e+41 7.807e+41 7.2334e+41 3.8864e+42 2.1346e+42 2.622e+42 1.9616e+42 3.8795e+39 1.1137e+40 8.9434e+39 4.2347e+41 1.5801e+38 3.8941e+38 9.5136e+38 5.735e+38 1.003e+40 6.5734e+39
-4.5 0.3 1000.0 -1.2 1.4621e+43 2.4108e+42 7.9699e+41 2.399e+42 3.9521e+42 2.2206e+42 7.1526e+42 6.5531e+42 6.3864e+42 6.5694e+42 5.0844e+39 2.552e+40 1.5738e+40 1.8205e+42 3.6086e+39 8.8937e+39 1.4765e+40 9.152e+39 1.3925e+41 9.3692e+40
-4.5 0.3 1000.0 -1.4 1.2065e+43 2.2357e+42 6.4511e+41 1.9418e+42 3.0836e+42 1.9076e+42 6.6273e+42 5.6294e+42 5.3881e+42 5.6242e+42 4.1295e+39 1.9367e+40 1.305e+40 1.4011e+42 2.2697e+39 5.5937e+39 1.0192e+40 6.3275e+39 9.3514e+40 6.2954e+40
-4.5 0.3 1000.0 -1.7 7.9029e+42 1.7666e+42 4.015e+41 1.2085e+42 1.8443e+42 1.3301e+42 5.2402e+42 3.9251e+42 3.6365e+42 3.8809e+42 2.2166e+39 1.3189e+40 9.9342e+39 8.0916e+41 9.6904e+38 2.3882e+39 5.0333e+39 3.135e+39 4.4425e+40 2.9933e+40
-4.5 0.3 1000.0 -2.0 4.777e+42 1.2937e+42 2.2521e+41 6.7789e+41 1.0051e+42 8.5622e+41 3.8447e+42 2.5267e+42 2.2587e+42 2.4649e+42 8.2005e+38 9.6805e+39 7.5745e+39 4.1991e+41 3.7417e+38 9.2217e+38 2.2715e+39 1.4229e+39 1.9277e+40 1.3001e+40
-4.5 0.3 10000.0 -1.2 1.0519e+43 2.4311e+42 9.7953e+41 2.9484e+42 5.2293e+42 2.4909e+42 7.1186e+42 7.3507e+42 3.4384e+42 5.68e+42 3.749e+38 1.4335e+40 8.7164e+39 1.7907e+42 6.335e+39 1.5613e+40 2.6662e+40 2.3373e+40 2.2281e+41 1.8808e+41
-4.5 0.3 10000.0 -1.4 8.839e+42 2.2504e+42 8.0189e+41 2.4137e+42 4.1442e+42 2.1705e+42 6.5759e+42 6.4052e+42 2.863e+42 4.7945e+42 2.2699e+38 1.0566e+40 6.7223e+39 1.3731e+42 4.1458e+39 1.0218e+40 1.9324e+40 1.7041e+40 1.5625e+41 1.3242e+41
-4.5 0.3 10000.0 -1.7 5.9544e+42 1.7753e+42 4.975e+41 1.4975e+42 2.5664e+42 1.5473e+42 5.1829e+42 4.566e+42 1.9027e+42 3.2526e+42 6.7085e+37 6.4248e+39 3.998e+39 7.837e+41 1.8065e+39 4.4522e+39 1.0054e+40 8.9434e+39 7.8421e+40 6.684e+40
-1.5 0.3 10000.0 -1.7 4.4105e+42 1.8226e+42 6.1722e+42 1.8578e+43 8.9348e+41 9.3391e+41 5.2951e+42 2.756e+42 4.5662e+41 7.7916e+41 4.1109e+39 4.1358e+40 2.7211e+40 1.977e+42 3.0171e+40 7.4164e+40 8.9351e+40 7.9808e+40 6.0027e+41 5.1636e+41
-4.5 0.3 10000.0 -2.0 3.7024e+42 1.2985e+42 2.6904e+41 8.0982e+41 1.4674e+42 1.0188e+42 3.793e+42 3.0064e+42 1.1678e+42 2.0382e+42 1.3276e+37 3.5245e+39 2.0134e+39 3.9738e+41 6.9119e+38 1.7035e+39 4.7104e+39 4.224e+39 3.5873e+40 3.0739e+40
-4.5 0.5 100.0 -1.2 1.7104e+43 2.3111e+42 6.6467e+41 2.0007e+42 4.7794e+42 2.7282e+42 6.8628e+42 8.0508e+42 1.1358e+43 8.3355e+42 7.6467e+39 2.4478e+40 1.4781e+40 1.8243e+42 3.6519e+39 9.0005e+39 5.9323e+39 3.5169e+39 1.4406e+41 9.4365e+40
-4.5 0.5 100.0 -1.4 1.4466e+43 2.1491e+42 5.3807e+41 1.6196e+42 3.8032e+42 2.3735e+42 6.3735e+42 7.0041e+42 9.7333e+42 7.1645e+42 7.1327e+39 1.9588e+40 1.2725e+40 1.4062e+42 2.2951e+39 5.6565e+39 4.1517e+39 2.4625e+39 9.9377e+40 6.5099e+40
-4.5 0.5 100.0 -1.7 9.8224e+42 1.7052e+42 3.3389e+41 1.005e+42 2.3685e+42 1.6862e+42 5.0587e+42 4.976e+42 6.7482e+42 4.9888e+42 5.7975e+39 1.4384e+40 1.0286e+40 8.1444e+41 9.7266e+38 2.3972e+39 2.0896e+39 1.2412e+39 4.9082e+40 3.2153e+40
-4.5 0.5 100.0 -2.0 6.1361e+42 1.2519e+42 1.8634e+41 5.6089e+41 1.3587e+42 1.1043e+42 3.7198e+42 3.2587e+42 4.312e+42 3.2012e+42 4.0669e+39 1.1342e+40 8.5674e+39 4.2416e+41 3.7341e+38 9.2031e+38 9.6444e+38 5.7464e+38 2.2118e+40 1.449e+40
-4.5 0.5 1000.0 -1.2 1.6702e+43 2.3249e+42 7.4679e+41 2.2479e+42 5.1991e+42 2.8678e+42 6.8583e+42 8.4628e+42 9.5775e+42 9.3423e+42 5.8092e+39 2.7863e+40 1.6474e+40 1.8146e+42 5.1762e+39 1.2757e+40 8.2894e+39 5.1241e+39 1.8348e+41 1.2324e+41
-4.5 0.5 1000.0 -1.4 1.426e+43 2.1611e+42 6.1444e+41 1.8495e+42 4.1518e+42 2.5119e+42 6.3637e+42 7.4125e+42 8.1322e+42 8.0609e+42 4.5871e+39 2.1537e+40 1.3637e+40 1.3981e+42 3.4342e+39 8.464e+39 6.066e+39 3.7537e+39 1.304e+41 8.7627e+40
-4.5 0.5 1000.0 -1.7 9.8101e+42 1.7121e+42 3.9077e+41 1.1762e+42 2.6007e+42 1.8017e+42 5.0383e+42 5.3169e+42 5.5657e+42 5.647e+42 2.4119e+39 1.422e+40 9.9288e+39 8.0886e+41 1.577e+39 3.8868e+39 3.2573e+39 2.0194e+39 6.7156e+40 4.5156e+40
-4.5 0.5 1000.0 -2.0 6.2111e+42 1.2555e+42 2.2348e+41 6.7267e+41 1.5054e+42 1.1918e+42 3.6974e+42 3.517e+42 3.5192e+42 3.6526e+42 8.9207e+38 9.7559e+39 7.1051e+39 4.2047e+41 6.504e+38 1.603e+39 1.5969e+39 9.9283e+38 3.144e+40 2.1154e+40
-4.5 0.5 10000.0 -1.2 1.0917e+43 2.3523e+42 8.7611e+41 2.6371e+42 6.0437e+42 3.0174e+42 6.8843e+42 8.9042e+42 5.2062e+42 7.8835e+42 4.2334e+38 1.4946e+40 8.5381e+39 1.7851e+42 8.0515e+39 1.9844e+40 1.291e+40 1.1168e+40 2.5486e+41 2.1307e+41
-1.5 0.3 10000.0 -2.0 3.1885e+42 1.3176e+42 2.9499e+42 8.8791e+42 4.3807e+41 7.0361e+41 3.8335e+42 2.0764e+42 3.0179e+41 5.525e+41 6.8206e+38 1.5334e+40 1.2258e+40 9.6492e+41 8.8333e+39 2.1737e+40 3.3987e+40 3.0766e+40 2.2475e+41 1.9429e+41
-4.5 0.5 10000.0 -1.4 9.4407e+42 2.1812e+42 7.2768e+41 2.1903e+42 4.8495e+42 2.6726e+42 6.3632e+42 7.8868e+42 4.3191e+42 6.6568e+42 2.479e+38 1.0655e+40 6.2544e+39 1.3705e+42 5.4933e+39 1.3539e+40 9.8715e+39 8.5813e+39 1.873e+41 1.5709e+41
-4.5 0.5 10000.0 -1.7 6.6338e+42 1.7232e+42 4.5969e+41 1.3837e+42 3.0771e+42 1.9525e+42 5.0139e+42 5.762e+42 2.8724e+42 4.5439e+42 7.0934e+37 5.767e+39 3.3365e+39 7.8403e+41 2.5173e+39 6.2043e+39 5.5517e+39 4.8594e+39 1.0038e+41 8.4568e+40
-4.5 0.5 10000.0 -2.0 4.293e+42 1.2616e+42 2.5232e+41 7.595e+41 1.813e+42 1.3163e+42 3.6674e+42 3.8843e+42 1.7736e+42 2.8786e+42 1.3843e+37 2.8299e+39 1.5501e+39 3.9856e+41 1.0019e+39 2.4694e+39 2.8101e+39 2.4745e+39 4.876e+40 4.1245e+40
-1.5 0.5 100.0 -1.2 2.2048e+42 5.392e+41 1.2557e+42 3.7796e+42 1.1512e+42 4.0208e+41 1.7247e+42 1.1865e+42 5.3017e+41 3.75e+41 1.0042e+42 8.7654e+41 6.6516e+41 2.0935e+42 1.0317e+41 2.5306e+41 9.3588e+39 5.5402e+39 9.4536e+41 6.1911e+41
-1.5 0.5 100.0 -1.4 1.2733e+42 3.8693e+41 1.271e+42 3.8256e+42 6.6421e+41 2.2523e+41 1.1873e+42 6.6466e+41 3.1979e+41 2.2664e+41 7.2633e+41 6.9667e+41 5.3567e+41 1.7448e+42 9.0656e+40 2.2211e+41 9.8528e+39 5.8351e+39 7.6701e+41 5.0235e+41
-1.5 0.5 100.0 -1.7 5.5978e+41 2.5467e+41 1.2812e+42 3.8563e+42 2.3936e+41 8.2306e+40 7.3892e+41 2.4289e+41 1.471e+41 1.053e+41 3.6171e+41 4.0733e+41 3.1589e+41 1.2037e+42 6.674e+40 1.6303e+41 9.1704e+39 5.4418e+39 5.0285e+41 3.2939e+41
-1.5 0.5 100.0 -2.0 3.051e+41 2.0239e+41 1.1603e+42 3.4927e+42 6.8261e+40 3.3626e+40 5.7603e+41 9.9231e+40 7.1816e+40 5.2609e+40 1.3902e+41 1.994e+41 1.4966e+41 7.4855e+41 3.4351e+40 8.352e+40 5.8376e+39 3.4952e+39 2.6186e+41 1.7156e+41
-1.5 0.5 1000.0 -1.2 3.6604e+42 1.2117e+42 7.3836e+42 2.2225e+43 2.1153e+42 6.7482e+41 3.5806e+42 1.9914e+42 1.1077e+42 9.2071e+41 8.6171e+41 1.7821e+42 1.3731e+42 4.4292e+42 3.9253e+41 9.599e+41 5.5731e+40 3.4224e+40 3.1707e+42 2.1239e+42
-1.5 0.5 1000.0 -1.4 2.5242e+42 1.0378e+42 6.8872e+42 2.073e+43 1.1733e+42 4.0666e+41 2.9999e+42 1.2001e+42 7.2124e+41 6.1701e+41 3.8857e+41 1.0832e+42 8.2439e+41 3.3985e+42 2.5674e+41 6.2702e+41 4.5934e+40 2.829e+40 2.2205e+42 1.4893e+42
-1.5 0.5 1000.0 -1.7 1.6452e+42 8.6803e+41 5.0341e+42 1.5153e+43 4.0232e+41 2.1612e+41 2.4934e+42 6.3776e+41 3.6019e+41 3.3723e+41 7.9768e+40 3.9874e+41 2.8842e+41 1.9641e+42 9.4419e+40 2.3032e+41 2.8437e+40 1.7647e+40 1.0141e+42 6.8153e+41
-1.5 0.5 1000.0 -2.0 1.2245e+42 7.2865e+41 3.0852e+42 9.2863e+42 1.3392e+41 1.4834e+41 2.1093e+42 4.3774e+41 2.0222e+41 2.1322e+41 2.387e+40 1.1735e+41 8.349e+40 1.0146e+42 2.8305e+40 6.9078e+40 1.5875e+40 9.9954e+39 3.9087e+41 2.6319e+41
-1.5 0.5 10000.0 -1.2 7.2191e+42 2.5153e+42 1.2702e+43 3.8232e+43 4.6095e+42 2.0505e+42 7.3462e+42 6.0511e+42 2.03e+42 2.6897e+42 2.0908e+40 5.409e+41 3.0744e+41 4.8665e+42 2.2918e+41 5.6338e+41 1.2797e+41 1.0987e+41 2.7264e+42 2.2916e+42
-1.5 0.5 10000.0 -1.4 5.7142e+42 2.1999e+42 9.8702e+42 2.9709e+43 2.5561e+42 1.5529e+42 6.382e+42 4.5827e+42 1.2647e+42 1.7706e+42 1.2794e+40 2.3806e+41 1.3442e+41 3.6016e+42 1.2729e+41 3.1296e+41 8.8592e+40 7.6848e+40 1.6548e+42 1.4009e+42
-1.5 0.5 10000.0 -1.7 4.1469e+42 1.6959e+42 5.5709e+42 1.6768e+43 1.0457e+42 1.0815e+42 4.9112e+42 3.1916e+42 6.6612e+41 1.0376e+42 4.2868e+39 5.2061e+40 3.2418e+40 1.9661e+42 4.1676e+40 1.0253e+41 4.041e+40 3.5594e+40 6.582e+41 5.6196e+41
-1.5 0.5 10000.0 -2.0 3.073e+42 1.2464e+42 2.7115e+42 8.1617e+42 5.0132e+41 8.1748e+41 3.6148e+42 2.4124e+42 4.3039e+41 7.215e+41 7.0466e+38 1.6518e+40 1.2606e+40 9.6337e+41 1.2473e+40 3.0706e+40 1.618e+40 1.4428e+40 2.5334e+41 2.1742e+41
-4.0 0.1 100.0 -1.2 1.0496e+43 2.6608e+42 2.0095e+42 6.0484e+42 1.4708e+42 1.4288e+42 8.0689e+42 4.2165e+42 3.4592e+42 2.6116e+42 1.7858e+40 6.0531e+40 3.5555e+40 3.2142e+42 4.4087e+39 1.0862e+40 2.5951e+40 1.5436e+40 1.5699e+41 1.0289e+41
-4.0 0.1 100.0 -1.4 7.6312e+42 2.4095e+42 1.4785e+42 4.4504e+42 1.0313e+42 1.135e+42 7.2995e+42 3.3495e+42 2.8212e+42 2.1351e+42 1.6811e+40 3.7513e+40 2.4696e+40 2.4802e+42 2.1686e+39 5.3426e+39 1.4365e+40 8.5803e+39 8.4513e+40 5.5393e+40
-4.0 0.1 100.0 -1.7 4.0938e+42 1.8607e+42 7.8821e+41 2.3725e+42 5.3002e+41 7.0089e+41 5.6487e+42 2.0683e+42 1.7904e+42 1.3601e+42 1.4403e+40 2.1521e+40 1.6889e+40 1.4422e+42 6.1817e+38 1.5229e+39 4.9058e+39 2.9839e+39 2.7711e+40 1.8167e+40
-4.0 0.1 100.0 -2.0 2.0014e+42 1.3436e+42 3.7261e+41 1.1216e+42 2.4864e+41 3.9675e+41 4.0986e+42 1.1708e+42 1.0314e+42 7.8679e+41 1.0926e+40 1.554e+40 1.3406e+40 7.5586e+41 1.5267e+38 3.7611e+38 1.4547e+39 9.4248e+38 7.8943e+39 5.1792e+39
-4.0 0.1 1000.0 -1.2 1.3071e+43 2.677e+42 2.6719e+42 8.0425e+42 1.9574e+42 1.75e+42 8.014e+42 5.1644e+42 2.9693e+42 3.3556e+42 1.3839e+40 7.8818e+40 4.4671e+40 3.1899e+42 9.1718e+39 2.2596e+40 5.5649e+40 3.4619e+40 2.9567e+41 1.9944e+41
-4.0 0.1 1000.0 -1.4 1.0034e+43 2.4217e+42 2.0811e+42 6.2642e+42 1.4226e+42 1.4365e+42 7.2329e+42 4.239e+42 2.4598e+42 2.816e+42 1.1939e+40 4.6449e+40 2.8962e+40 2.4582e+42 5.2744e+39 1.2994e+40 3.5558e+40 2.2182e+40 1.8053e+41 1.2187e+41
-4.0 0.1 1000.0 -1.7 5.9597e+42 1.867e+42 1.2302e+42 3.703e+42 7.7078e+41 9.4394e+41 5.5749e+42 2.7856e+42 1.6181e+42 1.8874e+42 7.89e+39 2.2411e+40 1.6891e+40 1.4256e+42 1.9775e+39 4.8718e+39 1.5636e+40 9.8276e+39 7.4328e+40 5.0233e+40
-4.0 0.1 1000.0 -2.0 3.2813e+42 1.3466e+42 6.5852e+41 1.9821e+42 3.8519e+41 5.7544e+41 4.0294e+42 1.6981e+42 9.7713e+41 1.1616e+42 3.5808e+39 1.4163e+40 1.2071e+40 7.4428e+41 6.7315e+38 1.6584e+39 6.2334e+39 3.9857e+39 2.7704e+40 1.8746e+40
-4.0 0.1 10000.0 -1.2 9.9094e+42 2.7068e+42 3.4541e+42 1.0397e+43 2.9177e+42 2.0924e+42 7.9714e+42 6.1746e+42 1.473e+42 2.6909e+42 1.8402e+39 4.3433e+40 2.5533e+40 3.1101e+42 1.7787e+40 4.3823e+40 1.0557e+41 9.4136e+40 4.939e+41 4.2443e+41
-4.0 0.1 10000.0 -1.4 7.9023e+42 2.4451e+42 2.7468e+42 8.268e+42 2.1875e+42 1.7613e+42 7.1764e+42 5.1977e+42 1.2162e+42 2.2478e+42 1.1603e+39 2.5949e+40 1.6998e+40 2.3839e+42 1.0865e+40 2.6769e+40 7.1394e+40 6.4136e+40 3.2007e+41 2.764e+41
-4.0 0.1 10000.0 -1.7 4.9955e+42 1.8818e+42 1.6371e+42 4.9276e+42 1.2691e+42 1.2085e+42 5.5127e+42 3.5663e+42 8.0719e+41 1.5144e+42 3.5351e+38 1.3188e+40 1.0129e+40 1.3602e+42 4.2526e+39 1.0478e+40 3.2787e+40 2.9803e+40 1.4156e+41 1.231e+41
-4.0 0.1 10000.0 -2.0 2.9655e+42 1.3571e+42 8.4814e+41 2.5529e+42 6.8366e+41 7.7735e+41 3.9784e+42 2.294e+42 5.0018e+41 9.5098e+41 6.9701e+37 8.4969e+39 6.6702e+39 6.8928e+41 1.4504e+39 3.5739e+39 1.317e+40 1.2121e+40 5.6927e+40 4.9819e+40
-4.0 0.3 100.0 -1.2 1.7611e+43 2.5529e+42 2.3036e+42 6.9339e+42 2.8875e+42 2.1767e+42 7.6301e+42 6.4234e+42 5.7533e+42 4.3025e+42 2.1099e+40 7.7029e+40 4.378e+40 3.2079e+42 8.3601e+39 2.0598e+40 2.7731e+40 1.6461e+40 2.8362e+41 1.8583e+41
-4.0 0.3 100.0 -1.4 1.3914e+43 2.3182e+42 1.7753e+42 5.3438e+42 2.1665e+42 1.8098e+42 6.9195e+42 5.3408e+42 4.8469e+42 3.6347e+42 1.9022e+40 4.9728e+40 3.0725e+40 2.4762e+42 4.6396e+39 1.1431e+40 1.7182e+40 1.0217e+40 1.7476e+41 1.1451e+41
-4.0 0.3 100.0 -1.7 8.5853e+42 1.794e+42 1.027e+42 3.0912e+42 1.2504e+42 1.2098e+42 5.3599e+42 3.5701e+42 3.2749e+42 2.4652e+42 1.5666e+40 2.7228e+40 1.9684e+40 1.4403e+42 1.629e+39 4.0134e+39 7.139e+39 4.2701e+39 7.2641e+40 4.7602e+40
-4.0 0.3 100.0 -2.0 4.9109e+42 1.2968e+42 5.3572e+41 1.6125e+42 6.6713e+41 7.5062e+41 3.8853e+42 2.2151e+42 2.0376e+42 1.5396e+42 1.1839e+40 1.7921e+40 1.4642e+40 7.5504e+41 5.1534e+38 1.2697e+39 2.6857e+39 1.6331e+39 2.7441e+40 1.7985e+40
-4.0 0.3 1000.0 -1.2 1.8343e+43 2.5758e+42 2.798e+42 8.4221e+42 3.2648e+42 2.3974e+42 7.629e+42 7.0748e+42 4.6614e+42 4.977e+42 1.6576e+40 9.6485e+40 5.3553e+40 3.1853e+42 1.4242e+40 3.509e+40 4.6893e+40 2.9083e+40 4.1974e+41 2.8259e+41
-4.0 0.3 1000.0 -1.4 1.4815e+43 2.3349e+42 2.2271e+42 6.7034e+42 2.465e+42 2.0222e+42 6.8996e+42 5.9676e+42 3.9124e+42 4.243e+42 1.3529e+40 6.0307e+40 3.5886e+40 2.456e+42 8.6933e+39 2.1419e+40 3.1692e+40 1.9691e+40 2.7513e+41 1.8533e+41
-4.0 0.3 1000.0 -1.7 9.4783e+42 1.8042e+42 1.3606e+42 4.0954e+42 1.4443e+42 1.3847e+42 5.3288e+42 4.0862e+42 2.6434e+42 2.9276e+42 8.5434e+39 2.8545e+40 1.9924e+40 1.4256e+42 3.5643e+39 8.7817e+39 1.5197e+40 9.4816e+39 1.262e+41 8.5083e+40
-4.0 0.3 1000.0 -2.0 5.6418e+42 1.3033e+42 7.544e+41 2.2707e+42 7.8839e+41 8.8249e+41 3.8548e+42 2.6042e+42 1.6537e+42 1.8682e+42 3.8333e+39 1.5936e+40 1.2913e+40 7.4522e+41 1.3249e+39 3.2644e+39 6.6684e+39 4.1939e+39 5.2738e+40 3.5585e+40
-4.0 0.3 10000.0 -1.2 1.2373e+43 2.6158e+42 3.4559e+42 1.0402e+43 4.1366e+42 2.6607e+42 7.6603e+42 7.8518e+42 2.3073e+42 3.9275e+42 1.9729e+39 4.8243e+40 2.7871e+40 3.1115e+42 2.4556e+40 6.0507e+40 7.898e+40 6.9496e+40 6.1387e+41 5.2154e+41
-4.0 0.3 10000.0 -1.4 1.0221e+43 2.3673e+42 2.7876e+42 8.3907e+42 3.1418e+42 2.2823e+42 6.9082e+42 6.7352e+42 1.8918e+42 3.2773e+42 1.2175e+39 2.8702e+40 1.8202e+40 2.3871e+42 1.5563e+40 3.8346e+40 5.5903e+40 4.9506e+40 4.1857e+41 3.57e+41
-4.0 0.3 10000.0 -1.7 6.7994e+42 1.8279e+42 1.6984e+42 5.1123e+42 1.8795e+42 1.6114e+42 5.3224e+42 4.7552e+42 1.255e+42 2.2239e+42 3.6527e+38 1.3715e+40 1.0093e+40 1.3646e+42 6.4553e+39 1.5906e+40 2.7837e+40 2.489e+40 2.0088e+41 1.7226e+41
-4.0 0.3 10000.0 -2.0 4.2342e+42 1.32e+42 9.0211e+41 2.7153e+42 1.0636e+42 1.0653e+42 3.8426e+42 3.1437e+42 7.8483e+41 1.4171e+42 7.174e+37 8.2419e+39 6.1485e+39 6.9295e+41 2.3603e+39 5.8162e+39 1.2415e+40 1.1202e+40 8.8234e+40 7.603e+40
-4.0 0.5 100.0 -1.2 1.9461e+43 2.4534e+42 2.2662e+42 6.8212e+42 3.4987e+42 2.7264e+42 7.2894e+42 8.0457e+42 7.8459e+42 5.8234e+42 2.5784e+40 9.3233e+40 5.2109e+40 3.1815e+42 1.4023e+40 3.4553e+40 1.6849e+40 9.9912e+39 3.8567e+41 2.5268e+41
-4.0 0.5 100.0 -1.4 1.5997e+43 2.23e+42 1.7964e+42 5.4071e+42 2.646e+42 2.3161e+42 6.6115e+42 6.8349e+42 6.6291e+42 4.9385e+42 2.2231e+40 6.3324e+40 3.7579e+40 2.4572e+42 8.514e+39 2.0979e+40 1.139e+40 6.7592e+39 2.5697e+41 1.6836e+41
-4.0 0.5 100.0 -1.7 1.0489e+43 1.7278e+42 1.0842e+42 3.2633e+42 1.567e+42 1.6026e+42 5.1208e+42 4.7293e+42 4.5405e+42 3.3989e+42 1.7322e+40 3.4705e+40 2.3332e+40 1.4301e+42 3.4324e+39 8.4576e+39 5.4215e+39 3.2247e+39 1.2056e+41 7.8991e+40
-4.0 0.5 100.0 -2.0 6.3833e+42 1.2506e+42 5.9173e+41 1.7811e+42 8.7479e+41 1.031e+42 3.7125e+42 3.0426e+42 2.8915e+42 2.1737e+42 1.2779e+40 2.1302e+40 1.6231e+40 7.5023e+41 1.258e+39 3.0998e+39 2.3639e+39 1.4136e+39 5.1733e+40 3.3898e+40
-4.0 0.5 1000.0 -1.2 1.8913e+43 2.4785e+42 2.601e+42 7.8289e+42 3.778e+42 2.8831e+42 7.3129e+42 8.5082e+42 6.374e+42 6.4757e+42 2.057e+40 1.1125e+41 6.1253e+40 3.1631e+42 2.0456e+40 5.0405e+40 2.4004e+40 1.4851e+40 5.0005e+41 3.3629e+41
-4.0 0.5 1000.0 -1.4 1.5725e+43 2.2503e+42 2.1061e+42 6.3394e+42 2.8556e+42 2.4695e+42 6.6202e+42 7.2875e+42 5.3143e+42 5.5083e+42 1.5955e+40 7.4173e+40 4.2962e+40 2.441e+42 1.3208e+40 3.2545e+40 1.7117e+40 1.0603e+40 3.4549e+41 2.3244e+41
-4.0 0.5 1000.0 -1.7 1.0495e+43 1.7419e+42 1.3152e+42 3.9589e+42 1.6926e+42 1.7313e+42 5.1175e+42 5.1092e+42 3.5858e+42 3.8162e+42 9.4752e+39 3.6499e+40 2.3827e+40 1.4185e+42 5.8472e+39 1.4408e+40 8.8401e+39 5.4896e+39 1.7081e+41 1.1499e+41
-4.0 0.5 1000.0 -2.0 6.511e+42 1.2599e+42 7.4422e+41 2.2401e+42 9.4915e+41 1.1301e+42 3.7033e+42 3.3351e+42 2.2611e+42 2.4632e+42 4.1785e+39 1.8845e+40 1.4231e+40 7.4236e+41 2.333e+39 5.7487e+39 4.1746e+39 2.603e+39 7.6792e+40 5.1733e+40
-4.0 0.5 10000.0 -1.2 1.1899e+43 2.5294e+42 3.0799e+42 9.2705e+42 4.4125e+42 3.0702e+42 7.4093e+42 9.0602e+42 3.2911e+42 5.1641e+42 2.2347e+39 5.4843e+40 3.0899e+40 3.0978e+42 3.1257e+40 7.7022e+40 3.5381e+40 3.0773e+40 6.5323e+41 5.5102e+41
-4.0 0.5 10000.0 -1.4 1.0067e+43 2.2933e+42 2.5197e+42 7.5844e+42 3.3393e+42 2.6674e+42 6.6889e+42 7.8716e+42 2.6523e+42 4.2618e+42 1.3288e+39 3.2943e+40 1.9981e+40 2.3797e+42 2.0622e+40 5.0816e+40 2.6219e+40 2.2931e+40 4.6406e+41 3.9281e+41
-4.0 0.5 10000.0 -1.7 6.9343e+42 1.7739e+42 1.5605e+42 4.6971e+42 2.002e+42 1.9203e+42 5.1562e+42 5.6668e+42 1.7286e+42 2.8673e+42 3.8571e+38 1.461e+40 1.0087e+40 1.363e+42 8.9477e+39 2.2049e+40 1.3913e+40 1.227e+40 2.3519e+41 2.0001e+41
-4.0 0.5 10000.0 -2.0 4.4621e+42 1.2826e+42 8.399e+41 2.5281e+42 1.147e+42 1.294e+42 3.7232e+42 3.8186e+42 1.0708e+42 1.8253e+42 7.477e+37 7.865e+39 5.4244e+39 6.9397e+41 3.3771e+39 8.3222e+39 6.6063e+39 5.8694e+39 1.0852e+41 9.2652e+40
-5.0 0.1 100.0 -1.2 2.0422e+42 2.3018e+42 1.1094e+41 3.3393e+41 4.2162e+41 4.802e+41 7.2091e+42 1.4171e+42 1.9132e+42 1.4318e+42 1.3511e+39 7.2396e+39 4.6709e+39 7.502e+41 2.2629e+38 5.5773e+38 1.5159e+39 9.0094e+38 8.4607e+39 5.5456e+39
-5.0 0.1 100.0 -1.4 1.5065e+42 2.1809e+42 8.4504e+40 2.5436e+41 2.9668e+41 3.8707e+41 6.8426e+42 1.1422e+42 1.5344e+42 1.1529e+42 1.3396e+39 7.2005e+39 4.8197e+39 5.6842e+41 1.1814e+38 2.9117e+38 8.7379e+38 5.2079e+38 4.7409e+39 3.1078e+39
-5.0 0.1 100.0 -1.7 8.2302e+41 1.76e+42 4.7407e+40 1.4269e+41 1.511e+41 2.4163e+41 5.5406e+42 7.1305e+41 9.483e+41 7.1687e+41 1.1253e+39 6.893e+39 4.7099e+39 3.1961e+41 3.6915e+37 9.0983e+37 3.1666e+38 1.9091e+38 1.6668e+39 1.0929e+39
-5.0 0.1 100.0 -2.0 4.0907e+41 1.3062e+42 2.3588e+40 7.0999e+40 6.9959e+40 1.3689e+41 4.1271e+42 4.0397e+41 5.3151e+41 4.0426e+41 7.6339e+38 6.2037e+39 4.2296e+39 1.6124e+41 1.001e+37 2.4671e+37 9.945e+37 6.2242e+37 5.1496e+38 3.3784e+38
-5.0 0.1 1000.0 -1.2 3.3872e+42 2.3042e+42 1.4664e+41 4.4137e+41 8.4562e+41 7.2904e+41 7.0857e+42 2.1514e+42 2.1928e+42 2.4296e+42 9.5318e+38 7.8648e+39 4.968e+39 7.5451e+41 4.4302e+38 1.0919e+39 3.2326e+39 2.01e+39 1.7307e+40 1.1682e+40
-5.0 0.1 1000.0 -1.4 2.6759e+42 2.1811e+42 1.1702e+41 3.5222e+41 6.3411e+41 6.1487e+41 6.7115e+42 1.8145e+42 1.8159e+42 2.0431e+42 7.7538e+38 7.3996e+39 4.856e+39 5.7193e+41 2.6503e+38 6.5323e+38 2.1174e+39 1.3196e+39 1.0942e+40 7.3912e+39
-5.0 0.1 1000.0 -1.7 1.6286e+42 1.7585e+42 7.1085e+40 2.1397e+41 3.5781e+41 4.1299e+41 5.4217e+42 1.2187e+42 1.1852e+42 1.3631e+42 3.9771e+38 6.4316e+39 4.245e+39 3.2181e+41 1.0479e+38 2.5826e+38 9.5951e+38 6.0131e+38 4.7381e+39 3.2042e+39
-5.0 0.1 1000.0 -2.0 9.0642e+41 1.3044e+42 3.8762e+40 1.1667e+41 1.8539e+41 2.5352e+41 4.033e+42 7.4814e+41 7.0799e+41 8.3107e+41 1.4092e+38 5.0049e+39 3.1429e+39 1.6239e+41 3.7371e+37 9.2108e+37 3.9216e+38 2.4865e+38 1.8651e+39 1.2627e+39
-5.0 0.1 10000.0 -1.2 3.47e+42 2.3148e+42 1.9192e+41 5.7768e+41 1.935e+42 1.0566e+42 6.9378e+42 3.1181e+42 1.5623e+42 2.8005e+42 6.2012e+37 4.1337e+39 2.2884e+39 7.5389e+41 8.5944e+38 2.1183e+39 6.7573e+39 6.012e+39 3.4838e+40 2.9953e+40
-5.0 0.1 10000.0 -1.4 2.8549e+42 2.1878e+42 1.5609e+41 4.6982e+41 1.5162e+42 9.1674e+41 6.5547e+42 2.7053e+42 1.3004e+42 2.3603e+42 3.8124e+37 3.3931e+39 1.8722e+39 5.7038e+41 5.4561e+38 1.3448e+39 4.6929e+39 4.2046e+39 2.3494e+40 2.0298e+40
-5.0 0.1 10000.0 -1.7 1.8526e+42 1.7621e+42 9.5823e+40 2.8843e+41 9.1737e+41 6.4432e+41 5.2823e+42 1.9014e+42 8.5917e+41 1.5877e+42 1.1376e+37 2.0529e+39 1.1004e+39 3.188e+41 2.2632e+38 5.578e+38 2.2677e+39 2.0534e+39 1.1113e+40 9.6674e+39
-5.0 0.1 10000.0 -2.0 1.1037e+42 1.3058e+42 5.1202e+40 1.5412e+41 5.1214e+41 4.1529e+41 3.92e+42 1.2255e+42 5.2286e+41 9.8228e+41 2.2533e+36 1.0023e+39 5.2134e+38 1.5857e+41 8.1415e+37 2.0066e+38 9.6808e+38 8.8609e+38 4.7731e+39 4.1777e+39
-5.0 0.3 100.0 -1.2 7.0278e+42 2.2177e+42 1.4113e+41 4.2479e+41 2.268e+42 1.2756e+42 6.721e+42 3.7643e+42 6.3589e+42 4.6616e+42 1.4477e+39 7.1538e+39 4.2545e+39 7.6873e+41 4.4893e+38 1.1065e+39 2.0526e+39 1.2178e+39 2.1759e+40 1.4256e+40
-5.0 0.3 100.0 -1.4 5.7923e+42 2.1051e+42 1.1292e+41 3.399e+41 1.756e+42 1.101e+42 6.3863e+42 3.2492e+42 5.4059e+42 3.975e+42 1.4037e+39 6.882e+39 4.2286e+39 5.838e+41 2.6477e+38 6.5257e+38 1.3379e+39 7.946e+38 1.4085e+40 9.229e+39
-5.0 0.3 100.0 -1.7 3.7584e+42 1.7034e+42 6.8752e+40 2.0694e+41 1.0403e+42 7.6703e+41 5.1797e+42 2.2635e+42 3.6777e+42 2.7165e+42 1.163e+39 6.347e+39 3.9882e+39 3.2955e+41 1.02e+38 2.5139e+38 6.027e+38 3.5911e+38 6.3346e+39 4.151e+39
-5.0 0.3 100.0 -2.0 2.2275e+42 1.2668e+42 3.7535e+40 1.1298e+41 5.6545e+41 4.8879e+41 3.8639e+42 1.4424e+42 2.2918e+42 1.7004e+42 7.958e+38 5.6293e+39 3.5363e+39 1.6697e+41 3.5513e+37 8.7528e+37 2.4712e+38 1.4841e+38 2.6072e+39 1.7087e+39
-5.0 0.3 1000.0 -1.2 8.0829e+42 2.2207e+42 1.6588e+41 4.993e+41 3.0122e+42 1.4887e+42 6.6563e+42 4.3932e+42 5.9601e+42 5.9927e+42 1.0418e+39 7.7955e+39 4.5592e+39 7.6858e+41 7.2219e+38 1.78e+39 3.4969e+39 2.1665e+39 3.3968e+40 2.2856e+40
-5.0 0.3 1000.0 -1.4 6.8141e+42 2.1054e+42 1.3573e+41 4.0855e+41 2.384e+42 1.3039e+42 6.3125e+42 3.8479e+42 5.0769e+42 5.1825e+42 8.3247e+38 7.1179e+39 4.2948e+39 5.835e+41 4.6096e+38 1.1361e+39 2.4541e+39 1.5226e+39 2.3262e+40 1.5662e+40
-5.0 0.3 1000.0 -1.7 4.5807e+42 1.7023e+42 8.5622e+40 2.5772e+41 1.4615e+42 9.2957e+41 5.1115e+42 2.7432e+42 3.468e+42 3.6207e+42 4.25e+38 5.8733e+39 3.5855e+39 3.2935e+41 2.0092e+38 4.9519e+38 1.2433e+39 7.7363e+38 1.1411e+40 7.6889e+39
-5.0 0.3 1000.0 -2.0 2.8198e+42 1.2652e+42 4.8529e+40 1.4607e+41 8.2392e+41 6.0719e+41 3.8069e+42 1.7918e+42 2.1752e+42 2.3206e+42 1.5071e+38 4.3535e+39 2.5762e+39 1.6674e+41 7.9121e+37 1.9501e+38 5.7602e+38 3.6009e+38 5.1233e+39 3.4552e+39
-5.0 0.3 10000.0 -1.2 6.5176e+42 2.2263e+42 2.0314e+41 6.1146e+41 4.6633e+42 1.7703e+42 6.5595e+42 5.2241e+42 3.6911e+42 5.9953e+42 6.6497e+37 3.7704e+39 2.0176e+39 7.6128e+41 1.2628e+39 3.1124e+39 6.6825e+39 5.8245e+39 5.9051e+40 4.9662e+40
-5.0 0.3 10000.0 -1.4 5.5876e+42 2.1087e+42 1.6812e+41 5.0603e+41 3.7756e+42 1.5717e+42 6.2104e+42 4.638e+42 3.1083e+42 5.1269e+42 4.0085e+37 2.9431e+39 1.5753e+39 5.769e+41 8.4007e+38 2.0705e+39 4.9417e+39 4.3322e+39 4.2297e+40 3.5716e+40
-5.0 0.3 10000.0 -1.7 3.8548e+42 1.7033e+42 1.0593e+41 3.1884e+41 2.3937e+42 1.1439e+42 5.0186e+42 3.3757e+42 2.0897e+42 3.5284e+42 1.1776e+37 1.668e+39 8.7721e+38 3.2344e+41 3.753e+38 9.25e+38 2.6629e+39 2.3535e+39 2.1992e+40 1.8675e+40
-5.0 0.3 10000.0 -2.0 2.4372e+42 1.2651e+42 5.8273e+40 1.754e+41 1.3971e+42 7.6335e+41 3.7314e+42 2.2527e+42 1.2929e+42 2.2337e+42 2.3224e+36 7.86e+38 4.0492e+38 1.6142e+41 1.4734e+38 3.6316e+38 1.2977e+39 1.1554e+39 1.0433e+40 8.9049e+39
-5.0 0.5 100.0 -1.2 1.116e+43 2.1116e+42 1.4161e+41 4.2625e+41 4.8732e+42 2.0904e+42 6.2873e+42 6.1688e+42 1.2385e+43 8.9813e+42 1.587e+39 6.7808e+39 3.7581e+39 7.6993e+41 7.4907e+38 1.8462e+39 1.6066e+39 9.5222e+38 4.0683e+40 2.6646e+40
-5.0 0.5 100.0 -1.4 9.6703e+42 2.0104e+42 1.1622e+41 3.4981e+41 3.967e+42 1.8572e+42 5.9875e+42 5.4807e+42 1.0745e+43 7.8126e+42 1.4973e+39 6.2921e+39 3.572e+39 5.8578e+41 4.807e+38 1.1848e+39 1.1581e+39 6.8669e+38 2.8786e+40 1.8854e+40
-5.0 0.5 100.0 -1.7 6.7642e+42 1.6329e+42 7.3418e+40 2.2099e+41 2.5218e+42 1.3521e+42 4.8701e+42 3.9899e+42 7.5541e+42 5.5133e+42 1.2112e+39 5.4971e+39 3.1883e+39 3.318e+41 2.099e+38 5.1733e+38 6.1043e+38 3.6231e+38 1.4782e+40 9.6826e+39
-5.0 0.5 100.0 -2.0 4.3261e+42 1.2181e+42 4.1601e+40 1.2522e+41 1.4667e+42 9.0159e+41 3.6403e+42 2.6606e+42 4.8781e+42 3.5735e+42 8.2763e+38 4.7126e+39 2.7451e+39 1.6867e+41 8.3046e+37 2.0468e+38 2.9562e+38 1.7582e+38 6.9427e+39 4.5479e+39
-5.0 0.5 1000.0 -1.2 1.1143e+43 2.1166e+42 1.5695e+41 4.7241e+41 5.515e+42 2.217e+42 6.2584e+42 6.5425e+42 1.1097e+43 1.0395e+43 1.1683e+39 7.3455e+39 4.0306e+39 7.6744e+41 1.0373e+39 2.5566e+39 2.2162e+39 1.3679e+39 5.1953e+40 3.4859e+40
-5.0 0.5 1000.0 -1.4 9.7363e+42 2.0135e+42 1.3057e+41 3.9302e+41 4.5233e+42 1.9814e+42 5.9522e+42 5.8472e+42 9.5616e+42 9.0857e+42 9.1334e+38 6.5213e+39 3.6561e+39 5.8385e+41 6.9931e+38 1.7236e+39 1.6604e+39 1.0258e+39 3.7736e+40 2.5331e+40
-5.0 0.5 1000.0 -1.7 6.8937e+42 1.6341e+42 8.4196e+40 2.5343e+41 2.9242e+42 1.4555e+42 4.8339e+42 4.2951e+42 6.6563e+42 6.4619e+42 4.6101e+38 5.074e+39 2.884e+39 3.3051e+41 3.2821e+38 8.0895e+38 9.2497e+38 5.7238e+38 2.0103e+40 1.3502e+40
-5.0 0.5 1000.0 -2.0 4.4633e+42 1.218e+42 4.8672e+40 1.465e+41 1.7244e+42 9.7934e+41 3.6083e+42 2.89e+42 4.2577e+42 4.221e+42 1.6389e+38 3.5645e+39 1.9963e+39 1.6783e+41 1.3817e+38 3.4054e+38 4.7083e+38 2.9198e+38 9.7538e+39 6.5555e+39
-5.0 0.5 10000.0 -1.2 7.8853e+42 2.1268e+42 1.8274e+41 5.5004e+41 6.7859e+42 2.3819e+42 6.2235e+42 7.0291e+42 6.6865e+42 9.7631e+42 7.5105e+37 3.4117e+39 1.7771e+39 7.5824e+41 1.6053e+39 3.9566e+39 3.594e+39 3.0739e+39 7.606e+40 6.2915e+40
-5.0 0.5 10000.0 -1.4 6.9742e+42 2.0199e+42 1.5354e+41 4.6215e+41 5.6272e+42 2.1523e+42 5.9026e+42 6.3514e+42 5.6593e+42 8.4088e+42 4.3817e+37 2.5305e+39 1.3203e+39 5.7562e+41 1.1164e+39 2.7517e+39 2.8302e+39 2.4313e+39 5.7364e+40 4.7601e+40
-5.0 0.5 10000.0 -1.7 5.0306e+42 1.6362e+42 9.8637e+40 2.969e+41 3.7081e+42 1.6074e+42 4.7776e+42 4.7434e+42 3.8377e+42 5.8592e+42 1.2461e+37 1.3196e+39 6.8268e+38 3.2356e+41 5.2728e+38 1.2996e+39 1.6719e+39 1.4448e+39 3.2031e+40 2.6695e+40
-5.0 0.5 10000.0 -2.0 3.3142e+42 1.2182e+42 5.5161e+40 1.6603e+41 2.2479e+42 1.0987e+42 3.5576e+42 3.2424e+42 2.395e+42 3.7586e+42 2.4217e+36 5.8914e+38 3.0102e+38 1.6196e+41 2.1674e+38 5.342e+38 8.907e+38 7.7368e+38 1.6187e+40 1.3545e+40
-1.0 0.1 100.0 -1.2 1.0109e+42 7.4624e+41 4.2929e+42 1.2922e+43 4.5598e+41 1.2616e+41 2.1375e+42 3.723e+41 1.8601e+41 1.3421e+41 8.4796e+41 1.8844e+42 1.0325e+42 3.8738e+42 1.9466e+41 4.6376e+41 9.3527e+40 5.5595e+40 1.0649e+42 6.9756e+41
-1.0 0.1 100.0 -1.4 5.4178e+41 6.7189e+41 4.2848e+42 1.2897e+43 1.7918e+41 5.7695e+40 1.9082e+42 1.7026e+41 1.1029e+41 8.0292e+40 4.8088e+41 1.2718e+42 6.921e+41 3.0591e+42 1.2094e+41 2.8403e+41 5.8499e+40 3.5068e+40 6.6409e+41 4.3508e+41
-1.0 0.1 100.0 -1.7 3.0433e+41 6.1809e+41 3.503e+42 1.0544e+43 1.9809e+40 2.1307e+40 1.7747e+42 6.2878e+40 4.3728e+40 3.3104e+40 1.6543e+41 5.8563e+41 2.9884e+41 1.8655e+42 4.3954e+40 1.0083e+41 2.9299e+40 1.8255e+40 3.0917e+41 2.0266e+41
-1.0 0.1 100.0 -2.0 2.3237e+41 5.7114e+41 2.2698e+42 6.8321e+42 8.0998e+39 1.5771e+40 1.6712e+42 4.654e+40 2.9772e+40 2.3023e+40 4.7348e+40 2.0494e+41 1.0956e+41 1.0109e+42 1.344e+40 3.0571e+40 1.6042e+40 1.1119e+40 1.3816e+41 9.0724e+40
-1.0 0.1 1000.0 -1.2 3.1487e+42 2.0667e+42 1.6213e+43 4.8801e+43 1.2705e+42 4.5454e+41 5.9522e+42 1.3414e+42 5.6473e+41 5.221e+41 3.1165e+41 3.7147e+42 1.7643e+42 5.4581e+42 3.2986e+41 7.877e+41 2.806e+41 1.7411e+41 3.2827e+42 2.2054e+42
-1.0 0.1 1000.0 -1.4 2.1702e+42 1.8903e+42 1.2488e+43 3.7589e+43 4.8872e+41 2.4942e+41 5.4665e+42 7.3605e+41 3.1513e+41 3.1156e+41 1.0411e+41 1.6613e+42 8.0109e+41 3.9739e+42 1.5061e+41 3.591e+41 1.8215e+41 1.1409e+41 1.8593e+42 1.2512e+42
-1.0 0.1 1000.0 -1.7 1.515e+42 1.5443e+42 7.1558e+42 2.1539e+43 9.6535e+40 1.3173e+41 4.5098e+42 3.8873e+41 1.4466e+41 1.6796e+41 3.0498e+40 3.1864e+41 1.6474e+41 2.1545e+42 3.8108e+40 9.1102e+40 9.0178e+40 5.8068e+40 6.7391e+41 4.5458e+41
-1.0 0.1 1000.0 -2.0 1.135e+42 1.1847e+42 3.721e+42 1.12e+43 5.4052e+40 1.0469e+41 3.487e+42 3.0893e+41 1.0673e+41 1.3142e+41 1.7995e+40 6.081e+40 3.9107e+40 1.0698e+42 9.1896e+39 2.21e+40 4.1074e+40 2.8025e+40 2.1978e+41 1.4857e+41
-1.0 0.1 10000.0 -1.2 7.5586e+42 3.0535e+42 1.597e+43 4.8071e+43 3.1097e+42 1.5932e+42 8.9248e+42 4.7016e+42 8.0572e+41 1.2935e+42 1.4305e+40 4.1542e+41 2.1929e+41 4.9711e+42 1.4125e+41 3.4651e+41 5.1478e+41 4.5279e+41 2.5899e+42 2.213e+42
-1.0 0.1 10000.0 -1.4 5.7608e+42 2.634e+42 1.1886e+43 3.5776e+43 1.4805e+42 1.113e+42 7.6786e+42 3.2844e+42 4.9134e+41 8.4453e+41 1.0853e+40 1.6275e+41 9.0106e+40 3.6541e+42 7.1833e+40 1.7626e+41 3.2577e+41 2.8992e+41 1.4546e+42 1.252e+42
-1.0 0.1 10000.0 -1.7 3.9964e+42 1.9597e+42 6.3546e+42 1.9127e+43 5.7434e+41 7.6244e+41 5.7063e+42 2.25e+42 2.9122e+41 5.4741e+41 4.0502e+39 3.7187e+40 2.482e+40 1.9759e+42 2.1511e+40 5.2847e+40 1.3119e+41 1.1883e+41 5.2762e+41 4.579e+41
-1.0 0.1 10000.0 -2.0 2.7826e+42 1.3898e+42 2.9445e+42 8.863e+42 3.2086e+41 5.8363e+41 4.0547e+42 1.7223e+42 2.1173e+41 4.1477e+41 6.694e+38 1.4891e+40 1.2189e+40 9.6125e+41 5.9349e+39 1.4599e+40 4.5405e+40 4.1833e+40 1.821e+41 1.5904e+41
-1.0 0.3 100.0 -1.2 2.0027e+42 5.1805e+41 1.515e+42 4.5601e+42 9.1682e+41 2.7741e+41 1.6058e+42 8.1864e+41 3.0108e+41 2.1455e+41 9.2014e+41 9.0987e+41 6.507e+41 2.371e+42 1.3111e+41 3.1992e+41 2.9387e+40 1.74e+40 1.0347e+42 6.7758e+41
-1.0 0.3 100.0 -1.4 1.0802e+42 3.9073e+41 1.6705e+42 5.0282e+42 5.3564e+41 1.5411e+41 1.1569e+42 4.5478e+41 1.9537e+41 1.3941e+41 6.1808e+41 7.3803e+41 5.0232e+41 2.0093e+42 1.1185e+41 2.7198e+41 2.9983e+40 1.777e+40 8.0134e+41 5.2484e+41
-1.0 0.3 100.0 -1.7 4.3101e+41 2.973e+41 1.8211e+42 5.4816e+42 1.7635e+41 5.2347e+40 8.4554e+41 1.5448e+41 9.5851e+40 6.9136e+40 2.6634e+41 4.3309e+41 2.78e+41 1.3972e+42 6.7453e+40 1.6256e+41 2.1104e+40 1.2589e+40 4.4415e+41 2.9096e+41
-1.0 0.3 100.0 -2.0 2.4615e+41 2.7147e+41 1.5671e+42 4.717e+42 3.4949e+40 2.0873e+40 7.7667e+41 6.1598e+40 4.4509e+40 3.3081e+40 8.5401e+40 1.8579e+41 1.1502e+41 8.4964e+41 2.5178e+40 6.0027e+40 1.1343e+40 6.9744e+39 1.9956e+41 1.3079e+41
-1.0 0.3 1000.0 -1.2 3.9269e+42 1.453e+42 1.1171e+43 3.3626e+43 2.1454e+42 6.0262e+41 4.2073e+42 1.7783e+42 8.9969e+41 7.7672e+41 5.6222e+41 2.103e+42 1.1358e+42 4.8853e+42 4.0806e+41 9.8994e+41 1.6117e+41 9.9307e+40 3.5111e+42 2.3545e+42
-1.0 0.3 1000.0 -1.4 2.6065e+42 1.3058e+42 9.5398e+42 2.8715e+43 1.0812e+42 3.5597e+41 3.7543e+42 1.0505e+42 5.5323e+41 4.9476e+41 2.1517e+41 1.2272e+42 6.211e+41 3.6682e+42 2.1613e+41 5.2325e+41 1.1382e+41 7.049e+40 2.1512e+42 1.4448e+42
-1.0 0.3 1000.0 -1.7 1.6793e+42 1.1077e+42 6.1777e+42 1.8595e+43 2.9441e+41 1.8047e+41 3.2042e+42 5.3257e+41 2.5102e+41 2.5203e+41 4.5144e+40 3.5438e+41 1.8924e+41 2.0567e+42 6.3272e+40 1.5308e+41 6.2076e+40 3.8997e+40 8.5291e+41 5.7421e+41
-1.0 0.3 1000.0 -2.0 1.2546e+42 9.0352e+41 3.4848e+42 1.0489e+43 8.4138e+40 1.2386e+41 2.6406e+42 3.6551e+41 1.4068e+41 1.6165e+41 1.9849e+40 7.9023e+40 4.9649e+40 1.043e+42 1.65e+40 4.0011e+40 3.1352e+40 2.0304e+40 2.9815e+41 2.0112e+41
-1.0 0.3 10000.0 -1.2 8.0982e+42 2.764e+42 1.4816e+43 4.4597e+43 4.5285e+42 1.9402e+42 8.058e+42 5.7255e+42 1.4264e+42 2.0628e+42 1.6287e+40 4.2642e+41 2.4445e+41 4.9209e+42 1.8259e+41 4.4833e+41 3.1534e+41 2.742e+41 2.6912e+42 2.2799e+42
-1.0 0.3 10000.0 -1.4 6.2392e+42 2.4027e+42 1.1238e+43 3.3827e+43 2.3396e+42 1.3952e+42 6.9809e+42 4.1174e+42 8.5401e+41 1.3132e+42 1.1388e+40 1.7871e+41 1.0472e+41 3.63e+42 9.6327e+40 2.3659e+41 2.0787e+41 1.8273e+41 1.5657e+42 1.3361e+42
-1.0 0.3 10000.0 -1.7 4.409e+42 1.8213e+42 6.1716e+42 1.8577e+43 8.9557e+41 9.3385e+41 5.2914e+42 2.7558e+42 4.5741e+41 7.7978e+41 4.0977e+39 4.1866e+40 2.7412e+40 1.9718e+42 3.0206e+40 7.4243e+40 8.9436e+40 7.988e+40 6.0069e+41 5.1671e+41
-1.0 0.3 10000.0 -2.0 3.1887e+42 1.3165e+42 2.9501e+42 8.8798e+42 4.3784e+41 7.0342e+41 3.8302e+42 2.0758e+42 3.0164e+41 5.5214e+41 6.7939e+38 1.5504e+40 1.2327e+40 9.6215e+41 8.8523e+39 2.1784e+40 3.4052e+40 3.0822e+40 2.2506e+41 1.9455e+41
-1.0 0.5 100.0 -1.2 1.8319e+42 4.5912e+41 7.4126e+41 2.2312e+42 8.5056e+41 3.2155e+41 1.4982e+42 9.4888e+41 3.6323e+41 2.5756e+41 9.3625e+41 7.097e+41 5.2876e+41 1.7483e+42 7.2449e+40 1.7769e+41 5.0069e+39 2.9635e+39 6.6432e+41 4.3502e+41
-1.0 0.5 100.0 -1.4 1.0582e+42 3.3002e+41 8.1336e+41 2.4482e+42 5.3441e+41 1.9185e+41 1.0296e+42 5.6614e+41 2.365e+41 1.6767e+41 7.0731e+41 6.1241e+41 4.6326e+41 1.5183e+42 6.8025e+40 1.6665e+41 5.7439e+39 3.4009e+39 5.7001e+41 3.7331e+41
-1.0 0.5 100.0 -1.7 4.4758e+41 2.1971e+41 9.8303e+41 2.9589e+42 2.1684e+41 7.3144e+40 6.4101e+41 2.1585e+41 1.1916e+41 8.5004e+40 3.7035e+41 3.9468e+41 3.0422e+41 1.1196e+42 6.0114e+40 1.4678e+41 6.9323e+39 4.1119e+39 4.2835e+41 2.8057e+41
-1.0 0.5 100.0 -2.0 2.4139e+41 1.797e+41 1.0418e+42 3.1359e+42 6.7539e+40 2.8501e+40 5.1015e+41 8.4106e+40 6.3104e+40 4.5893e+40 1.4534e+41 2.0349e+41 1.5262e+41 7.2812e+41 3.5558e+40 8.6356e+40 5.1993e+39 3.1105e+39 2.4952e+41 1.6347e+41
-1.0 0.5 1000.0 -1.2 3.5563e+42 1.187e+42 7.2458e+42 2.181e+43 2.1098e+42 6.7195e+41 3.5129e+42 1.9829e+42 1.0785e+42 8.9622e+41 8.821e+41 1.7884e+42 1.3784e+42 4.4188e+42 4.0017e+41 9.7827e+41 5.4195e+40 3.3275e+40 3.163e+42 2.1184e+42
-1.0 0.5 1000.0 -1.4 2.4332e+42 1.0185e+42 6.8356e+42 2.0575e+43 1.1853e+42 4.023e+41 2.9444e+42 1.1872e+42 7.1364e+41 6.0812e+41 3.9745e+41 1.0951e+42 8.3289e+41 3.3925e+42 2.6317e+41 6.4249e+41 4.5319e+40 2.7907e+40 2.2314e+42 1.4964e+42
-1.0 0.5 1000.0 -1.7 1.5885e+42 8.5769e+41 5.0374e+42 1.5163e+43 4.1104e+41 2.1127e+41 2.4627e+42 6.2347e+41 3.6235e+41 3.3608e+41 8.0765e+40 4.0116e+41 2.9019e+41 1.9642e+42 9.617e+40 2.3452e+41 2.8392e+40 1.7618e+40 1.021e+42 6.8619e+41
-1.0 0.5 1000.0 -2.0 1.1952e+42 7.2393e+41 3.0915e+42 9.3054e+42 1.3446e+41 1.4489e+41 2.0952e+42 4.2757e+41 1.9997e+41 2.0984e+41 2.3933e+40 1.1774e+41 8.3822e+40 1.0147e+42 2.861e+40 6.9809e+40 1.5921e+40 1.0025e+40 3.9275e+41 2.6445e+41
-1.0 0.5 10000.0 -1.2 7.2289e+42 2.5141e+42 1.2708e+43 3.8251e+43 4.6671e+42 2.0584e+42 7.3434e+42 6.0742e+42 2.0605e+42 2.7241e+42 2.0906e+40 5.4179e+41 3.0785e+41 4.854e+42 2.2981e+41 5.6491e+41 1.2821e+41 1.1007e+41 2.7317e+42 2.2958e+42
-1.0 0.5 10000.0 -1.4 5.7131e+42 2.1986e+42 9.8755e+42 2.9725e+43 2.5796e+42 1.5556e+42 6.3783e+42 4.5906e+42 1.2822e+42 1.789e+42 1.2779e+40 2.3877e+41 1.3488e+41 3.5925e+42 1.276e+41 3.1371e+41 8.8743e+40 7.6973e+40 1.6572e+42 1.4029e+42
-1.0 0.5 10000.0 -1.7 4.1451e+42 1.6946e+42 5.5709e+42 1.6768e+43 1.0495e+42 1.0817e+42 4.9074e+42 3.1922e+42 6.6837e+41 1.0398e+42 4.273e+39 5.235e+40 3.2553e+40 1.9612e+42 4.1716e+40 1.0263e+41 4.0439e+40 3.5618e+40 6.5856e+41 5.6225e+41
-1.0 0.5 10000.0 -2.0 3.0734e+42 1.245e+42 2.7095e+42 8.1555e+42 5.0182e+41 8.1742e+41 3.6104e+42 2.4122e+42 4.307e+41 7.2166e+41 7.0087e+38 1.6614e+40 1.2643e+40 9.6032e+41 1.2486e+40 3.0738e+40 1.6194e+40 1.444e+40 2.5353e+41 2.1758e+41
