# log(Us)  xid nh alpha [OII]3727 Hbeta [OIII]4959 [OIII]5007 [OI]6300 [NII]6548 Halpha [NII]6584 [SII]6717 [SII]6731 NV1240 CIV1548 CIV1551 HeII1640 OIII]1661 OIII]1666 [SiIII]1883 SiIII]1888 [CIII]1907 CIII]1910 
-2.5 0.1 100.0 -1.2 6.0149e+42 2.7586e+42 9.9087e+42 2.9825e+43 1.1301e+42 1.3444e+41 8.0998e+42 3.9673e+41 6.6457e+41 4.8784e+41 2.2513e+41 5.0727e+42 2.6371e+42 5.3606e+42 4.209e+41 1.0341e+42 7.1628e+41 4.243e+41 5.1047e+42 3.3438e+42
-2.5 0.1 100.0 -1.4 4.823e+42 2.3662e+42 8.395e+42 2.5269e+43 5.6847e+41 9.859e+40 6.8815e+42 2.9094e+41 4.7846e+41 3.5656e+41 1.4942e+41 3.3695e+42 1.7565e+42 3.9417e+42 2.812e+41 6.9055e+41 5.6197e+41 3.3314e+41 3.5764e+42 2.3428e+42
-2.5 0.1 100.0 -1.7 3.2036e+42 1.7642e+42 5.5337e+42 1.6656e+43 1.8515e+41 6.2481e+40 5.1137e+42 1.8438e+41 2.8818e+41 2.1876e+41 7.5207e+40 1.5325e+42 8.0419e+41 2.1515e+42 1.2717e+41 3.1206e+41 3.2447e+41 1.9281e+41 1.7623e+42 1.1545e+42
-2.5 0.1 100.0 -2.0 2.0518e+42 1.2625e+42 3.3098e+42 9.9625e+42 7.5322e+40 4.042e+40 3.6694e+42 1.1928e+41 1.7892e+41 1.3724e+41 3.9545e+40 6.3319e+41 3.3798e+41 1.0707e+42 5.2642e+40 1.2908e+41 1.7074e+41 1.02e+41 8.0029e+41 5.2434e+41
-2.5 0.1 1000.0 -1.2 5.6156e+42 2.8622e+42 1.0475e+43 3.1531e+43 1.2738e+42 1.5792e+41 8.3783e+42 4.6603e+41 5.9746e+41 5.5599e+41 1.6537e+41 5.3883e+42 2.7882e+42 5.3848e+42 4.5237e+41 1.1115e+42 7.8239e+41 4.8035e+41 5.497e+42 3.6831e+42
-2.5 0.1 1000.0 -1.4 4.5537e+42 2.4594e+42 8.9891e+42 2.7057e+43 6.5686e+41 1.1499e+41 7.1271e+42 3.3933e+41 4.0613e+41 4.0415e+41 9.3069e+40 3.5261e+42 1.8265e+42 3.9555e+42 3.0901e+41 7.5894e+41 6.3768e+41 3.9214e+41 3.9558e+42 2.6522e+42
-2.5 0.1 1000.0 -1.7 3.1295e+42 1.8416e+42 6.0871e+42 1.8322e+43 2.2677e+41 7.2473e+40 5.3143e+42 2.1387e+41 2.3141e+41 2.523e+41 3.5099e+40 1.4559e+42 7.5696e+41 2.156e+42 1.4511e+41 3.5623e+41 4.0254e+41 2.4833e+41 2.0564e+42 1.3801e+42
-2.5 0.1 1000.0 -2.0 2.1254e+42 1.3249e+42 3.7399e+42 1.1257e+43 9.2737e+40 4.8516e+40 3.8297e+42 1.4317e+41 1.4301e+41 1.6553e+41 1.4926e+40 4.5763e+41 2.424e+41 1.0712e+42 6.1323e+40 1.5052e+41 2.3818e+41 1.4759e+41 9.753e+41 6.5525e+41
-2.5 0.1 10000.0 -1.2 5.0496e+42 3.1528e+42 1.0176e+43 3.0629e+43 2.2063e+42 3.0126e+41 9.2779e+42 8.8901e+41 5.7823e+41 8.1433e+41 9.2142e+39 1.3082e+42 6.6877e+41 5.0813e+42 3.3337e+41 8.2053e+41 1.0268e+42 8.5856e+41 4.3761e+42 3.6221e+42
-2.5 0.1 10000.0 -1.4 4.324e+42 2.6993e+42 8.4615e+42 2.5469e+43 1.2868e+42 2.3267e+41 7.8591e+42 6.8662e+41 3.9013e+41 5.8223e+41 4.5899e+39 6.6647e+41 3.4412e+41 3.7431e+42 2.2376e+41 5.5078e+41 8.2873e+41 6.9782e+41 3.0887e+42 2.5692e+42
-2.5 0.1 10000.0 -1.7 3.402e+42 1.9994e+42 5.1994e+42 1.565e+43 5.7053e+41 1.6508e+41 5.7835e+42 4.8715e+41 2.3251e+41 3.7948e+41 9.4776e+38 1.6249e+41 8.8346e+40 2.0313e+42 9.4705e+40 2.3318e+41 4.7073e+41 4.0101e+41 1.4746e+42 1.2358e+42
-2.5 0.1 10000.0 -2.0 2.6848e+42 1.4166e+42 2.6922e+42 8.1034e+42 2.8445e+41 1.2718e+41 4.0931e+42 3.753e+41 1.55e+41 2.7175e+41 1.2888e+38 3.7704e+40 2.3606e+40 9.942e+41 3.4025e+40 8.3806e+40 2.2614e+41 1.9469e+41 6.3275e+41 5.3361e+41
-2.5 0.3 100.0 -1.2 5.266e+42 2.4562e+42 7.9496e+42 2.3928e+43 1.4363e+42 1.4317e+41 7.2921e+42 4.2248e+41 9.0788e+41 6.554e+41 2.7691e+41 3.2915e+42 1.8943e+42 5.1094e+42 4.2843e+41 1.0535e+42 3.6127e+41 2.1393e+41 4.3408e+42 2.8432e+42
-2.5 0.3 100.0 -1.4 4.2417e+42 2.0676e+42 6.9678e+42 2.0973e+43 7.6173e+41 1.0282e+41 6.0556e+42 3.0341e+41 6.161e+41 4.5104e+41 1.8951e+41 2.311e+42 1.3122e+42 3.7742e+42 3.1048e+41 7.632e+41 3.0478e+41 1.8057e+41 3.2437e+42 2.1247e+42
-2.5 0.3 100.0 -1.7 2.8426e+42 1.5136e+42 4.7946e+42 1.4432e+43 2.6321e+41 6.352e+40 4.3934e+42 1.8745e+41 3.4261e+41 2.5597e+41 9.6343e+40 1.1376e+42 6.3848e+41 2.0747e+42 1.5333e+41 3.7668e+41 1.8956e+41 1.1249e+41 1.7145e+42 1.1231e+42
-2.5 0.3 100.0 -2.0 1.8413e+42 1.0804e+42 2.9565e+42 8.8989e+42 9.1896e+40 4.0494e+40 3.1355e+42 1.195e+41 1.9672e+41 1.4932e+41 4.8618e+40 5.1078e+41 2.8645e+41 1.0395e+42 6.6998e+40 1.645e+41 1.0439e+41 6.216e+40 8.1266e+41 5.3239e+41
-2.5 0.3 1000.0 -1.2 5.0033e+42 2.6503e+42 8.7745e+42 2.6411e+43 1.5905e+42 1.685e+41 7.8332e+42 4.9725e+41 8.8735e+41 7.6671e+41 2.1257e+41 3.6501e+42 2.0429e+42 5.2371e+42 4.6786e+41 1.1504e+42 4.026e+41 2.4686e+41 4.7458e+42 3.1776e+42
-2.5 0.3 1000.0 -1.4 4.08e+42 2.2517e+42 7.7466e+42 2.3317e+43 8.5573e+41 1.224e+41 6.5666e+42 3.6121e+41 5.7479e+41 5.2684e+41 1.2313e+41 2.5712e+42 1.4112e+42 3.8633e+42 3.4078e+41 8.3769e+41 3.4744e+41 2.1332e+41 3.5931e+42 2.4072e+42
-2.5 0.3 1000.0 -1.7 2.8398e+42 1.6786e+42 5.4433e+42 1.6384e+43 3.0986e+41 7.6748e+40 4.8528e+42 2.2648e+41 3.0295e+41 3.0514e+41 4.4288e+40 1.2007e+42 6.5143e+41 2.1192e+42 1.7156e+41 4.2156e+41 2.3295e+41 1.4339e+41 1.9708e+42 1.3216e+42
-2.5 0.3 1000.0 -2.0 1.9602e+42 1.2178e+42 3.4385e+42 1.035e+43 1.1766e+41 5.0948e+40 3.5188e+42 1.5035e+41 1.7286e+41 1.8855e+41 1.6743e+40 4.2954e+41 2.3663e+41 1.0584e+42 7.5819e+40 1.8627e+41 1.4323e+41 8.8484e+40 9.6513e+41 6.4787e+41
-2.5 0.3 10000.0 -1.2 4.5952e+42 3.0939e+42 9.0839e+42 2.7343e+43 2.5225e+42 3.2451e+41 9.1747e+42 9.5763e+41 9.0751e+41 1.1563e+42 1.0741e+40 1.1403e+42 6.0763e+41 5.0568e+42 3.483e+41 8.575e+41 5.4094e+41 4.4965e+41 3.7742e+42 3.1113e+42
-2.5 0.3 10000.0 -1.4 3.9676e+42 2.645e+42 7.6829e+42 2.3126e+43 1.4947e+42 2.5344e+41 7.7465e+42 7.4791e+41 5.9123e+41 7.9512e+41 5.21e+39 6.1808e+41 3.2979e+41 3.7277e+42 2.4335e+41 5.9914e+41 4.5151e+41 3.7768e+41 2.7494e+42 2.277e+42
-2.5 0.3 10000.0 -1.7 3.1743e+42 1.9619e+42 4.8356e+42 1.4555e+43 6.6941e+41 1.8057e+41 5.6927e+42 5.3286e+41 3.2906e+41 4.8609e+41 1.0378e+39 1.6463e+41 9.013e+40 2.0249e+42 1.0842e+41 2.67e+41 2.6818e+41 2.2682e+41 1.3668e+42 1.1402e+42
-2.5 0.3 10000.0 -2.0 2.5591e+42 1.3967e+42 2.5566e+42 7.6952e+42 3.2496e+41 1.3868e+41 4.0415e+42 4.0926e+41 2.0535e+41 3.306e+41 1.3829e+38 3.9456e+40 2.4229e+40 9.9212e+41 4.0647e+40 1.0013e+41 1.346e+41 1.15e+41 6.0719e+41 5.0967e+41
-2.5 0.5 100.0 -1.2 4.0768e+42 2.2339e+42 5.7004e+42 1.7158e+43 1.4657e+42 1.4807e+41 6.7315e+42 4.3694e+41 1.2199e+42 8.7015e+41 3.3331e+41 2.7093e+42 1.7207e+42 4.8741e+42 3.772e+41 9.2826e+41 1.0165e+41 6.0175e+40 3.3104e+42 2.1682e+42
-2.5 0.5 100.0 -1.4 3.3101e+42 1.8455e+42 5.1797e+42 1.5591e+43 8.0155e+41 1.0503e+41 5.4651e+42 3.0995e+41 7.9268e+41 5.723e+41 2.3672e+41 1.9943e+42 1.2879e+42 3.6139e+42 3.0054e+41 7.3944e+41 9.3558e+40 5.5405e+40 2.6666e+42 1.7466e+42
-2.5 0.5 100.0 -1.7 2.2551e+42 1.3234e+42 3.7715e+42 1.1352e+43 2.9311e+41 6.4044e+40 3.8592e+42 1.8899e+41 4.1797e+41 3.0765e+41 1.2334e+41 1.0362e+42 6.8432e+41 1.9992e+42 1.687e+41 4.149e+41 6.5104e+40 3.8592e+40 1.5599e+42 1.0218e+42
-2.5 0.5 100.0 -2.0 1.4855e+42 9.3528e+41 2.4317e+42 7.3195e+42 1.0476e+41 4.0634e+40 2.7133e+42 1.1991e+41 2.2857e+41 1.7119e+41 6.0881e+40 4.8051e+41 3.2219e+41 1.0079e+42 8.0417e+40 1.977e+41 3.8478e+40 2.2857e+40 7.9211e+41 5.1888e+41
-2.5 0.5 1000.0 -1.2 3.9488e+42 2.4801e+42 6.6036e+42 1.9877e+43 1.6135e+42 1.7282e+41 7.421e+42 5.0998e+41 1.2557e+42 1.0286e+42 2.6658e+41 3.0153e+42 1.8991e+42 5.0945e+42 4.2882e+41 1.0552e+42 1.1806e+41 7.2303e+40 3.743e+42 2.5045e+42
-2.5 0.5 1000.0 -1.4 3.2536e+42 2.0879e+42 6.026e+42 1.8138e+43 8.9367e+41 1.2574e+41 6.145e+42 3.7106e+41 7.9231e+41 6.8187e+41 1.6035e+41 2.2006e+42 1.3902e+42 3.772e+42 3.3838e+41 8.3248e+41 1.0967e+41 6.7229e+40 3.0195e+42 2.0213e+42
-2.5 0.5 1000.0 -1.7 2.3102e+42 1.5423e+42 4.4482e+42 1.3389e+43 3.4013e+41 7.94e+40 4.4755e+42 2.3431e+41 4.0223e+41 3.7694e+41 5.7321e+40 1.0974e+42 6.8251e+41 2.0808e+42 1.8871e+41 4.6413e+41 8.0391e+40 4.9379e+40 1.7941e+42 1.202e+42
-2.5 0.5 1000.0 -2.0 1.6299e+42 1.1219e+42 2.9206e+42 8.7909e+42 1.3155e+41 5.3131e+40 3.2416e+42 1.5679e+41 2.1881e+41 2.2293e+41 1.9603e+40 4.3568e+41 2.6072e+41 1.0441e+42 8.9564e+40 2.2025e+41 5.2345e+40 3.2241e+40 9.2697e+41 6.2165e+41
-2.5 0.5 10000.0 -1.2 3.704e+42 3.0322e+42 7.3176e+42 2.2026e+43 2.4182e+42 3.3299e+41 9.068e+42 9.8264e+41 1.326e+42 1.5469e+42 1.2842e+40 1.0037e+42 5.3053e+41 5.0292e+42 3.2958e+41 8.1164e+41 1.6475e+41 1.361e+41 3.0217e+42 2.4806e+42
-2.5 0.5 10000.0 -1.4 3.2351e+42 2.5956e+42 6.31e+42 1.8993e+43 1.4569e+42 2.6442e+41 7.6559e+42 7.8031e+41 8.5497e+41 1.0467e+42 6.122e+39 5.718e+41 3.0177e+41 3.7098e+42 2.4154e+41 5.9486e+41 1.4302e+41 1.1878e+41 2.285e+42 1.8835e+42
-2.5 0.5 10000.0 -1.7 2.6401e+42 1.9259e+42 4.0846e+42 1.2295e+43 6.6692e+41 1.9198e+41 5.6115e+42 5.6653e+41 4.6408e+41 6.1945e+41 1.179e+39 1.6236e+41 8.8126e+40 2.0166e+42 1.1464e+41 2.8238e+41 8.9377e+40 7.4989e+40 1.1916e+42 9.8905e+41
-2.5 0.5 10000.0 -2.0 2.1735e+42 1.3754e+42 2.2061e+42 6.6405e+42 3.2374e+41 1.4877e+41 3.9881e+42 4.3901e+41 2.7765e+41 4.0519e+41 1.528e+38 4.0039e+40 2.408e+40 9.891e+41 4.4884e+40 1.1058e+41 4.6604e+40 3.9489e+40 5.4614e+41 4.5612e+41
-2.0 0.1 100.0 -1.2 2.9112e+42 2.4291e+42 1.0116e+43 3.0448e+43 1.0046e+42 8.5254e+40 7.0874e+42 2.5158e+41 4.8926e+41 3.5204e+41 5.2671e+41 6.5659e+42 3.43e+42 5.4659e+42 6.0148e+41 1.4715e+42 5.6739e+41 3.3627e+41 4.9467e+42 3.24e+42
-2.0 0.1 100.0 -1.4 2.1947e+42 2.062e+42 8.6496e+42 2.6035e+43 4.5056e+41 5.146e+40 5.9478e+42 1.5186e+41 2.9659e+41 2.1683e+41 3.3545e+41 4.4631e+42 2.2881e+42 3.9808e+42 3.9062e+41 9.5418e+41 4.4509e+41 2.6416e+41 3.412e+42 2.2349e+42
-2.0 0.1 100.0 -1.7 1.413e+42 1.5477e+42 5.7848e+42 1.7412e+43 1.0786e+41 2.7038e+40 4.4482e+42 7.979e+40 1.425e+41 1.0715e+41 1.5284e+41 2.0995e+42 1.0687e+42 2.1551e+42 1.7164e+41 4.1828e+41 2.645e+41 1.5765e+41 1.6786e+42 1.0996e+42
-2.0 0.1 100.0 -2.0 9.1104e+41 1.129e+42 3.5311e+42 1.0629e+43 3.1803e+40 1.6657e+40 3.2559e+42 4.9154e+40 7.8757e+40 6.0425e+40 6.7537e+40 9.0531e+41 4.6738e+41 1.0685e+42 7.1079e+40 1.7283e+41 1.4787e+41 8.8956e+40 7.8865e+41 5.1672e+41
-2.0 0.1 1000.0 -1.2 3.1573e+42 2.7408e+42 1.1752e+43 3.5374e+43 1.2436e+42 1.2513e+41 7.9749e+42 3.6926e+41 5.2623e+41 4.5363e+41 3.3245e+41 7.6374e+42 3.974e+42 5.601e+42 6.5636e+41 1.6068e+42 6.7886e+41 4.1666e+41 5.9724e+42 3.9977e+42
-2.0 0.1 1000.0 -1.4 2.4778e+42 2.3587e+42 1.0129e+43 3.0489e+43 5.9782e+41 7.8944e+40 6.7886e+42 2.3296e+41 3.133e+41 2.8746e+41 1.6378e+41 5.0073e+42 2.5915e+42 4.0691e+42 4.299e+41 1.0515e+42 5.6232e+41 3.4587e+41 4.291e+42 2.8748e+42
-2.0 0.1 1000.0 -1.7 1.7619e+42 1.7929e+42 6.8803e+42 2.071e+43 1.7753e+41 4.3164e+40 5.1399e+42 1.2738e+41 1.5149e+41 1.5657e+41 4.7085e+40 1.9866e+42 1.0345e+42 2.1916e+42 1.903e+41 4.6524e+41 3.8052e+41 2.3498e+41 2.2651e+42 1.5195e+42
-2.0 0.1 1000.0 -2.0 1.3111e+42 1.3104e+42 4.2076e+42 1.2665e+43 6.0876e+40 2.8904e+40 3.7661e+42 8.5296e+40 8.9604e+40 1.0215e+41 1.7449e+40 5.8139e+41 3.0851e+41 1.0801e+42 7.6276e+40 1.8662e+41 2.4442e+41 1.5175e+41 1.0848e+42 7.286e+41
-2.0 0.1 10000.0 -1.2 4.8336e+42 3.2342e+42 1.0747e+43 3.2349e+43 2.6065e+42 3.3213e+41 9.5169e+42 9.8011e+41 6.8794e+41 9.3036e+41 1.0304e+40 1.4452e+42 7.3893e+41 5.1426e+42 3.6412e+41 8.9605e+41 1.0689e+42 8.9255e+41 4.6657e+42 3.8575e+42
-2.0 0.1 10000.0 -1.4 4.0991e+42 2.7467e+42 8.879e+42 2.6726e+43 1.4443e+42 2.4079e+41 7.9859e+42 7.1057e+41 4.2812e+41 6.1508e+41 5.0761e+39 7.2214e+41 3.7268e+41 3.7705e+42 2.4059e+41 5.9211e+41 8.6075e+41 7.2408e+41 3.2529e+42 2.7039e+42
-2.0 0.1 10000.0 -1.7 3.2731e+42 2.0182e+42 5.3815e+42 1.6198e+43 5.9343e+41 1.6251e+41 5.8234e+42 4.7958e+41 2.3371e+41 3.7408e+41 1.019e+39 1.7033e+41 9.2507e+40 2.033e+42 9.9376e+40 2.4466e+41 4.8471e+41 4.1271e+41 1.5248e+42 1.2775e+42
-2.0 0.1 10000.0 -2.0 2.6352e+42 1.4204e+42 2.7502e+42 8.2781e+42 2.8292e+41 1.2482e+41 4.1009e+42 3.6836e+41 1.5225e+41 2.6524e+41 1.3419e+38 3.8663e+40 2.4234e+40 9.8991e+41 3.506e+40 8.6352e+40 2.3048e+41 1.9837e+41 6.4597e+41 5.4465e+41
-2.0 0.3 100.0 -1.2 2.4519e+42 1.8868e+42 6.357e+42 1.9135e+43 1.2792e+42 9.5137e+40 5.644e+42 2.8075e+41 6.7678e+41 4.7992e+41 5.9451e+41 3.124e+42 2.0394e+42 4.8838e+42 5.1288e+41 1.2585e+42 2.2679e+41 1.3431e+41 3.7198e+42 2.4362e+42
-2.0 0.3 100.0 -1.4 1.8008e+42 1.5157e+42 5.8267e+42 1.7538e+43 6.381e+41 5.5456e+40 4.4384e+42 1.6365e+41 3.997e+41 2.8643e+41 4.0439e+41 2.2585e+42 1.4188e+42 3.6094e+42 3.8726e+41 9.4933e+41 2.0366e+41 1.2071e+41 2.8621e+42 1.8746e+42
-2.0 0.3 100.0 -1.7 1.136e+42 1.0951e+42 4.2654e+42 1.2839e+43 1.8786e+41 2.6884e+40 3.1582e+42 7.9335e+40 1.7954e+41 1.3159e+41 1.9543e+41 1.1625e+42 7.0071e+41 2.0001e+42 1.9563e+41 4.7874e+41 1.355e+41 8.0507e+40 1.5524e+42 1.0168e+42
-2.0 0.3 100.0 -2.0 7.3443e+41 8.0475e+41 2.7698e+42 8.3371e+42 4.9877e+40 1.5507e+40 2.3174e+42 4.5761e+40 8.7167e+40 6.5527e+40 8.7208e+40 5.5774e+41 3.2623e+41 1.0128e+42 8.598e+40 2.1004e+41 7.9883e+40 4.7725e+40 7.5917e+41 4.9733e+41
-2.0 0.3 1000.0 -1.2 2.8055e+42 2.3848e+42 9.0365e+42 2.72e+43 1.5153e+42 1.3006e+41 7.0438e+42 3.838e+41 7.8325e+41 6.3793e+41 4.2287e+41 4.1303e+42 2.4785e+42 5.367e+42 6.4539e+41 1.5833e+42 3.2193e+41 1.9726e+41 5.0132e+42 3.3529e+42
-2.0 0.3 1000.0 -1.4 2.1954e+42 2.0159e+42 8.1745e+42 2.4605e+43 7.8554e+41 8.3906e+40 5.8556e+42 2.4761e+41 4.6697e+41 3.9736e+41 2.2044e+41 3.0208e+42 1.6908e+42 3.9347e+42 4.6127e+41 1.1305e+42 2.8923e+41 1.7752e+41 3.8394e+42 2.5698e+42
-2.0 0.3 1000.0 -1.7 1.5715e+42 1.5395e+42 5.8995e+42 1.7758e+43 2.6331e+41 4.6929e+40 4.4285e+42 1.3849e+41 2.1685e+41 2.0358e+41 6.1951e+40 1.4533e+42 7.8757e+41 2.1441e+42 2.2106e+41 5.4163e+41 2.1108e+41 1.2998e+41 2.1432e+42 1.4364e+42
-2.0 0.3 1000.0 -2.0 1.1899e+42 1.1545e+42 3.7681e+42 1.1342e+43 9.0336e+40 3.0977e+40 3.3216e+42 9.1414e+40 1.1576e+41 1.2151e+41 1.9819e+40 5.1327e+41 2.832e+41 1.0653e+42 9.2795e+40 2.2744e+41 1.4264e+41 8.8217e+40 1.059e+42 7.1067e+41
-2.0 0.3 10000.0 -1.2 4.4029e+42 3.1469e+42 9.5752e+42 2.8821e+43 2.9505e+42 3.5408e+41 9.3452e+42 1.0449e+42 1.0764e+42 1.3281e+42 1.2016e+40 1.2477e+42 6.6984e+41 5.1182e+42 3.7965e+41 9.3453e+41 5.615e+41 4.661e+41 4.0179e+42 3.3083e+42
-2.0 0.3 10000.0 -1.4 3.7632e+42 2.6703e+42 8.0502e+42 2.4231e+43 1.6938e+42 2.6411e+41 7.8222e+42 7.7939e+41 6.7168e+41 8.6906e+41 5.7522e+39 6.6664e+41 3.5716e+41 3.7547e+42 2.6128e+41 6.432e+41 4.678e+41 3.9092e+41 2.8925e+42 2.3936e+42
-2.0 0.3 10000.0 -1.7 3.0513e+42 1.9704e+42 5.0014e+42 1.5054e+43 7.1165e+41 1.796e+41 5.7112e+42 5.3001e+41 3.4405e+41 4.9365e+41 1.114e+39 1.7263e+41 9.4497e+40 2.0267e+42 1.1361e+41 2.7976e+41 2.7553e+41 2.3291e+41 1.4118e+42 1.1773e+42
-2.0 0.3 10000.0 -2.0 2.5087e+42 1.398e+42 2.6112e+42 7.8597e+42 3.2863e+41 1.3662e+41 4.0428e+42 4.0317e+41 2.0492e+41 3.2603e+41 1.4396e+38 4.0513e+40 2.49e+40 9.879e+41 4.1841e+40 1.0307e+41 1.3695e+41 1.1697e+41 6.1918e+41 5.1964e+41
-2.0 0.5 100.0 -1.2 1.8443e+42 1.6214e+42 3.672e+42 1.1053e+43 1.2368e+42 1.0042e+41 4.9841e+42 2.9633e+41 8.7178e+41 6.1341e+41 6.3847e+41 2.4604e+42 1.7731e+42 4.3947e+42 3.5082e+41 8.6247e+41 4.815e+40 2.8506e+40 2.379e+42 1.558e+42
-2.0 0.5 100.0 -1.4 1.3368e+42 1.2481e+42 3.5467e+42 1.0676e+43 6.4775e+41 5.775e+40 3.7384e+42 1.7042e+41 5.0805e+41 3.6005e+41 4.6914e+41 1.8677e+42 1.3869e+42 3.2864e+42 3.0641e+41 7.5287e+41 4.9595e+40 2.9374e+40 2.0459e+42 1.3399e+42
-2.0 0.5 100.0 -1.7 8.3727e+41 8.529e+41 2.8697e+42 8.6379e+42 2.1188e+41 2.6765e+40 2.4845e+42 7.8984e+40 2.2194e+41 1.6006e+41 2.4576e+41 1.008e+42 7.7165e+41 1.8581e+42 1.9264e+41 4.7282e+41 4.0071e+40 2.3765e+40 1.3053e+42 8.5492e+41
-2.0 0.5 100.0 -2.0 5.4648e+41 6.1507e+41 2.0276e+42 6.1031e+42 6.421e+40 1.4905e+40 1.7726e+42 4.3985e+40 1.0476e+41 7.722e+40 1.127e+41 4.8962e+41 3.7467e+41 9.6007e+41 9.6587e+40 2.3678e+41 2.6247e+40 1.5616e+40 7.0118e+41 4.5929e+41
-2.0 0.5 1000.0 -1.2 2.1974e+42 2.1634e+42 6.2802e+42 1.8903e+43 1.4595e+42 1.2947e+41 6.5054e+42 3.8206e+41 1.0452e+42 8.2125e+41 5.1933e+41 3.4237e+42 2.4405e+42 5.1461e+42 5.5039e+41 1.3525e+42 8.5944e+40 5.2587e+40 3.7887e+42 2.5321e+42
-2.0 0.5 1000.0 -1.4 1.729e+42 1.7892e+42 5.9782e+42 1.7994e+43 7.868e+41 8.3806e+40 5.2631e+42 2.4731e+41 6.2496e+41 5.0798e+41 2.8848e+41 2.5081e+42 1.7865e+42 3.8045e+42 4.3915e+41 1.0786e+42 8.5894e+40 5.2618e+40 3.1533e+42 2.1088e+42
-2.0 0.5 1000.0 -1.7 1.2599e+42 1.3548e+42 4.648e+42 1.399e+43 2.8697e+41 4.7962e+40 3.9154e+42 1.4154e+41 2.9288e+41 2.5752e+41 8.3226e+40 1.2638e+42 8.658e+41 2.096e+42 2.3912e+41 5.8704e+41 7.0506e+40 4.3302e+40 1.9327e+42 1.294e+42
-2.0 0.5 1000.0 -2.0 9.7693e+41 1.0284e+42 3.1328e+42 9.4296e+42 1.0636e+41 3.238e+40 2.9598e+42 9.5554e+40 1.5387e+41 1.4931e+41 2.3676e+40 5.0846e+41 3.2282e+41 1.0489e+42 1.0843e+41 2.6622e+41 5.1045e+40 3.1453e+40 1.0098e+42 6.7695e+41
-2.0 0.5 10000.0 -1.2 3.5386e+42 3.0696e+42 7.6982e+42 2.3171e+43 2.7356e+42 3.5288e+41 9.2011e+42 1.0413e+42 1.4816e+42 1.698e+42 1.4378e+40 1.1024e+42 5.8564e+41 5.0895e+42 3.5856e+41 8.8291e+41 1.7065e+41 1.4077e+41 3.2126e+42 2.6343e+42
-2.0 0.5 10000.0 -1.4 3.0641e+42 2.6063e+42 6.6045e+42 1.988e+43 1.6188e+42 2.7159e+41 7.6935e+42 8.0147e+41 9.3982e+41 1.1211e+42 6.7523e+39 6.1898e+41 3.2743e+41 3.7366e+42 2.5914e+41 6.3814e+41 1.48e+41 1.2279e+41 2.4032e+42 1.9793e+42
-2.0 0.5 10000.0 -1.7 2.5362e+42 1.9268e+42 4.2236e+42 1.2713e+43 7.1516e+41 1.9133e+41 5.6127e+42 5.6461e+41 4.9276e+41 6.3873e+41 1.2633e+39 1.7054e+41 9.2561e+40 2.0186e+42 1.2006e+41 2.9571e+41 9.1734e+40 7.6926e+40 1.2308e+42 1.0212e+42
-2.0 0.5 10000.0 -2.0 2.1295e+42 1.3737e+42 2.2531e+42 6.7819e+42 3.3282e+41 1.4701e+41 3.9822e+42 4.3384e+41 2.8353e+41 4.0594e+41 1.5894e+38 4.1128e+40 2.4738e+40 9.8492e+41 4.616e+40 1.1372e+41 4.737e+40 4.0126e+40 5.5669e+41 4.6484e+41
-1.5 0.1 100.0 -1.2 1.3455e+42 1.8688e+42 8.0539e+42 2.4242e+43 7.7947e+41 5.6109e+40 5.437e+42 1.6558e+41 3.4947e+41 2.4871e+41 7.7113e+41 5.7187e+42 2.9374e+42 5.2758e+42 6.8578e+41 1.6666e+42 3.6774e+41 2.181e+41 3.2459e+42 2.1258e+42
-1.5 0.1 100.0 -1.4 9.1986e+41 1.5773e+42 7.2491e+42 2.182e+43 3.4382e+41 2.8807e+40 4.5218e+42 8.501e+40 1.9629e+41 1.4106e+41 4.961e+41 4.2139e+42 2.1268e+42 3.8565e+42 4.505e+41 1.0905e+42 2.8326e+41 1.6836e+41 2.3149e+42 1.5162e+42
-1.5 0.1 100.0 -1.7 5.7216e+41 1.2292e+42 5.2168e+42 1.5702e+43 7.0464e+40 1.1745e+40 3.5096e+42 3.4661e+40 7.6135e+40 5.6248e+40 2.2619e+41 2.1801e+42 1.0891e+42 2.1093e+42 1.9935e+41 4.7953e+41 1.7347e+41 1.0376e+41 1.2368e+42 8.1023e+41
-1.5 0.1 100.0 -2.0 3.8942e+41 9.5003e+41 3.3842e+42 1.0186e+43 1.3526e+40 6.7597e+39 2.7242e+42 1.9948e+40 3.4981e+40 2.6763e+40 9.1494e+40 1.0398e+42 5.2617e+41 1.0563e+42 8.4454e+40 2.0225e+41 1.0659e+41 6.4578e+40 6.5979e+41 4.3231e+41
-1.5 0.1 1000.0 -1.2 2.2127e+42 2.624e+42 1.2245e+43 3.6857e+43 1.2603e+42 1.2025e+41 7.6106e+42 3.5487e+41 5.1705e+41 4.3137e+41 4.4085e+41 8.7152e+42 4.3852e+42 5.6816e+42 7.9466e+41 1.9377e+42 6.0714e+41 3.726e+41 5.8155e+42 3.8904e+42
-1.5 0.1 1000.0 -1.4 1.7117e+42 2.2811e+42 1.0607e+43 3.1926e+43 6.1998e+41 7.1973e+40 6.5436e+42 2.1239e+41 3.0374e+41 2.6457e+41 2.03e+41 5.7577e+42 2.9084e+42 4.1059e+42 5.0235e+41 1.2239e+42 5.1013e+41 3.1383e+41 4.265e+42 2.8562e+42
-1.5 0.1 1000.0 -1.7 1.2947e+42 1.7658e+42 7.1961e+42 2.166e+43 1.7903e+41 3.5597e+40 5.0495e+42 1.0505e+41 1.3516e+41 1.3266e+41 5.1835e+40 2.2192e+42 1.1409e+42 2.2014e+42 2.1215e+41 5.1714e+41 3.6523e+41 2.2569e+41 2.3149e+42 1.5526e+42
-1.5 0.1 1000.0 -2.0 1.0603e+42 1.3065e+42 4.3663e+42 1.3142e+43 5.433e+40 2.3428e+40 3.7456e+42 6.9136e+40 7.5829e+40 8.4932e+40 1.817e+40 6.2415e+41 3.3063e+41 1.0834e+42 8.2161e+40 2.0068e+41 2.4533e+41 1.5245e+41 1.1183e+42 7.5106e+41
-1.5 0.1 10000.0 -1.2 4.8242e+42 3.2763e+42 1.0869e+43 3.2716e+43 2.8398e+42 3.5197e+41 9.6437e+42 1.0387e+42 7.7759e+41 1.0315e+42 1.0533e+40 1.4747e+42 7.5409e+41 5.1532e+42 3.709e+41 9.1266e+41 1.078e+42 8.9988e+41 4.7299e+42 3.9093e+42
-1.5 0.1 10000.0 -1.4 4.0647e+42 2.7707e+42 8.9592e+42 2.6967e+43 1.5274e+42 2.4715e+41 8.0557e+42 7.2935e+41 4.6028e+41 6.4952e+41 5.1649e+39 7.328e+41 3.7815e+41 3.7724e+42 2.4404e+41 6.0059e+41 8.6718e+41 7.2933e+41 3.286e+42 2.7309e+42
-1.5 0.1 10000.0 -1.7 3.2503e+42 2.0266e+42 5.4123e+42 1.6291e+43 6.0298e+41 1.6254e+41 5.8433e+42 4.7965e+41 2.365e+41 3.759e+41 1.0296e+39 1.7185e+41 9.3289e+40 2.0298e+42 1.0022e+41 2.4673e+41 4.8722e+41 4.1481e+41 1.5337e+42 1.2849e+42
-1.5 0.1 10000.0 -2.0 2.6277e+42 1.4215e+42 2.7579e+42 8.3014e+42 2.8307e+41 1.2447e+41 4.1015e+42 3.673e+41 1.5193e+41 2.6425e+41 1.3451e+38 3.8868e+40 2.4343e+40 9.8613e+41 3.5252e+40 8.6825e+40 2.3136e+41 1.9911e+41 6.4845e+41 5.4671e+41
-1.5 0.3 100.0 -1.2 1.242e+42 1.3393e+42 3.4125e+42 1.0272e+43 9.892e+41 7.0705e+40 4.0881e+42 2.0865e+41 4.593e+41 3.2355e+41 7.525e+41 2.0989e+42 1.5094e+42 4.2497e+42 3.9906e+41 9.776e+41 1.0144e+41 6.0084e+40 1.9758e+42 1.2939e+42
-1.5 0.3 100.0 -1.4 7.824e+41 1.0121e+42 3.4869e+42 1.0496e+43 5.0509e+41 3.6186e+40 2.9923e+42 1.0679e+41 2.6515e+41 1.8769e+41 5.477e+41 1.7011e+42 1.1437e+42 3.2198e+42 3.4688e+41 8.4808e+41 1.0334e+41 6.1263e+40 1.6891e+42 1.1062e+42
-1.5 0.3 100.0 -1.7 4.4147e+41 7.2212e+41 3.0652e+42 9.2263e+42 1.4849e+41 1.324e+40 2.0735e+42 3.907e+40 1.0931e+41 7.8533e+40 2.7817e+41 1.0556e+42 6.4716e+41 1.8644e+42 2.0497e+41 4.9914e+41 7.8652e+40 4.6774e+40 1.0613e+42 6.9516e+41
-1.5 0.3 100.0 -2.0 2.958e+41 5.717e+41 2.2906e+42 6.8947e+42 3.5355e+40 6.4743e+39 1.6348e+42 1.9106e+40 4.628e+40 3.4145e+40 1.1876e+41 5.6409e+41 3.3559e+41 9.7963e+41 9.5262e+40 2.3107e+41 5.1736e+40 3.0991e+40 5.9045e+41 3.8679e+41
-1.5 0.3 1000.0 -1.2 2.0265e+42 2.2119e+42 8.8507e+42 2.6641e+43 1.4603e+42 1.1761e+41 6.538e+42 3.4707e+41 7.1817e+41 5.7563e+41 5.5447e+41 4.1237e+42 2.5494e+42 5.3985e+42 7.4788e+41 1.8308e+42 2.7542e+41 1.6869e+41 4.8035e+42 3.2106e+42
-1.5 0.3 1000.0 -1.4 1.5521e+42 1.8813e+42 8.2009e+42 2.4685e+43 7.825e+41 7.3601e+40 5.4562e+42 2.172e+41 4.3824e+41 3.6146e+41 2.7323e+41 3.1499e+42 1.767e+42 3.9523e+42 5.2591e+41 1.2863e+42 2.5562e+41 1.5687e+41 3.7792e+42 2.5284e+42
-1.5 0.3 1000.0 -1.7 1.1685e+42 1.4745e+42 6.0349e+42 1.8165e+43 2.6826e+41 3.9449e+40 4.234e+42 1.1642e+41 2.0309e+41 1.8204e+41 6.887e+40 1.5398e+42 8.301e+41 2.1501e+42 2.4311e+41 5.9452e+41 1.9912e+41 1.2265e+41 2.172e+42 1.4554e+42
-1.5 0.3 1000.0 -2.0 9.6637e+41 1.1303e+42 3.8665e+42 1.1638e+43 8.7681e+40 2.5854e+40 3.2479e+42 7.6294e+40 1.0382e+41 1.0573e+41 2.0677e+40 5.3752e+41 2.9584e+41 1.0679e+42 9.9036e+40 2.4245e+41 1.4159e+41 8.7612e+40 1.0846e+42 7.2775e+41
-1.5 0.3 10000.0 -1.2 4.4008e+42 3.177e+42 9.6772e+42 2.9128e+43 3.216e+42 3.716e+41 9.4406e+42 1.0966e+42 1.207e+42 1.4689e+42 1.2278e+40 1.2691e+42 6.8267e+41 5.1269e+42 3.8638e+41 9.5104e+41 5.6567e+41 4.6942e+41 4.0706e+42 3.3507e+42
-1.5 0.3 10000.0 -1.4 3.7359e+42 2.6849e+42 8.1208e+42 2.4444e+43 1.8084e+42 2.7164e+41 7.8681e+42 8.016e+41 7.349e+41 9.3382e+41 5.8494e+39 6.757e+41 3.6227e+41 3.7565e+42 2.6492e+41 6.5215e+41 4.7101e+41 3.9352e+41 2.9211e+42 2.4168e+42
-1.5 0.3 10000.0 -1.7 3.0295e+42 1.9744e+42 5.0292e+42 1.5138e+43 7.3115e+41 1.8036e+41 5.7225e+42 5.3225e+41 3.5545e+41 5.0386e+41 1.1249e+39 1.7405e+41 9.5253e+40 2.0235e+42 1.1453e+41 2.8203e+41 2.7678e+41 2.3395e+41 1.4195e+42 1.1837e+42
-1.5 0.3 10000.0 -2.0 2.5013e+42 1.398e+42 2.618e+42 7.8803e+42 3.3024e+41 1.3637e+41 4.0414e+42 4.0242e+41 2.0559e+41 3.2595e+41 1.4424e+38 4.0686e+40 2.4991e+40 9.8401e+41 4.2056e+40 1.0359e+41 1.3742e+41 1.1736e+41 6.214e+41 5.2147e+41
-1.5 0.5 100.0 -1.2 9.8882e+41 1.1545e+42 1.5622e+42 4.7024e+42 8.9309e+41 7.7171e+40 3.6516e+42 2.2773e+41 5.3412e+41 3.7459e+41 6.82e+41 1.5174e+42 1.1257e+42 3.5491e+42 1.9523e+41 4.7976e+41 1.4774e+40 8.7471e+39 1.0528e+42 6.8941e+41
-1.5 0.5 100.0 -1.4 6.0904e+41 8.379e+41 1.6901e+42 5.0871e+42 4.8451e+41 4.053e+40 2.5663e+42 1.196e+41 3.1803e+41 2.2359e+41 5.6005e+41 1.273e+42 9.8372e+41 2.7517e+42 1.9941e+41 4.8956e+41 1.8275e+40 1.0825e+40 1.0121e+42 6.6277e+41
-1.5 0.5 100.0 -1.7 3.2783e+41 5.4264e+41 1.724e+42 5.1892e+42 1.6163e+41 1.4462e+40 1.5891e+42 4.2677e+40 1.3429e+41 9.5383e+40 3.3173e+41 8.1227e+41 6.5031e+41 1.6623e+42 1.671e+41 4.0936e+41 1.9826e+40 1.1762e+40 8.1009e+41 5.3054e+41
-1.5 0.5 100.0 -2.0 2.1713e+41 4.0886e+41 1.5058e+42 4.5324e+42 4.7344e+40 6.541e+39 1.1717e+42 1.9302e+40 5.8944e+40 4.2685e+40 1.5279e+41 4.6874e+41 3.5796e+41 9.0928e+41 9.9128e+40 2.4223e+41 1.5799e+40 9.4105e+39 5.218e+41 3.4177e+41
-1.5 0.5 1000.0 -1.2 1.6118e+42 1.9939e+42 5.8639e+42 1.765e+43 1.3334e+42 1.1538e+41 6.0219e+42 3.4047e+41 8.7632e+41 6.846e+41 6.6844e+41 3.3984e+42 2.5343e+42 5.1392e+42 6.0567e+41 1.4868e+42 6.9562e+40 4.2543e+40 3.5517e+42 2.3723e+42
-1.5 0.5 1000.0 -1.4 1.2386e+42 1.6471e+42 5.7973e+42 1.745e+43 7.4656e+41 7.1731e+40 4.8487e+42 2.1168e+41 5.5288e+41 4.4132e+41 3.567e+41 2.5257e+42 1.8733e+42 3.8047e+42 4.8717e+41 1.1951e+42 7.3783e+40 4.5184e+40 3.0721e+42 2.0535e+42
-1.5 0.5 1000.0 -1.7 9.4401e+41 1.2756e+42 4.6739e+42 1.4068e+43 2.8078e+41 3.9661e+40 3.6802e+42 1.1704e+41 2.6577e+41 2.2668e+41 9.3363e+40 1.2964e+42 9.1428e+41 2.0993e+42 2.6029e+41 6.383e+41 6.5702e+40 4.035e+40 1.9491e+42 1.3046e+42
-1.5 0.5 1000.0 -2.0 7.9573e+41 9.9538e+41 3.1875e+42 9.5943e+42 1.042e+41 2.7167e+40 2.861e+42 8.0169e+40 1.4068e+41 1.3265e+41 2.4812e+40 5.2617e+41 3.4031e+41 1.0511e+42 1.15e+41 2.8215e+41 5.0288e+40 3.0993e+40 1.0302e+42 6.9053e+41
-1.5 0.5 10000.0 -1.2 3.5334e+42 3.0954e+42 7.7775e+42 2.341e+43 2.9471e+42 3.6464e+41 9.2873e+42 1.076e+42 1.6115e+42 1.8335e+42 1.4693e+40 1.1236e+42 5.9755e+41 5.0974e+42 3.6476e+41 8.9816e+41 1.7183e+41 1.417e+41 3.2534e+42 2.6669e+42
-1.5 0.5 10000.0 -1.4 3.0412e+42 2.6153e+42 6.6618e+42 2.0052e+43 1.7217e+42 2.7708e+41 7.7238e+42 8.1767e+41 1.0133e+42 1.1937e+42 6.8634e+39 6.2803e+41 3.3234e+41 3.7382e+42 2.6274e+41 6.4699e+41 1.4897e+41 1.2357e+41 2.4268e+42 1.9984e+42
-1.5 0.5 10000.0 -1.7 2.5185e+42 1.928e+42 4.2467e+42 1.2782e+43 7.3931e+41 1.923e+41 5.617e+42 5.6747e+41 5.1278e+41 6.5667e+41 1.2745e+39 1.7175e+41 9.3201e+40 2.0152e+42 1.21e+41 2.9803e+41 9.2126e+40 7.7246e+40 1.2374e+42 1.0266e+42
-3.5 0.1 100.0 -1.2 1.504e+43 2.8359e+42 4.7448e+42 1.4282e+43 1.5535e+42 3.411e+41 8.4249e+42 1.0066e+42 1.9494e+42 1.4581e+42 2.3698e+40 6.8622e+41 3.5238e+41 4.2472e+42 1.0307e+41 2.5394e+41 5.2411e+41 3.1044e+41 1.9806e+42 1.2975e+42
-3.5 0.1 100.0 -1.4 1.2919e+43 2.5105e+42 4.0157e+42 1.2087e+43 1.0714e+42 2.9425e+41 7.4043e+42 8.6833e+41 1.6505e+42 1.2418e+42 2.0309e+40 4.8165e+41 2.5025e+41 3.2348e+42 7.4349e+40 1.8317e+41 4.1778e+41 2.4753e+41 1.4849e+42 9.7284e+41
-3.5 0.1 100.0 -1.7 9.0379e+42 1.8968e+42 2.6544e+42 7.9897e+42 5.7898e+41 2.1089e+41 5.5609e+42 6.2233e+41 1.1478e+42 8.696e+41 1.5199e+40 2.3945e+41 1.2861e+41 1.8463e+42 3.7635e+40 9.2717e+40 2.4487e+41 1.4518e+41 8.0745e+41 5.2901e+41
-3.5 0.1 100.0 -2.0 5.8438e+42 1.3542e+42 1.5728e+42 4.7342e+42 3.1589e+41 1.4132e+41 3.9627e+42 4.1703e+41 7.5327e+41 5.7343e+41 1.0692e+40 1.0935e+41 6.2636e+40 9.515e+41 1.6739e+40 4.1237e+40 1.2604e+41 7.483e+40 3.9044e+41 2.5581e+41
-3.5 0.1 1000.0 -1.2 1.3646e+43 2.8714e+42 4.9455e+42 1.4886e+43 1.6776e+42 3.5127e+41 8.4989e+42 1.0366e+42 1.5194e+42 1.5673e+42 1.9441e+40 7.3846e+41 3.7855e+41 4.2309e+42 1.1501e+41 2.8335e+41 5.7465e+41 3.5367e+41 2.1526e+42 1.4451e+42
-3.5 0.1 1000.0 -1.4 1.1799e+43 2.5349e+42 4.2227e+42 1.271e+43 1.1541e+42 3.0398e+41 7.443e+42 8.9703e+41 1.2527e+42 1.3321e+42 1.4788e+40 5.1606e+41 2.6733e+41 3.2207e+42 8.4852e+40 2.0905e+41 4.6868e+41 2.8867e+41 1.6438e+42 1.1039e+42
-3.5 0.1 1000.0 -1.7 8.3679e+42 1.9118e+42 2.8373e+42 8.5403e+42 6.1943e+41 2.1951e+41 5.5743e+42 6.4777e+41 8.4538e+41 9.338e+41 7.9227e+39 2.4541e+41 1.3112e+41 1.8359e+42 4.4696e+40 1.1011e+41 2.8653e+41 1.7674e+41 9.2302e+41 6.2024e+41
-3.5 0.1 1000.0 -2.0 5.5062e+42 1.3635e+42 1.7138e+42 5.1587e+42 3.3578e+41 1.4876e+41 3.9645e+42 4.3899e+41 5.4492e+41 6.1882e+41 3.111e+39 9.8425e+40 5.6317e+40 9.4469e+41 2.0729e+40 5.1068e+40 1.5506e+41 9.5837e+40 4.6124e+41 3.1014e+41
-3.5 0.1 10000.0 -1.2 7.5581e+42 2.9432e+42 5.1605e+42 1.5533e+43 2.0646e+42 3.6919e+41 8.6852e+42 1.0895e+42 8.0102e+41 1.2523e+42 1.9023e+39 3.4553e+41 1.7886e+41 4.123e+42 1.245e+41 3.0674e+41 5.8993e+41 4.9869e+41 2.0746e+42 1.7282e+42
-1.5 0.5 10000.0 -2.0 2.1222e+42 1.3728e+42 2.2573e+42 6.7944e+42 3.3684e+41 1.469e+41 3.9789e+42 4.335e+41 2.8741e+41 4.0876e+41 1.591e+38 4.1203e+40 2.4785e+40 9.8103e+41 4.6288e+40 1.1404e+41 4.7437e+40 4.018e+40 5.5773e+41 4.657e+41
-3.5 0.1 10000.0 -1.4 6.5922e+42 2.5931e+42 4.3953e+42 1.323e+43 1.4239e+42 3.2077e+41 7.5861e+42 9.4659e+41 6.1983e+41 1.005e+42 1.0322e+39 2.062e+41 1.0901e+41 3.1274e+42 9.1372e+40 2.2513e+41 4.8608e+41 4.1273e+41 1.5818e+42 1.3218e+42
-3.5 0.1 10000.0 -1.7 4.8356e+42 1.9529e+42 2.8672e+42 8.6303e+42 7.743e+41 2.3724e+41 5.668e+42 7.0009e+41 3.9229e+41 6.6908e+41 2.5777e+38 6.9053e+40 3.9371e+40 1.761e+42 4.5387e+40 1.1183e+41 2.9429e+41 2.5182e+41 8.6446e+41 7.2605e+41
-3.5 0.1 10000.0 -2.0 3.366e+42 1.3913e+42 1.5969e+42 4.8067e+42 4.2843e+41 1.6859e+41 4.0222e+42 4.9752e+41 2.4641e+41 4.3802e+41 4.3841e+37 2.229e+40 1.4442e+40 8.8531e+41 1.874e+40 4.6178e+40 1.5337e+41 1.3228e+41 4.1591e+41 3.5101e+41
-3.5 0.3 100.0 -1.2 1.4223e+43 2.8101e+42 4.3599e+42 1.3123e+43 1.8514e+42 3.6719e+41 8.3823e+42 1.0836e+42 2.4092e+42 1.7838e+42 2.7313e+40 6.26e+41 3.2434e+41 4.2133e+42 1.1487e+41 2.8303e+41 2.9795e+41 1.7645e+41 1.8081e+42 1.1845e+42
-3.5 0.3 100.0 -1.4 1.2442e+43 2.4837e+42 3.754e+42 1.13e+43 1.2551e+42 3.1846e+41 7.3505e+42 9.3977e+41 1.9919e+42 1.4855e+42 2.3024e+40 4.5785e+41 2.3968e+41 3.209e+42 8.6791e+40 2.1384e+41 2.4837e+41 1.4712e+41 1.4101e+42 9.2375e+41
-3.5 0.3 100.0 -1.7 8.9733e+42 1.8673e+42 2.5457e+42 7.6626e+42 6.5229e+41 2.3113e+41 5.4835e+42 6.8207e+41 1.3519e+42 1.0174e+42 1.6636e+40 2.4173e+41 1.3025e+41 1.8314e+42 4.7013e+40 1.1583e+41 1.5564e+41 9.2238e+40 8.1321e+41 5.3276e+41
-3.5 0.3 100.0 -2.0 5.9902e+42 1.3287e+42 1.5435e+42 4.6458e+42 3.382e+41 1.5737e+41 3.8883e+42 4.6438e+41 8.7149e+41 6.6056e+41 1.1334e+40 1.1584e+41 6.5967e+40 9.4409e+41 2.2202e+40 5.4701e+40 8.5266e+40 5.0579e+40 4.1535e+41 2.7212e+41
-3.5 0.3 1000.0 -1.2 1.2743e+43 2.853e+42 4.5052e+42 1.3561e+43 1.9829e+42 3.7597e+41 8.4821e+42 1.1095e+42 1.9649e+42 1.9162e+42 2.2607e+40 6.6481e+41 3.4382e+41 4.2033e+42 1.2483e+41 3.0756e+41 3.1782e+41 1.9542e+41 1.9213e+42 1.2891e+42
-3.5 0.3 1000.0 -1.4 1.1195e+43 2.5151e+42 3.9056e+42 1.1756e+43 1.341e+42 3.2676e+41 7.4137e+42 9.6427e+41 1.5715e+42 1.5886e+42 1.6935e+40 4.8381e+41 2.5253e+41 3.1999e+42 9.5944e+40 2.3639e+41 2.6957e+41 1.6586e+41 1.5192e+42 1.0197e+42
-3.5 0.3 1000.0 -1.7 8.1397e+42 1.8875e+42 2.6812e+42 8.0705e+42 6.9407e+41 2.3823e+41 5.5162e+42 7.0303e+41 1.0239e+42 1.0851e+42 8.7461e+39 2.4435e+41 1.3106e+41 1.8246e+42 5.3534e+40 1.319e+41 1.7421e+41 1.0731e+41 8.9642e+41 6.0199e+41
-3.5 0.3 1000.0 -2.0 5.4998e+42 1.3428e+42 1.6508e+42 4.9688e+42 3.5815e+41 1.6351e+41 3.9078e+42 4.8251e+41 6.4092e+41 7.0601e+41 3.3508e+39 1.0328e+41 5.881e+40 9.3918e+41 2.6117e+40 6.4347e+40 9.9143e+40 6.117e+40 4.6881e+41 3.15e+41
-3.5 0.3 10000.0 -1.2 6.9747e+42 2.9447e+42 4.6646e+42 1.404e+43 2.3465e+42 3.94e+41 8.7381e+42 1.1627e+42 1.1476e+42 1.6334e+42 2.173e+39 3.1366e+41 1.637e+41 4.1111e+42 1.3083e+41 3.2237e+41 3.1543e+41 2.6521e+41 1.7996e+42 1.4938e+42
-3.5 0.3 10000.0 -1.4 6.1532e+42 2.5869e+42 4.024e+42 1.2112e+43 1.5958e+42 3.4347e+41 7.6051e+42 1.0136e+42 8.5824e+41 1.2731e+42 1.1632e+39 1.9478e+41 1.0354e+41 3.1181e+42 9.942e+40 2.4497e+41 2.684e+41 2.2652e+41 1.4127e+42 1.1759e+42
-3.5 0.3 10000.0 -1.7 4.6053e+42 1.9414e+42 2.6773e+42 8.0586e+42 8.4254e+41 2.5589e+41 5.6539e+42 7.5513e+41 5.1767e+41 8.1568e+41 2.8318e+38 6.9128e+40 3.9142e+40 1.7569e+42 5.2007e+40 1.2815e+41 1.7066e+41 1.4502e+41 8.066e+41 6.7451e+41
-3.5 0.3 10000.0 -2.0 3.2768e+42 1.3817e+42 1.5184e+42 4.5704e+42 4.5176e+41 1.8354e+41 4.0033e+42 5.4164e+41 3.1178e+41 5.1854e+41 4.7127e+37 2.2667e+40 1.4199e+40 8.8398e+41 2.249e+40 5.542e+40 9.3427e+40 7.9962e+40 4.0432e+41 3.3962e+41
-3.5 0.5 100.0 -1.2 1.1811e+43 2.7819e+42 3.6003e+42 1.0837e+43 1.8928e+42 3.8753e+41 8.3466e+42 1.1436e+42 2.9775e+42 2.1826e+42 3.1578e+40 5.3816e+41 2.8172e+41 4.1759e+42 1.151e+41 2.8362e+41 9.6297e+40 5.702e+40 1.5115e+42 9.9013e+41
-3.5 0.5 100.0 -1.4 1.0499e+43 2.4593e+42 3.1575e+42 9.5041e+42 1.2677e+42 3.3778e+41 7.3147e+42 9.9679e+41 2.3955e+42 1.7706e+42 2.636e+40 4.1061e+41 2.1719e+41 3.1802e+42 9.1533e+40 2.2554e+41 8.407e+40 4.9787e+40 1.2283e+42 8.0461e+41
-3.5 0.5 100.0 -1.7 7.7775e+42 1.8414e+42 2.2037e+42 6.6331e+42 6.4325e+41 2.4792e+41 5.4253e+42 7.3161e+41 1.5818e+42 1.1819e+42 1.8462e+40 2.3098e+41 1.2548e+41 1.8146e+42 5.3676e+40 1.3226e+41 5.6562e+40 3.3508e+40 7.548e+41 4.9447e+41
-3.5 0.5 100.0 -2.0 5.333e+42 1.305e+42 1.3734e+42 4.1338e+42 3.2257e+41 1.7107e+41 3.8241e+42 5.0484e+41 1.0014e+42 7.5493e+41 1.2158e+40 1.1723e+41 6.6837e+40 9.3519e+41 2.7335e+40 6.7354e+40 3.3117e+40 1.9632e+40 4.093e+41 2.6814e+41
-3.5 0.5 1000.0 -1.2 1.0492e+43 2.8314e+42 3.6911e+42 1.111e+43 2.021e+42 3.9515e+41 8.4687e+42 1.1661e+42 2.5426e+42 2.3492e+42 2.6305e+40 5.6296e+41 2.9419e+41 4.1725e+42 1.2193e+41 3.0046e+41 1.0021e+41 6.1563e+40 1.5739e+42 1.0555e+42
-3.5 0.5 1000.0 -1.4 9.3463e+42 2.4971e+42 3.2516e+42 9.7872e+42 1.3507e+42 3.4488e+41 7.4006e+42 1.0178e+42 1.9704e+42 1.8941e+42 1.9561e+40 4.2661e+41 2.2495e+41 3.1762e+42 9.8022e+40 2.4154e+41 8.8481e+40 5.438e+40 1.2905e+42 8.6565e+41
-3.5 0.5 1000.0 -1.7 6.9588e+42 1.8661e+42 2.2897e+42 6.892e+42 6.8218e+41 2.5392e+41 5.4735e+42 7.493e+41 1.238e+42 1.2565e+42 9.8401e+39 2.3012e+41 1.2427e+41 1.8114e+42 5.865e+40 1.4452e+41 6.0843e+40 3.7428e+40 8.0548e+41 5.4055e+41
-3.5 0.5 1000.0 -2.0 4.8122e+42 1.3232e+42 1.4427e+42 4.3426e+42 3.415e+41 1.7625e+41 3.858e+42 5.2012e+41 7.5479e+41 8.0258e+41 3.6865e+39 1.0408e+41 5.9047e+40 9.3232e+41 3.0526e+40 7.5216e+40 3.6598e+40 2.2541e+40 4.4341e+41 2.9772e+41
-3.5 0.5 10000.0 -1.2 5.6786e+42 2.9371e+42 3.7881e+42 1.1402e+43 2.3187e+42 4.1237e+41 8.7687e+42 1.2169e+42 1.6346e+42 2.1109e+42 2.5269e+39 2.6786e+41 1.3967e+41 4.0965e+42 1.2339e+41 3.0405e+41 9.5922e+40 8.0221e+40 1.4304e+42 1.1833e+42
-3.5 0.5 10000.0 -1.4 5.0603e+42 2.5798e+42 3.3121e+42 9.9695e+42 1.5572e+42 3.6075e+41 7.6266e+42 1.0646e+42 1.1821e+42 1.5967e+42 1.3453e+39 1.7364e+41 9.2127e+40 3.1076e+42 9.7329e+40 2.3984e+41 8.4258e+40 7.0681e+40 1.1563e+42 9.588e+41
-3.5 0.5 10000.0 -1.7 3.8547e+42 1.9311e+42 2.249e+42 6.7694e+42 8.0437e+41 2.7073e+41 5.6477e+42 7.9892e+41 6.8299e+41 9.8682e+41 3.2095e+38 6.5657e+40 3.6794e+40 1.7513e+42 5.3829e+40 1.3265e+41 5.6156e+40 4.7387e+40 6.891e+41 5.7376e+41
-3.5 0.5 10000.0 -2.0 2.7941e+42 1.3722e+42 1.299e+42 3.91e+42 4.2033e+41 1.9582e+41 3.9876e+42 5.7787e+41 3.9572e+41 6.0938e+41 5.2067e+37 2.2013e+40 1.3233e+40 8.8192e+41 2.4381e+40 6.0083e+40 3.206e+40 2.7233e+40 3.5792e+41 2.9928e+41
-3.0 0.1 100.0 -1.2 1.0706e+43 2.8546e+42 7.7683e+42 2.3383e+43 1.2757e+42 2.2566e+41 8.4428e+42 6.6591e+41 1.1086e+42 8.2626e+41 7.4576e+40 2.2979e+42 1.174e+42 4.978e+42 2.34e+41 5.7605e+41 7.4548e+41 4.4153e+41 3.6731e+42 2.4062e+42
-3.0 0.1 100.0 -1.4 8.9412e+42 2.4851e+42 6.5882e+42 1.9831e+43 7.5336e+41 1.8537e+41 7.2894e+42 5.4701e+41 8.9684e+41 6.7468e+41 5.5521e+40 1.5603e+42 8.0102e+41 3.7193e+42 1.6292e+41 4.0101e+41 5.8651e+41 3.4752e+41 2.6666e+42 1.7469e+42
-3.0 0.1 100.0 -1.7 6.1036e+42 1.8607e+42 4.3562e+42 1.3112e+43 3.2821e+41 1.2803e+41 5.4291e+42 3.7781e+41 5.9907e+41 4.5546e+41 3.4741e+40 7.3285e+41 3.8155e+41 2.0697e+42 7.7764e+40 1.9138e+41 3.3525e+41 1.9888e+41 1.3759e+42 9.0145e+41
-3.0 0.1 100.0 -2.0 3.9291e+42 1.3278e+42 2.593e+42 7.8049e+42 1.6127e+41 8.5007e+40 3.8731e+42 2.5086e+41 3.8714e+41 2.9622e+41 2.2552e+40 3.0969e+41 1.6616e+41 1.0442e+42 3.3031e+40 8.1276e+40 1.7034e+41 1.0132e+41 6.3837e+41 4.1826e+41
-3.0 0.1 1000.0 -1.2 9.6897e+42 2.9012e+42 8.0701e+42 2.4291e+43 1.4003e+42 2.3923e+41 8.5521e+42 7.0597e+41 8.933e+41 8.9518e+41 6.0116e+40 2.4455e+42 1.248e+42 4.9678e+42 2.5542e+41 6.2879e+41 8.0411e+41 4.942e+41 3.9315e+42 2.6371e+42
-3.0 0.1 1000.0 -1.4 8.1485e+42 2.522e+42 6.9197e+42 2.0828e+43 8.2959e+41 1.9608e+41 7.3676e+42 5.7862e+41 6.9237e+41 7.2697e+41 4.0279e+40 1.6483e+42 8.4458e+41 3.7097e+42 1.8224e+41 4.4859e+41 6.5074e+41 4.0039e+41 2.9151e+42 1.9563e+42
-3.0 0.1 1000.0 -1.7 5.6584e+42 1.8875e+42 4.6744e+42 1.407e+43 3.626e+41 1.3589e+41 5.479e+42 4.0101e+41 4.4297e+41 4.9243e+41 2.0359e+40 7.2655e+41 3.771e+41 2.0617e+42 9.0773e+40 2.234e+41 3.9375e+41 2.4279e+41 1.5621e+42 1.0491e+42
-3.0 0.1 1000.0 -2.0 3.7347e+42 1.3479e+42 2.8548e+42 8.5928e+42 1.7541e+41 9.1649e+40 3.9076e+42 2.7046e+41 2.8076e+41 3.2427e+41 9.2514e+39 2.5536e+41 1.3734e+41 1.0385e+42 4.025e+40 9.9048e+40 2.1573e+41 1.3343e+41 7.5246e+41 5.0576e+41
-3.0 0.1 10000.0 -1.2 6.0161e+42 3.0407e+42 8.2695e+42 2.4891e+43 1.9576e+42 3.0667e+41 8.9633e+42 9.0497e+41 5.8827e+41 8.7766e+41 5.7093e+39 8.6368e+41 4.4209e+41 4.7878e+42 2.4279e+41 5.979e+41 8.7833e+41 7.3755e+41 3.4546e+42 2.8676e+42
-3.0 0.1 10000.0 -1.4 5.186e+42 2.6405e+42 6.9788e+42 2.1006e+43 1.2197e+42 2.5374e+41 7.7095e+42 7.4878e+41 4.2976e+41 6.7309e+41 2.9486e+39 4.6864e+41 2.4294e+41 3.5696e+42 1.7e+41 4.1864e+41 7.1409e+41 6.0316e+41 2.5234e+42 2.1031e+42
-3.0 0.1 10000.0 -1.7 3.911e+42 1.9713e+42 4.4277e+42 1.3327e+43 5.9001e+41 1.8581e+41 5.7107e+42 5.4832e+41 2.6699e+41 4.4781e+41 6.5869e+38 1.2786e+41 7.0229e+40 1.9654e+42 7.7097e+40 1.8989e+41 4.1529e+41 3.5434e+41 1.2726e+42 1.0675e+42
-3.0 0.1 10000.0 -2.0 2.9053e+42 1.4026e+42 2.3707e+42 7.1357e+42 3.1021e+41 1.3897e+41 4.0515e+42 4.1009e+41 1.7424e+41 3.091e+41 9.7994e+37 3.2829e+40 2.0828e+40 9.7113e+41 2.9269e+40 7.2104e+40 2.0558e+41 1.771e+41 5.6994e+41 4.8081e+41
-3.0 0.3 100.0 -1.2 9.7903e+42 2.7502e+42 6.8844e+42 2.0722e+43 1.585e+42 2.3981e+41 8.1798e+42 7.0768e+41 1.4141e+42 1.04e+42 9.1259e+40 1.913e+42 1.0096e+42 4.8833e+42 2.5397e+41 6.2537e+41 4.0822e+41 2.4173e+41 3.2774e+42 2.1469e+42
-3.0 0.3 100.0 -1.4 8.2978e+42 2.3784e+42 5.9662e+42 1.7958e+43 9.4351e+41 1.9647e+41 7.0034e+42 5.7978e+41 1.0989e+42 8.1685e+41 6.8002e+40 1.363e+42 7.2142e+41 3.6524e+42 1.8714e+41 4.6076e+41 3.3848e+41 2.0049e+41 2.4913e+42 1.632e+42
-3.0 0.3 100.0 -1.7 5.7972e+42 1.7654e+42 4.0645e+42 1.2234e+43 4.04e+41 1.3598e+41 5.1569e+42 4.0128e+41 7.0442e+41 5.3044e+41 4.123e+40 6.8519e+41 3.6638e+41 2.036e+42 9.6156e+40 2.3671e+41 2.0705e+41 1.2275e+41 1.3653e+42 8.9444e+41
-3.0 0.3 100.0 -2.0 3.8112e+42 1.2543e+42 2.4774e+42 7.457e+42 1.7865e+41 9.0772e+40 3.6564e+42 2.6787e+41 4.3877e+41 3.3359e+41 2.5446e+40 3.0856e+41 1.6892e+41 1.029e+42 4.3252e+40 1.0646e+41 1.1078e+41 6.579e+40 6.6406e+41 4.3506e+41
-3.0 0.3 1000.0 -1.2 8.8321e+42 2.8234e+42 7.1623e+42 2.1559e+43 1.7191e+42 2.5475e+41 8.3713e+42 7.5176e+41 1.2171e+42 1.1391e+42 7.4788e+40 2.0341e+42 1.0688e+42 4.8986e+42 2.7289e+41 6.7194e+41 4.3384e+41 2.6637e+41 3.4648e+42 2.3227e+42
-3.0 0.3 1000.0 -1.4 7.5208e+42 2.4395e+42 6.2571e+42 1.8834e+43 1.0265e+42 2.0855e+41 7.156e+42 6.1542e+41 9.016e+41 8.875e+41 4.9925e+40 1.4415e+42 7.5847e+41 3.6622e+42 2.0443e+41 5.0332e+41 3.6709e+41 2.2558e+41 2.6725e+42 1.7923e+42
-3.0 0.3 1000.0 -1.7 5.3283e+42 1.8148e+42 4.3383e+42 1.3058e+43 4.4279e+41 1.4481e+41 5.2768e+42 4.2734e+41 5.4758e+41 5.7611e+41 2.3772e+40 6.8702e+41 3.6484e+41 2.0396e+42 1.0849e+41 2.6708e+41 2.3508e+41 1.4472e+41 1.5075e+42 1.0117e+42
-3.0 0.3 1000.0 -2.0 3.5852e+42 1.2941e+42 2.7033e+42 8.1371e+42 1.976e+41 9.8037e+40 3.7519e+42 2.8931e+41 3.313e+41 3.6725e+41 1.0122e+40 2.6062e+41 1.4258e+41 1.0295e+42 5.0414e+40 1.241e+41 1.3403e+41 8.2714e+40 7.5389e+41 5.0633e+41
-3.0 0.3 10000.0 -1.2 5.4927e+42 3.0188e+42 7.4254e+42 2.235e+43 2.2573e+42 3.293e+41 8.9522e+42 9.7175e+41 8.8594e+41 1.195e+42 6.6012e+39 7.708e+41 4.041e+41 4.7687e+42 2.5449e+41 6.268e+41 4.6511e+41 3.8833e+41 2.9858e+42 2.4689e+42
-3.0 0.3 10000.0 -1.4 4.7812e+42 2.6111e+42 6.3606e+42 1.9146e+43 1.4054e+42 2.7327e+41 7.6589e+42 8.0642e+41 6.1909e+41 8.7941e+41 3.3419e+39 4.3993e+41 2.3247e+41 3.5564e+42 1.8504e+41 4.5575e+41 3.9064e+41 3.2785e+41 2.2478e+42 1.8655e+42
-3.0 0.3 10000.0 -1.7 3.6719e+42 1.9472e+42 4.1263e+42 1.242e+43 6.7162e+41 2.0087e+41 5.6571e+42 5.9277e+41 3.6307e+41 5.5707e+41 7.2322e+38 1.2935e+41 7.1228e+40 1.9595e+42 8.8433e+40 2.1783e+41 2.3794e+41 2.0157e+41 1.1823e+42 9.8724e+41
-3.0 0.3 10000.0 -2.0 2.7864e+42 1.3868e+42 2.2531e+42 6.7819e+42 3.4214e+41 1.5083e+41 4.0123e+42 4.4511e+41 2.2595e+41 3.7102e+41 1.0526e+38 3.4188e+40 2.1209e+40 9.6926e+41 3.5061e+40 8.6379e+40 1.2317e+41 1.0529e+41 5.4904e+41 4.6102e+41
-3.0 0.5 100.0 -1.2 7.9162e+42 2.6537e+42 5.4832e+42 1.6504e+43 1.6469e+42 2.5009e+41 7.9565e+42 7.38e+41 1.8226e+42 1.324e+42 1.1109e+41 1.6123e+42 8.9125e+41 4.7876e+42 2.4693e+41 6.0819e+41 1.2783e+41 7.5682e+40 2.6869e+42 1.76e+42
-3.0 0.5 100.0 -1.4 6.8142e+42 2.2878e+42 4.8686e+42 1.4654e+43 9.8763e+41 2.0486e+41 6.7806e+42 6.0455e+41 1.3598e+42 9.9894e+41 8.3484e+40 1.2022e+42 6.6878e+41 3.5839e+42 1.9432e+41 4.7858e+41 1.1252e+41 6.6635e+40 2.153e+42 1.4103e+42
-3.0 0.5 100.0 -1.7 4.8818e+42 1.6805e+42 3.4457e+42 1.0371e+43 4.2414e+41 1.4252e+41 4.9242e+42 4.2057e+41 8.3611e+41 6.2328e+41 4.9722e+40 6.4601e+41 3.6419e+41 2.0001e+42 1.0999e+41 2.7087e+41 7.5006e+40 4.4443e+40 1.2742e+42 8.3471e+41
-3.0 0.5 100.0 -2.0 3.2876e+42 1.1861e+42 2.1707e+42 6.5338e+42 1.8342e+41 9.5979e+40 3.4587e+42 2.8323e+41 5.0704e+41 3.8235e+41 2.9355e+40 3.0816e+41 1.7759e+41 1.0121e+42 5.3559e+40 1.3188e+41 4.2938e+40 2.5471e+40 6.599e+41 4.323e+41
-3.0 0.5 1000.0 -1.2 7.1362e+42 2.7477e+42 5.7222e+42 1.7224e+43 1.7782e+42 2.656e+41 8.2109e+42 7.8378e+41 1.663e+42 1.4644e+42 9.2108e+40 1.6997e+42 9.3642e+41 4.8277e+42 2.6227e+41 6.4597e+41 1.3443e+41 8.2448e+40 2.8156e+42 1.8864e+42
-3.0 0.5 1000.0 -1.4 6.1616e+42 2.3709e+42 5.1086e+42 1.5377e+43 1.0683e+42 2.1775e+41 7.0011e+42 6.4258e+41 1.1826e+42 1.0953e+42 6.2001e+40 1.2589e+42 6.9528e+41 3.6126e+42 2.0819e+41 5.1273e+41 1.1985e+41 7.3556e+40 2.2753e+42 1.5249e+42
-3.0 0.5 1000.0 -1.7 4.4676e+42 1.7489e+42 3.6633e+42 1.1026e+43 4.6254e+41 1.5221e+41 5.1024e+42 4.4918e+41 6.8551e+41 6.8163e+41 2.8518e+40 6.457e+41 3.5756e+41 2.0152e+42 1.2013e+41 2.9584e+41 8.2571e+40 5.0747e+40 1.3717e+42 9.1984e+41
-3.0 0.5 1000.0 -2.0 3.0748e+42 1.2432e+42 2.3498e+42 7.073e+42 2.0286e+41 1.0398e+41 3.6078e+42 3.0684e+41 4.0085e+41 4.2313e+41 1.1413e+40 2.6659e+41 1.4908e+41 1.0187e+42 5.984e+40 1.4735e+41 4.9791e+40 3.0659e+40 7.2404e+41 4.8586e+41
-3.0 0.5 10000.0 -1.2 4.4468e+42 2.9916e+42 6.0088e+42 1.8086e+43 2.2315e+42 3.4396e+41 8.9346e+42 1.015e+42 1.3127e+42 1.6038e+42 7.8059e+39 6.6939e+41 3.4927e+41 4.7465e+42 2.4101e+41 5.9371e+41 1.4179e+41 1.1768e+41 2.3879e+42 1.9668e+42
-3.0 0.5 10000.0 -1.4 3.9113e+42 2.5853e+42 5.234e+42 1.5754e+43 1.3904e+42 2.8708e+41 7.629e+42 8.4717e+41 8.8726e+41 1.1415e+42 3.908e+39 4.0068e+41 2.1042e+41 3.5411e+42 1.8306e+41 4.5096e+41 1.2346e+41 1.0292e+41 1.86e+42 1.5368e+42
-3.0 0.5 10000.0 -1.7 3.0626e+42 1.9238e+42 3.4822e+42 1.0482e+43 6.6071e+41 2.129e+41 5.6113e+42 6.2827e+41 4.9582e+41 6.915e+41 8.2243e+38 1.2607e+41 6.8936e+40 1.9521e+42 9.3048e+40 2.2924e+41 7.9059e+40 6.646e+40 1.0252e+42 8.5192e+41
-3.0 0.5 10000.0 -2.0 2.3707e+42 1.3707e+42 1.9404e+42 5.8406e+42 3.3152e+41 1.6114e+41 3.9753e+42 4.7552e+41 2.9632e+41 4.455e+41 1.1637e+38 3.4404e+40 2.0818e+40 9.6642e+41 3.8583e+40 9.5066e+40 4.2572e+40 3.61e+40 4.9205e+41 4.1113e+41
-4.5 0.1 100.0 -1.2 1.3016e+43 2.5257e+42 5.2206e+41 1.5714e+42 2.7082e+42 3.8801e+41 7.5071e+42 1.145e+42 4.1129e+42 3.027e+42 1.1544e+39 3.5387e+40 1.9633e+40 1.697e+42 7.7285e+39 1.9048e+40 7.6411e+40 4.5261e+40 2.6976e+41 1.7671e+41
-4.5 0.1 100.0 -1.4 1.1431e+43 2.3309e+42 4.4779e+41 1.3478e+42 2.1756e+42 3.4508e+41 6.9018e+42 1.0183e+42 3.5765e+42 2.641e+42 1.0485e+39 2.8711e+40 1.6594e+40 1.3075e+42 5.8536e+39 1.4427e+40 6.2416e+40 3.6978e+40 2.0852e+41 1.366e+41
-4.5 0.1 100.0 -1.7 8.1315e+42 1.8294e+42 3.0051e+41 9.0453e+41 1.373e+42 2.5216e+41 5.3999e+42 7.4413e+41 2.5296e+42 1.8768e+42 8.0942e+38 1.9398e+40 1.2058e+40 7.5662e+41 3.204e+39 7.8969e+39 3.8446e+40 2.2785e+40 1.1952e+41 7.8301e+40
-4.5 0.1 100.0 -2.0 5.2611e+42 1.3328e+42 1.7943e+41 5.4009e+41 7.9746e+41 1.6883e+41 3.9312e+42 4.9821e+41 1.6447e+42 1.2256e+42 5.4181e+38 1.337e+40 8.8783e+39 3.9377e+41 1.5335e+39 3.7796e+39 2.0886e+40 1.2386e+40 6.0918e+40 3.991e+40
-4.5 0.1 1000.0 -1.2 1.2237e+43 2.5507e+42 5.447e+41 1.6395e+42 2.9295e+42 4.0078e+41 7.5502e+42 1.1827e+42 3.4024e+42 3.3507e+42 8.8588e+38 3.7387e+40 2.0607e+40 1.692e+42 8.676e+39 2.1383e+40 8.6816e+40 5.3466e+40 3.0217e+41 2.0279e+41
-4.5 0.1 1000.0 -1.4 1.084e+43 2.35e+42 4.7053e+41 1.4163e+42 2.3614e+42 3.585e+41 6.9247e+42 1.0579e+42 2.9261e+42 2.9313e+42 6.7779e+38 2.9967e+40 1.7137e+40 1.3033e+42 6.7043e+39 1.6524e+40 7.2565e+40 4.4717e+40 2.3798e+41 1.5977e+41
-4.5 0.1 1000.0 -1.7 7.8305e+42 1.8403e+42 3.1937e+41 9.6129e+41 1.5017e+42 2.6465e+41 5.4002e+42 7.8099e+41 2.0416e+42 2.0962e+42 3.3571e+38 1.9167e+40 1.1657e+40 7.5384e+41 3.7906e+39 9.3425e+39 4.6443e+40 2.8649e+40 1.4068e+41 9.4505e+40
-4.5 0.1 1000.0 -2.0 5.1575e+42 1.3387e+42 1.9294e+41 5.8075e+41 8.8229e+41 1.793e+41 3.9212e+42 5.291e+41 1.3144e+42 1.3816e+42 1.2017e+38 1.175e+40 7.4215e+39 3.9192e+41 1.875e+39 4.6213e+39 2.6308e+40 1.6248e+40 7.4083e+40 4.9795e+40
-4.5 0.1 10000.0 -1.2 7.0943e+42 2.5941e+42 5.6804e+41 1.7098e+42 3.3934e+42 3.9738e+41 7.6394e+42 1.1727e+42 1.8082e+42 2.7796e+42 6.902e+37 2.0697e+40 1.0991e+40 1.6699e+42 9.9177e+39 2.4444e+40 9.4184e+40 7.9862e+40 3.2585e+41 2.7036e+41
-4.5 0.1 10000.0 -1.4 6.3145e+42 2.3823e+42 4.9153e+41 1.4795e+42 2.7406e+42 3.5758e+41 6.9783e+42 1.0552e+42 1.5077e+42 2.3609e+42 3.8662e+37 1.4895e+40 7.9884e+39 1.2822e+42 7.7092e+39 1.9001e+40 8.0556e+40 6.8543e+40 2.6094e+41 2.1715e+41
-4.5 0.1 10000.0 -1.7 4.6178e+42 1.8602e+42 3.2884e+41 9.898e+41 1.7552e+42 2.6706e+41 5.4188e+42 7.8809e+41 1.0105e+42 1.6258e+42 1.0301e+37 7.1744e+39 3.8448e+39 7.3447e+41 4.2435e+39 1.0459e+40 5.2884e+40 4.5245e+40 1.5692e+41 1.3115e+41
-4.5 0.1 10000.0 -2.0 3.0932e+42 1.3503e+42 1.8942e+41 5.7016e+41 1.045e+42 1.8354e+41 3.921e+42 5.4164e+41 6.2935e+41 1.0398e+42 1.9122e+36 2.9691e+39 1.5618e+39 3.7433e+41 1.9496e+39 4.8052e+39 3.0398e+40 2.6151e+40 8.3467e+40 7.0041e+40
-4.5 0.3 100.0 -1.2 1.3487e+43 2.5288e+42 4.8817e+41 1.4694e+42 3.2488e+42 4.427e+41 7.5554e+42 1.3064e+42 5.2641e+42 3.8492e+42 1.2605e+39 3.232e+40 1.7563e+40 1.6936e+42 8.7059e+39 2.1457e+40 4.8237e+40 2.8568e+40 2.6726e+41 1.7506e+41
-4.5 0.3 100.0 -1.4 1.2171e+43 2.3312e+42 4.2537e+41 1.2804e+42 2.6216e+42 3.9939e+41 6.929e+42 1.1786e+42 4.5656e+42 3.3513e+42 1.1262e+39 2.6915e+40 1.5067e+40 1.3056e+42 6.8859e+39 1.6972e+40 4.1568e+40 2.4621e+40 2.1613e+41 1.4157e+41
-4.5 0.3 100.0 -1.7 9.0562e+42 1.8262e+42 2.9239e+41 8.8008e+41 1.6805e+42 2.9925e+41 5.3993e+42 8.831e+41 3.244e+42 2.394e+42 8.4578e+38 1.8553e+40 1.0951e+40 7.5628e+41 4.0251e+39 9.9205e+39 2.7888e+40 1.6522e+40 1.3311e+41 8.7194e+40
-4.5 0.3 100.0 -2.0 6.1521e+42 1.3273e+42 1.7868e+41 5.3784e+41 1.0013e+42 2.0616e+41 3.9117e+42 6.0838e+41 2.1362e+42 1.5843e+42 5.5599e+38 1.2724e+40 7.8916e+39 3.9406e+41 2.0535e+39 5.0611e+39 1.656e+40 9.8149e+39 7.306e+40 4.7861e+40
-4.5 0.3 1000.0 -1.2 1.2276e+43 2.5565e+42 5.018e+41 1.5104e+42 3.4355e+42 4.4819e+41 7.6115e+42 1.3226e+42 4.4384e+42 4.1845e+42 9.824e+38 3.3744e+40 1.8251e+40 1.6885e+42 9.4413e+39 2.327e+40 5.1977e+40 3.198e+40 2.8627e+41 1.9201e+41
-4.5 0.3 1000.0 -1.4 1.1108e+43 2.3526e+42 4.392e+41 1.322e+42 2.7692e+42 4.0529e+41 6.9658e+42 1.196e+42 3.7842e+42 3.6379e+42 7.4443e+38 2.7755e+40 1.541e+40 1.3011e+42 7.5699e+39 1.8657e+40 4.5416e+40 2.7956e+40 2.3398e+41 1.5699e+41
-4.5 0.3 1000.0 -1.7 8.3101e+42 1.8385e+42 3.041e+41 9.1535e+41 1.7735e+42 3.05e+41 5.4107e+42 9.0004e+41 2.6263e+42 2.596e+42 3.631e+38 1.813e+40 1.0492e+40 7.5312e+41 4.5262e+39 1.1156e+40 3.1174e+40 1.9205e+40 1.4666e+41 9.8449e+40
-4.5 0.3 1000.0 -2.0 5.6826e+42 1.3342e+42 1.8724e+41 5.636e+41 1.0578e+42 2.1115e+41 3.9113e+42 6.2311e+41 1.6954e+42 1.7201e+42 1.2876e+38 1.0985e+40 6.5005e+39 3.9192e+41 2.3621e+39 5.8219e+39 1.8971e+40 1.1698e+40 8.1962e+40 5.5045e+40
-4.5 0.3 10000.0 -1.2 6.8813e+42 2.6015e+42 5.1406e+41 1.5473e+42 3.7989e+42 4.3427e+41 7.7148e+42 1.2815e+42 2.5182e+42 3.5565e+42 7.7944e+37 1.819e+40 9.5023e+39 1.6669e+42 1.0338e+40 2.5479e+40 5.3007e+40 4.4703e+40 2.9314e+41 2.4227e+41
-4.5 0.3 10000.0 -1.4 6.22e+42 2.3869e+42 4.4977e+41 1.3538e+42 3.0524e+42 3.9393e+41 7.036e+42 1.1625e+42 2.065e+42 2.9822e+42 4.3301e+37 1.3258e+40 6.9648e+39 1.2806e+42 8.2951e+39 2.0445e+40 4.7047e+40 3.9788e+40 2.4207e+41 2.0059e+41
-4.5 0.3 10000.0 -1.7 4.6662e+42 1.8593e+42 3.0619e+41 9.2163e+41 1.9525e+42 2.984e+41 5.4423e+42 8.8059e+41 1.3586e+42 2.0284e+42 1.1307e+37 6.3521e+39 3.332e+39 7.3398e+41 4.8019e+39 1.1835e+40 3.2818e+40 2.7877e+40 1.5297e+41 1.2723e+41
-4.5 0.3 10000.0 -2.0 3.2163e+42 1.3468e+42 1.7959e+41 5.4056e+41 1.1689e+42 2.0851e+41 3.9232e+42 6.153e+41 8.3676e+41 1.2907e+42 2.057e+36 2.5535e+39 1.3234e+39 3.7462e+41 2.3227e+39 5.7247e+39 2.0165e+40 1.7205e+40 8.5775e+40 7.1589e+40
-4.5 0.5 100.0 -1.2 1.1568e+43 2.5277e+42 4.0261e+41 1.2119e+42 3.1697e+42 4.7693e+41 7.6071e+42 1.4074e+42 6.3192e+42 4.595e+42 1.3845e+39 2.7092e+40 1.4376e+40 1.6871e+42 8.5366e+39 2.104e+40 1.5964e+40 9.4535e+39 2.2474e+41 1.472e+41
-4.5 0.5 100.0 -1.4 1.0599e+43 2.3324e+42 3.5538e+41 1.0697e+42 2.5388e+42 4.3343e+41 6.9786e+42 1.279e+42 5.4252e+42 3.9621e+42 1.2203e+39 2.3166e+40 1.2522e+40 1.3008e+42 7.0251e+39 1.7315e+40 1.4319e+40 8.4802e+39 1.878e+41 1.2301e+41
-4.5 0.5 100.0 -1.7 8.0872e+42 1.8252e+42 2.4938e+41 7.5062e+41 1.6174e+42 3.291e+41 5.4239e+42 9.7117e+41 3.818e+42 2.8056e+42 8.9308e+38 1.6385e+40 9.1483e+39 7.5369e+41 4.3772e+39 1.0788e+40 1.0248e+40 6.0702e+39 1.2195e+41 7.9883e+40
-4.5 0.5 100.0 -2.0 5.6445e+42 1.3242e+42 1.5562e+41 4.6842e+41 9.6451e+41 2.3018e+41 3.9158e+42 6.7926e+41 2.5073e+42 1.8529e+42 5.7483e+38 1.1245e+40 6.4759e+39 3.9284e+41 2.3833e+39 5.8742e+39 6.5093e+39 3.8566e+39 7.071e+40 4.632e+40
-4.5 0.5 1000.0 -1.2 1.037e+43 2.5575e+42 4.0958e+41 1.2328e+42 3.3465e+42 4.7858e+41 7.6703e+42 1.4123e+42 5.494e+42 4.9884e+42 1.0935e+39 2.7929e+40 1.4779e+40 1.6826e+42 8.9979e+39 2.2177e+40 1.6616e+40 1.0216e+40 2.3431e+41 1.571e+41
-4.5 0.5 1000.0 -1.4 9.4999e+42 2.3533e+42 3.6252e+41 1.0912e+42 2.6673e+42 4.3524e+41 7.0145e+42 1.2844e+42 4.608e+42 4.277e+42 8.2472e+38 2.3587e+40 1.2682e+40 1.2967e+42 7.4692e+39 1.8409e+40 1.5021e+40 9.2385e+39 1.9697e+41 1.321e+41
-4.5 0.5 1000.0 -1.7 7.2581e+42 1.8366e+42 2.5552e+41 7.6913e+41 1.6904e+42 3.3112e+41 5.4343e+42 9.7714e+41 3.1423e+42 3.0112e+42 3.9853e+38 1.5801e+40 8.6975e+39 7.5071e+41 4.7204e+39 1.1634e+40 1.0894e+40 6.7042e+39 1.2922e+41 8.6696e+40
-4.5 0.5 1000.0 -2.0 5.0777e+42 1.3307e+42 1.602e+41 4.822e+41 1.0037e+42 2.3216e+41 3.9164e+42 6.8511e+41 2.0071e+42 1.9817e+42 1.4039e+38 9.5063e+39 5.2923e+39 3.9084e+41 2.6066e+39 6.4245e+39 7.0175e+39 4.3218e+39 7.5681e+40 5.0799e+40
-4.5 0.5 10000.0 -1.2 5.6869e+42 2.603e+42 4.1285e+41 1.2427e+42 3.6232e+42 4.5742e+41 7.7761e+42 1.3498e+42 3.3718e+42 4.3733e+42 8.9098e+37 1.4649e+40 7.5487e+39 1.6625e+42 9.4248e+39 2.3229e+40 1.604e+40 1.3471e+40 2.2983e+41 1.8945e+41
-4.5 0.5 10000.0 -1.4 5.1841e+42 2.3864e+42 3.6445e+41 1.097e+42 2.8741e+42 4.1661e+41 7.0824e+42 1.2294e+42 2.7049e+42 3.6007e+42 4.9402e+37 1.084e+40 5.6016e+39 1.2774e+42 7.7765e+39 1.9167e+40 1.462e+40 1.2307e+40 1.94e+41 1.603e+41
-4.5 0.5 10000.0 -1.7 3.948e+42 1.8568e+42 2.5168e+41 7.5757e+41 1.8125e+42 3.1811e+41 5.4666e+42 9.3875e+41 1.7287e+42 2.396e+42 1.2717e+37 5.2116e+39 2.689e+39 7.3253e+41 4.7031e+39 1.1592e+40 1.0644e+40 8.9934e+39 1.2696e+41 1.0526e+41
-4.5 0.5 10000.0 -2.0 2.7676e+42 1.3437e+42 1.4975e+41 4.5076e+41 1.0753e+42 2.2439e+41 3.9325e+42 6.6216e+41 1.0407e+42 1.5016e+42 2.2639e+36 2.0525e+39 1.0516e+39 3.7419e+41 2.3712e+39 5.8444e+39 6.8396e+39 5.8004e+39 7.3761e+40 6.1342e+40
-4.0 0.1 100.0 -1.2 1.6306e+43 2.722e+42 1.9903e+42 5.9909e+42 2.1018e+42 4.1608e+41 8.1047e+42 1.2279e+42 3.0808e+42 2.2928e+42 5.9707e+39 1.5954e+41 8.4628e+40 3.0629e+42 3.3793e+40 8.3282e+40 2.4172e+41 1.4318e+41 8.3246e+41 5.4535e+41
-4.0 0.1 100.0 -1.4 1.4183e+43 2.455e+42 1.6933e+42 5.0968e+42 1.6146e+42 3.6583e+41 7.265e+42 1.0796e+42 2.6656e+42 1.9919e+42 5.3772e+39 1.179e+41 6.4395e+40 2.3673e+42 2.5061e+40 6.1762e+40 1.9522e+41 1.1566e+41 6.3714e+41 4.1741e+41
-4.0 0.1 100.0 -1.7 1.0014e+43 1.8838e+42 1.1251e+42 3.3865e+42 9.7737e+41 2.6522e+41 5.5431e+42 7.8265e+41 1.888e+42 1.4182e+42 4.1448e+39 6.562e+40 3.8465e+40 1.3791e+42 1.3292e+40 3.2756e+40 1.1769e+41 6.9759e+40 3.5898e+41 2.3519e+41
-4.0 0.1 100.0 -2.0 6.4768e+42 1.3541e+42 6.6722e+41 2.0083e+42 5.5781e+41 1.7757e+41 3.9759e+42 5.24e+41 1.2402e+42 9.357e+41 2.8098e+39 3.561e+40 2.3146e+40 7.2369e+41 6.1771e+39 1.5223e+40 6.2446e+40 3.7046e+40 1.797e+41 1.1774e+41
-4.0 0.1 1000.0 -1.2 1.4983e+43 2.7515e+42 2.0797e+42 6.2598e+42 2.244e+42 4.2688e+41 8.1599e+42 1.2597e+42 2.4299e+42 2.4834e+42 4.6691e+39 1.7106e+41 9.0371e+40 3.0516e+42 3.8056e+40 9.3787e+40 2.7007e+41 1.6634e+41 9.1783e+41 6.1627e+41
-4.0 0.1 1000.0 -1.4 1.3127e+43 2.477e+42 1.7828e+42 5.3661e+42 1.721e+42 3.7708e+41 7.2969e+42 1.1128e+42 2.0667e+42 2.1572e+42 3.5798e+39 1.2572e+41 6.8199e+40 2.3573e+42 2.8833e+40 7.1056e+40 2.2297e+41 1.3742e+41 7.1521e+41 4.804e+41
-4.0 0.1 1000.0 -1.7 9.3941e+42 1.8973e+42 1.2001e+42 3.6123e+42 1.0422e+42 2.7576e+41 5.5529e+42 8.1377e+41 1.4355e+42 1.5402e+42 1.8033e+39 6.698e+40 3.8807e+40 1.3719e+42 1.5841e+40 3.9039e+40 1.3961e+41 8.6139e+40 4.1529e+41 2.791e+41
-4.0 0.1 1000.0 -2.0 6.1695e+42 1.3615e+42 7.2142e+41 2.1715e+42 5.9695e+41 1.8648e+41 3.972e+42 5.5029e+41 9.3031e+41 1.022e+42 6.5682e+38 3.2712e+40 2.0997e+40 7.1864e+41 7.6314e+39 1.8807e+40 7.7206e+40 4.7707e+40 2.1441e+41 1.4418e+41
-4.0 0.1 10000.0 -1.2 8.2941e+42 2.8037e+42 2.1682e+42 6.5262e+42 2.5953e+42 4.2479e+41 8.28e+42 1.2535e+42 1.2152e+42 1.9205e+42 3.9065e+38 9.1915e+40 4.9169e+40 2.9936e+42 4.3056e+40 1.0611e+41 2.8259e+41 2.3989e+41 9.4392e+41 7.8677e+41
-4.0 0.1 10000.0 -1.4 7.3109e+42 2.5174e+42 1.8607e+42 5.6007e+42 1.9805e+42 3.774e+41 7.3803e+42 1.1137e+42 9.8613e+41 1.5981e+42 2.1753e+38 6.0666e+40 3.3569e+40 2.303e+42 3.2729e+40 8.0659e+40 2.3739e+41 2.0226e+41 7.4316e+41 6.2117e+41
-4.0 0.1 10000.0 -1.7 5.3233e+42 1.921e+42 1.2293e+42 3.7001e+42 1.1995e+42 2.7997e+41 5.5887e+42 8.2618e+41 6.4807e+41 1.087e+42 5.7536e+37 2.5824e+40 1.532e+40 1.3225e+42 1.7347e+40 4.2751e+40 1.5021e+41 1.2877e+41 4.3192e+41 3.6258e+41
-4.0 0.1 10000.0 -2.0 3.5929e+42 1.3769e+42 6.9823e+41 2.1017e+42 6.9511e+41 1.9358e+41 3.9886e+42 5.7126e+41 4.0551e+41 7.0051e+41 1.0582e+37 1.0712e+40 6.443e+39 6.7604e+41 7.6674e+39 1.8897e+40 8.2794e+40 7.1425e+40 2.2145e+41 1.8668e+41
-4.0 0.3 100.0 -1.2 1.5967e+43 2.7216e+42 1.8508e+42 5.5709e+42 2.4027e+42 4.5644e+41 8.1409e+42 1.347e+42 3.7826e+42 2.7933e+42 6.5915e+39 1.477e+41 7.8397e+40 3.0517e+42 3.8017e+40 9.3694e+40 1.432e+41 8.4812e+40 7.8087e+41 5.1153e+41
-4.0 0.3 100.0 -1.4 1.4195e+43 2.4528e+42 1.5999e+42 4.8157e+42 1.8203e+42 4.0535e+41 7.2875e+42 1.1962e+42 3.2264e+42 2.395e+42 5.8348e+39 1.1332e+41 6.1739e+40 2.3585e+42 2.9453e+40 7.2588e+40 1.2116e+41 7.177e+40 6.2224e+41 4.0763e+41
-4.0 0.3 100.0 -1.7 1.0393e+43 1.8769e+42 1.0887e+42 3.2771e+42 1.086e+42 2.9941e+41 5.5371e+42 8.8357e+41 2.2589e+42 1.6884e+42 4.3676e+39 6.615e+40 3.8321e+40 1.3738e+42 1.6668e+40 4.1077e+40 7.8562e+40 4.6551e+40 3.7333e+41 2.4458e+41
-4.0 0.3 100.0 -2.0 6.9865e+42 1.345e+42 6.6052e+41 1.9882e+42 6.1801e+41 2.0484e+41 3.9515e+42 6.0448e+41 1.4828e+42 1.1146e+42 2.8999e+39 3.6927e+40 2.34e+40 7.212e+41 8.2428e+39 2.0314e+40 4.4896e+40 2.6617e+40 1.9914e+41 1.3047e+41
-4.0 0.3 1000.0 -1.2 1.4378e+43 2.7547e+42 1.9097e+42 5.7481e+42 2.5424e+42 4.63e+41 8.2106e+42 1.3663e+42 3.08e+42 3.0041e+42 5.2263e+39 1.5608e+41 8.2578e+40 3.0416e+42 4.1462e+40 1.0218e+41 1.5391e+41 9.471e+40 8.3442e+41 5.6e+41
-4.0 0.3 1000.0 -1.4 1.282e+43 2.4783e+42 1.6593e+42 4.9946e+42 1.9187e+42 4.121e+41 7.3343e+42 1.2161e+42 2.5642e+42 2.5669e+42 3.9605e+39 1.1892e+41 6.4441e+40 2.3494e+42 3.2612e+40 8.0371e+40 1.3215e+41 8.136e+40 6.7275e+41 4.5164e+41
-4.0 0.3 1000.0 -1.7 9.4482e+42 1.8913e+42 1.1396e+42 3.4302e+42 1.1399e+42 3.0584e+41 5.553e+42 9.0253e+41 1.7413e+42 1.8054e+42 1.9572e+39 6.653e+40 3.8185e+40 1.3674e+42 1.8938e+40 4.6671e+40 8.7894e+40 5.4164e+40 4.1177e+41 2.7656e+41
-4.0 0.3 1000.0 -2.0 6.4039e+42 1.3539e+42 6.9819e+41 2.1016e+42 6.4713e+41 2.1046e+41 3.9562e+42 6.2105e+41 1.1159e+42 1.1924e+42 7.0426e+38 3.347e+40 2.0959e+40 7.1659e+41 9.6111e+39 2.3686e+40 5.1639e+40 3.1858e+40 2.2403e+41 1.5054e+41
-4.0 0.3 10000.0 -1.2 7.7846e+42 2.8132e+42 1.9627e+42 5.9076e+42 2.8554e+42 4.5502e+41 8.358e+42 1.3428e+42 1.6821e+42 2.4392e+42 4.4261e+38 8.328e+40 4.4459e+40 2.9876e+42 4.5112e+40 1.1118e+41 1.5379e+41 1.2988e+41 8.2656e+41 6.8663e+41
-4.0 0.3 10000.0 -1.4 6.9494e+42 2.5218e+42 1.7036e+42 5.128e+42 2.1433e+42 4.0648e+41 7.4346e+42 1.1995e+42 1.3253e+42 1.9812e+42 2.4407e+38 5.6783e+40 3.1148e+40 2.2986e+42 3.5421e+40 8.7295e+40 1.3352e+41 1.1311e+41 6.6975e+41 5.5774e+41
-4.0 0.3 10000.0 -1.7 5.1777e+42 1.9192e+42 1.1463e+42 3.4504e+42 1.2722e+42 3.0503e+41 5.6087e+42 9.0015e+41 8.3885e+41 1.3108e+42 6.3161e+37 2.4986e+40 1.4347e+40 1.3207e+42 1.9754e+40 4.8685e+40 8.922e+40 7.5966e+40 4.0792e+41 3.4098e+41
-4.0 0.3 10000.0 -2.0 3.581e+42 1.3722e+42 6.6269e+41 1.9947e+42 7.2741e+41 2.1368e+41 3.9873e+42 6.3057e+41 5.096e+41 8.2905e+41 1.1379e+37 1.01e+40 5.7644e+39 6.7578e+41 9.1733e+39 2.2608e+40 5.2087e+40 4.4589e+40 2.1926e+41 1.8395e+41
-4.0 0.5 100.0 -1.2 1.3468e+43 2.7148e+42 1.5344e+42 4.6186e+42 2.364e+42 4.8576e+41 8.1673e+42 1.4335e+42 4.5666e+42 3.346e+42 7.3188e+39 1.2649e+41 6.7229e+40 3.0365e+42 3.7889e+40 9.338e+40 4.6741e+40 2.7679e+40 6.5267e+41 4.2754e+41
-4.0 0.5 100.0 -1.4 1.2152e+43 2.4496e+42 1.3463e+42 4.0522e+42 1.76e+42 4.3404e+41 7.3165e+42 1.2809e+42 3.818e+42 2.8148e+42 6.3914e+39 1.0092e+41 5.4912e+40 2.3466e+42 3.0656e+40 7.5554e+40 4.1184e+40 2.4391e+40 5.3864e+41 3.5285e+41
-4.0 0.5 100.0 -1.7 9.1243e+42 1.8721e+42 9.38e+41 2.8234e+42 1.0255e+42 3.2458e+41 5.5457e+42 9.5782e+41 2.6168e+42 1.9455e+42 4.6547e+39 6.2343e+40 3.5763e+40 1.3666e+42 1.8595e+40 4.5827e+40 2.8501e+40 1.6883e+40 3.4196e+41 2.2401e+41
-4.0 0.5 100.0 -2.0 6.3008e+42 1.3381e+42 5.8248e+41 1.7533e+42 5.734e+41 2.2532e+41 3.9416e+42 6.6491e+41 1.6983e+42 1.2717e+42 3.0174e+39 3.628e+40 2.2436e+40 7.1718e+41 9.8527e+39 2.4282e+40 1.7392e+40 1.0306e+40 1.9305e+41 1.2647e+41
-4.0 0.5 1000.0 -1.2 1.198e+43 2.7523e+42 1.5675e+42 4.7181e+42 2.4985e+42 4.895e+41 8.2519e+42 1.4445e+42 3.859e+42 3.5957e+42 5.8679e+39 1.3162e+41 6.9781e+40 3.0289e+42 4.0155e+40 9.8965e+40 4.8741e+40 2.997e+40 6.8103e+41 4.5687e+41
-4.0 0.5 1000.0 -1.4 1.082e+43 2.4772e+42 1.3799e+42 4.1534e+42 1.8499e+42 4.3793e+41 7.3711e+42 1.2923e+42 3.1301e+42 3.0061e+42 4.4221e+39 1.0419e+41 5.6457e+40 2.3395e+42 3.2815e+40 8.0874e+40 4.3357e+40 2.6669e+40 5.6636e+41 3.8004e+41
-4.0 0.5 1000.0 -1.7 8.1474e+42 1.887e+42 9.672e+41 2.9113e+42 1.0722e+42 3.2836e+41 5.565e+42 9.6899e+41 2.0633e+42 2.0669e+42 2.1572e+39 6.1745e+40 3.5142e+40 1.3613e+42 2.0244e+40 4.9893e+40 3.0499e+40 1.8773e+40 3.6412e+41 2.4442e+41
-4.0 0.5 1000.0 -2.0 5.6508e+42 1.3477e+42 6.0463e+41 1.8199e+42 5.9685e+41 2.2876e+41 3.95e+42 6.7506e+41 1.2959e+42 1.3473e+42 7.6907e+38 3.2542e+40 1.9844e+40 7.1349e+41 1.0911e+40 2.6891e+40 1.8945e+40 1.1671e+40 2.0808e+41 1.3974e+41
-4.0 0.5 10000.0 -1.2 6.3692e+42 2.8144e+42 1.5868e+42 4.7763e+42 2.7484e+42 4.7635e+41 8.4126e+42 1.4057e+42 2.3094e+42 3.0567e+42 5.0861e+38 6.9885e+40 3.7101e+40 2.9793e+42 4.186e+40 1.0317e+41 4.6478e+40 3.9072e+40 6.4977e+41 5.3825e+41
-4.0 0.5 10000.0 -1.4 5.7384e+42 2.5226e+42 1.3924e+42 4.1912e+42 2.025e+42 4.2711e+41 7.4796e+42 1.2604e+42 1.7631e+42 2.4175e+42 2.7961e+38 4.9351e+40 2.67e+40 2.2928e+42 3.3925e+40 8.3612e+40 4.1527e+40 3.4994e+40 5.3995e+41 4.4823e+41
-4.0 0.5 10000.0 -1.7 4.3424e+42 1.917e+42 9.5256e+41 2.8672e+42 1.1733e+42 3.229e+41 5.6295e+42 9.5289e+41 1.0712e+42 1.5491e+42 7.1218e+37 2.2514e+40 1.2435e+40 1.3179e+42 1.9861e+40 4.8949e+40 2.8985e+40 2.453e+40 3.4156e+41 2.8448e+41
-4.0 0.5 10000.0 -2.0 3.0561e+42 1.3682e+42 5.5943e+41 1.6839e+42 6.5787e+41 2.2827e+41 3.9912e+42 6.7363e+41 6.2874e+41 9.5649e+41 1.2538e+37 8.8465e+39 4.8236e+39 6.7483e+41 9.6366e+39 2.375e+40 1.7668e+40 1.5023e+40 1.9031e+41 1.5903e+41
-5.0 0.1 100.0 -1.2 7.6737e+42 2.3242e+42 1.0387e+41 3.1265e+41 2.5103e+42 2.7827e+41 6.9283e+42 8.2116e+41 4.0614e+42 2.9583e+42 2.0827e+38 7.7529e+39 4.0511e+39 7.0387e+41 1.4398e+39 3.5488e+39 1.821e+40 1.0786e+40 6.7652e+40 4.4312e+40
-5.0 0.1 100.0 -1.4 6.779e+42 2.1939e+42 8.9666e+40 2.6989e+41 2.0465e+42 2.4965e+41 6.5321e+42 7.3671e+41 3.5436e+42 2.5887e+42 1.8952e+38 6.8322e+39 3.6141e+39 5.3473e+41 1.1045e+39 2.7222e+39 1.5002e+40 8.8869e+39 5.2512e+40 3.4397e+40
-5.0 0.1 100.0 -1.7 4.836e+42 1.7639e+42 6.0675e+40 1.8263e+41 1.3047e+42 1.8352e+41 5.2504e+42 5.4156e+41 2.5034e+42 1.8367e+42 1.4635e+38 5.2799e+39 2.8418e+39 3.0217e+41 6.1507e+38 1.516e+39 9.37e+39 5.5525e+39 3.0315e+40 1.9858e+40
-5.0 0.1 100.0 -2.0 3.1176e+42 1.3049e+42 3.6477e+40 1.0979e+41 7.5729e+41 1.2273e+41 3.8885e+42 3.6217e+41 1.6163e+42 1.1907e+42 9.7722e+37 4.0561e+39 2.207e+39 1.5326e+41 2.9895e+38 7.3682e+38 5.1641e+39 3.0618e+39 1.5573e+40 1.0202e+40
-5.0 0.1 1000.0 -1.2 7.5577e+42 2.341e+42 1.0834e+41 3.2609e+41 2.8648e+42 2.9482e+41 6.9386e+42 8.7003e+41 3.5941e+42 3.4348e+42 1.5917e+38 8.0614e+39 4.201e+39 7.0331e+41 1.6103e+39 3.969e+39 2.1135e+40 1.3007e+40 7.7865e+40 5.2219e+40
-5.0 0.1 1000.0 -1.4 6.7603e+42 2.2068e+42 9.4158e+40 2.8342e+41 2.3603e+42 2.6681e+41 6.5284e+42 7.8736e+41 3.1169e+42 3.0261e+42 1.2174e+38 6.952e+39 3.6603e+39 5.3429e+41 1.2591e+39 3.1034e+39 1.7845e+40 1.0989e+40 6.1698e+40 4.1394e+40
-5.0 0.1 1000.0 -1.7 4.9264e+42 1.7713e+42 6.4415e+40 1.9389e+41 1.5352e+42 1.9904e+41 5.2336e+42 5.8736e+41 2.1869e+42 2.1737e+42 6.0087e+37 4.945e+39 2.6332e+39 3.0189e+41 7.2342e+38 1.783e+39 1.1607e+40 7.1553e+39 3.6835e+40 2.4729e+40
-5.0 0.1 1000.0 -2.0 3.2549e+42 1.3088e+42 3.9164e+40 1.1788e+41 9.1413e+41 1.3536e+41 3.8674e+42 3.9946e+41 1.4069e+42 1.4303e+42 2.1428e+37 3.1725e+39 1.6882e+39 1.5305e+41 3.6288e+38 8.9439e+38 6.6869e+39 4.1269e+39 1.961e+40 1.3173e+40
-5.0 0.1 10000.0 -1.2 4.8251e+42 2.3708e+42 1.1299e+41 3.401e+41 3.598e+42 3.025e+41 6.9672e+42 8.9269e+41 2.143e+42 3.2239e+42 1.2105e+37 4.0415e+39 2.062e+39 6.9741e+41 1.8358e+39 4.5248e+39 2.3674e+40 1.9943e+40 8.7741e+40 7.226e+40
-5.0 0.1 10000.0 -1.4 4.3439e+42 2.2302e+42 9.8418e+40 2.9624e+41 2.993e+42 2.7592e+41 6.5366e+42 8.1424e+41 1.816e+42 2.7825e+42 6.7866e+36 2.9658e+39 1.5148e+39 5.2896e+41 1.4439e+39 3.5588e+39 2.0525e+40 1.7353e+40 7.0959e+40 5.8625e+40
-5.0 0.1 10000.0 -1.7 3.2111e+42 1.7852e+42 6.6564e+40 2.0036e+41 1.9819e+42 2.0876e+41 5.2186e+42 6.1605e+41 1.2337e+42 1.9448e+42 1.8055e+36 1.4286e+39 7.2827e+38 2.971e+41 8.1031e+38 1.9972e+39 1.3828e+40 1.1755e+40 4.3511e+40 3.611e+40
-5.0 0.1 10000.0 -2.0 2.1622e+42 1.3168e+42 3.8879e+40 1.1702e+41 1.2079e+42 1.4437e+41 3.8449e+42 4.2604e+41 7.7144e+41 1.251e+42 3.3401e+35 5.7423e+38 2.9143e+38 1.4881e+41 3.8025e+38 9.3722e+38 8.1941e+39 7.0024e+39 2.3688e+40 1.9741e+40
-5.0 0.3 100.0 -1.2 8.98e+42 2.31e+42 9.7754e+40 2.9424e+41 3.7133e+42 3.4979e+41 6.8804e+42 1.0322e+42 5.9949e+42 4.334e+42 2.2695e+38 6.676e+39 3.4392e+39 7.0312e+41 1.6221e+39 3.9979e+39 1.2576e+40 7.4472e+39 7.3928e+40 4.8417e+40
-5.0 0.3 100.0 -1.4 8.2257e+42 2.1795e+42 8.5723e+40 2.5803e+41 3.0993e+42 3.205e+41 6.4734e+42 9.4579e+41 5.2782e+42 3.827e+42 2.0314e+38 5.887e+39 3.0555e+39 5.348e+41 1.2988e+39 3.2013e+39 1.1011e+40 6.5211e+39 6.0416e+40 3.9569e+40
-5.0 0.3 100.0 -1.7 6.2286e+42 1.7505e+42 5.9428e+40 1.7888e+41 2.0653e+42 2.4417e+41 5.185e+42 7.2056e+41 3.8024e+42 2.7686e+42 1.5268e+38 4.4632e+39 2.3431e+39 3.0292e+41 7.7303e+38 1.9053e+39 7.5851e+39 4.4931e+39 3.7857e+40 2.4795e+40
-5.0 0.3 100.0 -2.0 4.2836e+42 1.2935e+42 3.6586e+40 1.1012e+41 1.267e+42 1.6993e+41 3.8261e+42 5.0147e+41 2.5193e+42 1.8417e+42 1.0014e+38 3.3198e+39 1.7574e+39 1.54e+41 4.0116e+38 9.8874e+38 4.6338e+39 2.7456e+39 2.1166e+40 1.3863e+40
-5.0 0.3 1000.0 -1.2 8.36e+42 2.3298e+42 1.0023e+41 3.0169e+41 4.0169e+42 3.5626e+41 6.9131e+42 1.0513e+42 5.3447e+42 4.8419e+42 1.7623e+38 6.8929e+39 3.5457e+39 7.0178e+41 1.7506e+39 4.3148e+39 1.3597e+40 8.3561e+39 7.9663e+40 5.3368e+40
-5.0 0.3 1000.0 -1.4 7.6794e+42 2.1946e+42 8.8245e+40 2.6562e+41 3.3564e+42 3.2726e+41 6.4909e+42 9.6575e+41 4.6462e+42 4.2752e+42 1.3352e+38 5.9628e+39 3.0865e+39 5.3362e+41 1.4198e+39 3.4995e+39 1.2064e+40 7.4181e+39 6.5765e+40 4.4073e+40
-5.0 0.3 1000.0 -1.7 5.8482e+42 1.7599e+42 6.1579e+40 1.8535e+41 2.2435e+42 2.5051e+41 5.1879e+42 7.3924e+41 3.2883e+42 3.0968e+42 6.4957e+37 4.1842e+39 2.182e+39 3.0206e+41 8.629e+38 2.1268e+39 8.4975e+39 5.2288e+39 4.1904e+40 2.8097e+40
-5.0 0.3 1000.0 -2.0 4.0517e+42 1.2988e+42 3.8168e+40 1.1489e+41 1.3818e+42 1.7533e+41 3.8209e+42 5.174e+41 2.1434e+42 2.0647e+42 2.2959e+37 2.6113e+39 1.3626e+39 1.5343e+41 4.5731e+38 1.1271e+39 5.3178e+39 3.2748e+39 2.3848e+40 1.5998e+40
-5.0 0.3 10000.0 -1.2 5.0571e+42 2.363e+42 1.0247e+41 3.0842e+41 4.5749e+42 3.4913e+41 6.9741e+42 1.0303e+42 3.3122e+42 4.5203e+42 1.3657e+37 3.4313e+39 1.7425e+39 6.955e+41 1.9088e+39 4.7045e+39 1.4056e+40 1.175e+40 8.3436e+40 6.8254e+40
-5.0 0.3 10000.0 -1.4 4.6346e+42 2.2211e+42 9.0218e+40 2.7156e+41 3.8263e+42 3.2166e+41 6.5305e+42 9.4922e+41 2.7975e+42 3.8928e+42 7.5971e+36 2.5346e+39 1.288e+39 5.278e+41 1.5495e+39 3.8191e+39 1.2691e+40 1.064e+40 6.9704e+40 5.718e+40
-5.0 0.3 10000.0 -1.7 3.5311e+42 1.7761e+42 6.2061e+40 1.868e+41 2.5652e+42 2.4768e+41 5.2e+42 7.3092e+41 1.8964e+42 2.7211e+42 1.9817e+36 1.2167e+39 6.1756e+38 2.9687e+41 9.1403e+38 2.2528e+39 9.1399e+39 7.6956e+39 4.5055e+40 3.7102e+40
-5.0 0.3 10000.0 -2.0 2.458e+42 1.3085e+42 3.6901e+40 1.1107e+41 1.5899e+42 1.7472e+41 3.8199e+42 5.1561e+41 1.1867e+42 1.7576e+42 3.5947e+35 4.8167e+38 2.4384e+38 1.4891e+41 4.5185e+38 1.1137e+39 5.8303e+39 4.9282e+39 2.5953e+40 2.1444e+40
-5.0 0.5 100.0 -1.2 8.0424e+42 2.3007e+42 8.0434e+40 2.4211e+41 3.952e+42 3.9101e+41 6.898e+42 1.1539e+42 7.6114e+42 5.476e+42 2.4874e+38 5.2911e+39 2.6984e+39 6.9945e+41 1.5758e+39 3.884e+39 4.2956e+39 2.5434e+39 6.4169e+40 4.2024e+40
-5.0 0.5 100.0 -1.4 7.4877e+42 2.1711e+42 7.1385e+40 2.1487e+41 3.3086e+42 3.6135e+41 6.4839e+42 1.0664e+42 6.6881e+42 4.8257e+42 2.1971e+38 4.6893e+39 2.4011e+39 5.3245e+41 1.3106e+39 3.2303e+39 3.9189e+39 2.3206e+39 5.4163e+40 3.5472e+40
-5.0 0.5 100.0 -1.7 5.8277e+42 1.7427e+42 5.0447e+40 1.5184e+41 2.2276e+42 2.7959e+41 5.1807e+42 8.2508e+41 4.826e+42 3.497e+42 1.6095e+38 3.5163e+39 1.8121e+39 3.0185e+41 8.2937e+38 2.0442e+39 2.8867e+39 1.7096e+39 3.5771e+40 2.3428e+40
-5.0 0.5 100.0 -2.0 4.1316e+42 1.2865e+42 3.1678e+40 9.5351e+40 1.3891e+42 1.9811e+41 3.8117e+42 5.8463e+41 3.2174e+42 2.3408e+42 1.0345e+38 2.542e+39 1.317e+39 1.5359e+41 4.586e+38 1.1303e+39 1.8938e+39 1.1218e+39 2.1143e+40 1.3848e+40
-5.0 0.5 1000.0 -1.2 7.33e+42 2.3213e+42 8.1608e+40 2.4564e+41 4.2349e+42 3.9253e+41 6.936e+42 1.1584e+42 6.9608e+42 6.0724e+42 1.958e+38 5.419e+39 2.7617e+39 6.9825e+41 1.6538e+39 4.0762e+39 4.4554e+39 2.7358e+39 6.6863e+40 4.4768e+40
-5.0 0.5 1000.0 -1.4 6.8227e+42 2.1867e+42 7.2604e+40 2.1854e+41 3.5367e+42 3.6304e+41 6.5065e+42 1.0713e+42 6.0178e+42 5.3328e+42 1.477e+38 4.7214e+39 2.4143e+39 5.3123e+41 1.3869e+39 3.4184e+39 4.0939e+39 2.5149e+39 5.6736e+40 3.8e+40
-5.0 0.5 1000.0 -1.7 5.3109e+42 1.7515e+42 5.1503e+40 1.5502e+41 2.3719e+42 2.8127e+41 5.1855e+42 8.3002e+41 4.2392e+42 3.8461e+42 7.1236e+37 3.2989e+39 1.6939e+39 3.0083e+41 8.8886e+38 2.1908e+39 3.0493e+39 1.8743e+39 3.7775e+40 2.5312e+40
-5.0 0.5 1000.0 -2.0 3.7701e+42 1.2915e+42 3.2472e+40 9.774e+40 1.4738e+42 1.9967e+41 3.8094e+42 5.8922e+41 2.7629e+42 2.5649e+42 2.5028e+37 2.0185e+39 1.0372e+39 1.5291e+41 4.9782e+38 1.227e+39 2.0248e+39 1.2453e+39 2.2518e+40 1.5095e+40
-5.0 0.5 10000.0 -1.2 4.3207e+42 2.3532e+42 8.2087e+40 2.4708e+41 4.6383e+42 3.7662e+41 6.9982e+42 1.1114e+42 4.5972e+42 5.746e+42 1.5588e+37 2.6838e+39 1.3582e+39 6.9245e+41 1.7259e+39 4.2538e+39 4.3288e+39 3.6011e+39 6.6613e+40 5.4289e+40
-5.0 0.5 10000.0 -1.4 3.9939e+42 2.2112e+42 7.2867e+40 2.1933e+41 3.8598e+42 3.4858e+41 6.5455e+42 1.0287e+42 3.8435e+42 4.905e+42 8.6573e+36 2.004e+39 1.0145e+39 5.2563e+41 1.4387e+39 3.546e+39 4.0137e+39 3.3474e+39 5.6814e+40 4.6425e+40
-5.0 0.5 10000.0 -1.7 3.0886e+42 1.767e+42 5.0785e+40 1.5286e+41 2.5797e+42 2.7068e+41 5.2011e+42 7.9878e+41 2.5764e+42 3.3978e+42 2.2274e+36 9.6652e+38 4.8902e+38 2.958e+41 8.8462e+38 2.1803e+39 3.0173e+39 2.5254e+39 3.7959e+40 3.1127e+40
-5.0 0.5 10000.0 -2.0 2.1868e+42 1.3012e+42 3.0599e+40 9.2103e+40 1.6004e+42 1.9287e+41 3.8141e+42 5.6916e+41 1.5994e+42 2.1828e+42 3.9529e+35 3.786e+38 1.9127e+38 1.485e+41 4.5496e+38 1.1213e+39 2.0145e+39 1.6915e+39 2.2633e+40 1.8616e+40
-1.0 0.1 100.0 -1.2 6.9567e+41 1.403e+42 5.4065e+42 1.6273e+43 5.2091e+41 3.5618e+40 4.0829e+42 1.0511e+41 2.1871e+41 1.5511e+41 7.9952e+41 3.7853e+42 2.0185e+42 4.9453e+42 6.4353e+41 1.5497e+42 2.0236e+41 1.201e+41 1.7318e+42 1.1341e+42
-1.0 0.1 100.0 -1.4 4.3879e+41 1.1909e+42 5.4578e+42 1.6428e+43 2.4272e+41 1.7535e+40 3.3993e+42 5.1744e+40 1.2728e+41 9.0706e+40 5.362e+41 3.3416e+42 1.7196e+42 3.6852e+42 4.5732e+41 1.0961e+42 1.5607e+41 9.291e+40 1.3752e+42 9.0069e+41
-1.0 0.1 100.0 -1.7 2.7684e+41 9.9937e+41 4.5386e+42 1.3661e+43 5.3553e+40 6.4206e+39 2.8395e+42 1.8947e+40 4.8747e+40 3.5451e+40 2.5046e+41 2.0291e+42 1.0136e+42 2.0704e+42 2.1147e+41 5.0137e+41 1.0441e+41 6.2688e+40 8.7329e+41 5.7207e+41
-1.0 0.1 100.0 -2.0 2.1364e+41 8.3692e+41 3.2042e+42 9.6447e+42 8.26e+39 3.6058e+39 2.3926e+42 1.0641e+40 2.027e+40 1.5397e+40 1.0021e+41 1.0814e+42 5.4141e+41 1.0505e+42 9.1216e+40 2.1536e+41 7.5019e+40 4.5731e+40 5.5244e+41 3.6199e+41
-1.0 0.1 1000.0 -1.2 1.9881e+42 2.5814e+42 1.2382e+43 3.7269e+43 1.288e+42 1.2255e+41 7.4796e+42 3.6166e+41 5.2221e+41 4.3212e+41 4.7129e+41 9.0012e+42 4.497e+42 5.713e+42 8.4385e+41 2.0541e+42 5.796e+41 3.5569e+41 5.7179e+42 3.8245e+42
-1.0 0.1 1000.0 -1.4 1.5309e+42 2.2573e+42 1.074e+43 3.2327e+43 6.4857e+41 7.2947e+40 6.4699e+42 2.1527e+41 3.112e+41 2.6661e+41 2.1259e+41 5.9575e+42 2.9974e+42 4.1205e+42 5.2519e+41 1.2776e+42 4.9166e+41 3.025e+41 4.2348e+42 2.8356e+42
-1.0 0.1 1000.0 -1.7 1.188e+42 1.7592e+42 7.2747e+42 2.1897e+43 1.8621e+41 3.4603e+40 5.0279e+42 1.0211e+41 1.3523e+41 1.3005e+41 5.2816e+40 2.2759e+42 1.1678e+42 2.2055e+42 2.1796e+41 5.3081e+41 3.6023e+41 2.2264e+41 2.3229e+42 1.5579e+42
-1.0 0.1 1000.0 -2.0 1.0066e+42 1.3062e+42 4.4019e+42 1.325e+43 5.3584e+40 2.2343e+40 3.7425e+42 6.5935e+40 7.3328e+40 8.1591e+40 1.8316e+40 6.3397e+41 3.3548e+41 1.0844e+42 8.356e+40 2.04e+41 2.4535e+41 1.5249e+41 1.1254e+42 7.5583e+41
-1.0 0.1 10000.0 -1.2 4.8303e+42 3.2857e+42 1.0877e+43 3.2739e+43 2.9113e+42 3.5793e+41 9.6743e+42 1.0562e+42 8.0833e+41 1.0663e+42 1.0502e+40 1.4732e+42 7.5364e+41 5.1401e+42 3.7182e+41 9.1494e+41 1.0793e+42 9.0092e+41 4.7367e+42 3.9146e+42
-1.0 0.1 10000.0 -1.4 4.0605e+42 2.7758e+42 8.968e+42 2.6994e+43 1.5489e+42 2.4887e+41 8.0713e+42 7.3442e+41 4.6981e+41 6.5985e+41 5.1548e+39 7.3273e+41 3.7816e+41 3.7625e+42 2.4461e+41 6.0198e+41 8.6841e+41 7.3032e+41 3.2906e+42 2.7346e+42
-1.0 0.1 10000.0 -1.7 3.2468e+42 2.0273e+42 5.412e+42 1.629e+43 6.0562e+41 1.6262e+41 5.8445e+42 4.7989e+41 2.3733e+41 3.7659e+41 1.026e+39 1.7196e+41 9.3358e+40 2.0242e+42 1.0034e+41 2.4702e+41 4.876e+41 4.1511e+41 1.5346e+42 1.2855e+42
-1.0 0.1 10000.0 -2.0 2.6275e+42 1.42e+42 2.7569e+42 8.2981e+42 2.8318e+41 1.2442e+41 4.0972e+42 3.6716e+41 1.5189e+41 2.6409e+41 1.3398e+38 3.8916e+40 2.4347e+40 9.8326e+41 3.5271e+40 8.6872e+40 2.3151e+41 1.9923e+41 6.488e+41 5.4699e+41
-1.0 0.3 100.0 -1.2 8.223e+41 1.0504e+42 1.7164e+42 5.1664e+42 6.9527e+41 5.3682e+40 3.257e+42 1.5842e+41 2.8428e+41 2.003e+41 7.0214e+41 1.3711e+42 1.0256e+42 3.676e+42 2.647e+41 6.4818e+41 4.477e+40 2.6515e+40 9.4882e+41 6.2129e+41
-1.0 0.3 100.0 -1.4 4.6905e+41 7.751e+41 2.0423e+42 6.1473e+42 3.8292e+41 2.7697e+40 2.3161e+42 8.1735e+40 1.782e+41 1.2578e+41 5.5601e+41 1.2294e+42 8.7239e+41 2.8979e+42 2.6871e+41 6.5602e+41 5.3515e+40 3.1725e+40 9.365e+41 6.1327e+41
-1.0 0.3 100.0 -1.7 2.4224e+41 5.5721e+41 2.3087e+42 6.9493e+42 1.2504e+41 9.2232e+39 1.5968e+42 2.7218e+40 7.9743e+40 5.679e+40 3.0326e+41 9.3301e+41 5.8564e+41 1.7778e+42 1.9796e+41 4.8028e+41 4.9301e+40 2.9336e+40 7.4777e+41 4.8975e+41
-1.0 0.3 100.0 -2.0 1.7394e+41 4.7613e+41 2.0189e+42 6.077e+42 3.2295e+40 4.0981e+39 1.3555e+42 1.2093e+40 3.4698e+40 2.5254e+40 1.2976e+41 5.549e+41 3.3321e+41 9.6507e+41 9.7984e+40 2.3645e+41 3.7184e+40 2.2313e+40 4.89e+41 3.2032e+41
-1.0 0.3 1000.0 -1.2 1.8563e+42 2.1604e+42 8.7683e+42 2.6392e+43 1.4543e+42 1.1551e+41 6.389e+42 3.4086e+41 6.9792e+41 5.5834e+41 5.9114e+41 4.1047e+42 2.5498e+42 5.4146e+42 7.8083e+41 1.9098e+42 2.612e+41 1.5996e+41 4.7071e+42 3.1456e+42
-1.0 0.3 1000.0 -1.4 1.4109e+42 1.845e+42 8.1956e+42 2.4669e+43 7.9794e+41 7.2257e+40 5.3492e+42 2.1323e+41 4.3818e+41 3.5857e+41 2.8629e+41 3.1815e+42 1.7779e+42 3.961e+42 5.4499e+41 1.3319e+42 2.458e+41 1.5083e+41 3.7457e+42 2.5057e+42
-1.0 0.3 1000.0 -1.7 1.0817e+42 1.4591e+42 6.0662e+42 1.8259e+43 2.773e+41 3.8342e+40 4.188e+42 1.1315e+41 2.0523e+41 1.8121e+41 7.0368e+40 1.5607e+42 8.3827e+41 2.1531e+42 2.4888e+41 6.0807e+41 1.9601e+41 1.2073e+41 2.1761e+42 1.458e+42
-1.0 0.3 1000.0 -2.0 9.1991e+41 1.1249e+42 3.8876e+42 1.1702e+43 8.8506e+40 2.4907e+40 3.2317e+42 7.35e+40 1.0252e+41 1.0332e+41 2.0845e+40 5.4235e+41 2.9832e+41 1.0688e+42 1.0045e+41 2.4585e+41 1.4129e+41 8.7433e+40 1.0897e+42 7.3116e+41
-1.0 0.3 10000.0 -1.2 4.4081e+42 3.1832e+42 9.6832e+42 2.9146e+43 3.3008e+42 3.766e+41 9.4618e+42 1.1113e+42 1.2537e+42 1.519e+42 1.2238e+40 1.2684e+42 6.8233e+41 5.1142e+42 3.8721e+41 9.5308e+41 5.6613e+41 4.6977e+41 4.0752e+42 3.3542e+42
-1.0 0.3 10000.0 -1.4 3.7334e+42 2.6883e+42 8.1281e+42 2.4466e+43 1.8426e+42 2.7378e+41 7.8799e+42 8.0792e+41 7.5608e+41 9.5572e+41 5.8364e+39 6.7577e+41 3.6227e+41 3.7468e+42 2.6546e+41 6.5347e+41 4.7147e+41 3.9388e+41 2.9245e+42 2.4195e+42
-1.0 0.3 10000.0 -1.7 3.0266e+42 1.9737e+42 5.0294e+42 1.5139e+43 7.3623e+41 1.8063e+41 5.7205e+42 5.3303e+41 3.5869e+41 5.0694e+41 1.1212e+39 1.7409e+41 9.5242e+40 2.0182e+42 1.1465e+41 2.8233e+41 2.7695e+41 2.3408e+41 1.4202e+42 1.1842e+42
-1.0 0.3 10000.0 -2.0 2.5e+42 1.3976e+42 2.6172e+42 7.8778e+42 3.3073e+41 1.3634e+41 4.0397e+42 4.0233e+41 2.058e+41 3.2601e+41 1.4375e+38 4.0691e+40 2.4974e+40 9.814e+41 4.206e+40 1.0361e+41 1.3742e+41 1.1736e+41 6.2141e+41 5.2147e+41
-1.0 0.5 100.0 -1.2 7.132e+41 9.3035e+41 7.1273e+41 2.1453e+42 6.1212e+41 6.037e+40 2.9905e+42 1.7815e+41 3.1358e+41 2.2031e+41 5.8941e+41 9.7091e+41 7.0459e+41 2.9586e+42 1.0908e+41 2.681e+41 5.2659e+39 3.1177e+39 4.9911e+41 3.2681e+41
-1.0 0.5 100.0 -1.4 4.0595e+41 6.7055e+41 8.9974e+41 2.7082e+42 3.576e+41 3.2805e+40 2.0825e+42 9.6806e+40 2.001e+41 1.4066e+41 5.2943e+41 9.193e+41 7.0163e+41 2.401e+42 1.2886e+41 3.1628e+41 7.9505e+39 4.709e+39 5.4048e+41 3.5392e+41
-1.0 0.5 100.0 -1.7 1.9715e+41 4.3293e+41 1.1945e+42 3.5954e+42 1.3318e+41 1.1246e+40 1.2738e+42 3.3186e+40 9.666e+40 6.8346e+40 3.5089e+41 6.986e+41 5.5458e+41 1.5551e+42 1.4121e+41 3.4557e+41 1.1909e+40 7.0655e+39 5.5395e+41 3.6278e+41
-1.0 0.5 100.0 -2.0 1.3522e+41 3.3968e+41 1.2751e+42 3.8379e+42 4.2096e+40 4.5542e+39 9.7074e+41 1.3439e+40 4.5609e+40 3.2747e+40 1.6623e+41 4.5349e+41 3.423e+41 8.8838e+41 9.7965e+40 2.3891e+41 1.1575e+40 6.8983e+39 4.3349e+41 2.8392e+41
-1.0 0.5 1000.0 -1.2 1.4891e+42 1.9489e+42 5.731e+42 1.725e+43 1.2916e+42 1.1312e+41 5.8962e+42 3.3381e+41 7.9903e+41 6.2636e+41 7.0933e+41 3.3629e+42 2.5361e+42 5.1435e+42 6.2158e+41 1.5252e+42 6.5117e+40 3.9819e+40 3.4628e+42 2.3124e+42
-1.0 0.5 1000.0 -1.4 1.1347e+42 1.6122e+42 5.74e+42 1.7277e+43 7.4306e+41 6.9756e+40 4.748e+42 2.0585e+41 5.3091e+41 4.2284e+41 3.7395e+41 2.5163e+42 1.8841e+42 3.8085e+42 5.0047e+41 1.2272e+42 7.0562e+40 4.3207e+40 3.0387e+42 2.0309e+42
-1.0 0.5 1000.0 -1.7 8.7778e+41 1.2581e+42 4.6772e+42 1.4078e+43 2.8548e+41 3.8212e+40 3.6287e+42 1.1276e+41 2.6469e+41 2.2365e+41 9.5631e+40 1.2997e+42 9.2303e+41 2.1015e+42 2.6546e+41 6.5078e+41 6.4494e+40 3.9608e+40 1.95e+42 1.3052e+42
-1.0 0.5 1000.0 -2.0 7.59e+41 9.884e+41 3.1987e+42 9.6282e+42 1.0522e+41 2.6193e+40 2.8402e+42 7.7297e+40 1.3943e+41 1.3032e+41 2.5039e+40 5.2938e+41 3.4381e+41 1.0518e+42 1.1647e+41 2.857e+41 5.0107e+40 3.0883e+40 1.0342e+42 6.932e+41
-1.0 0.5 10000.0 -1.2 3.5385e+42 3.1003e+42 7.7819e+42 2.3423e+43 3.0165e+42 3.6774e+41 9.305e+42 1.0852e+42 1.6605e+42 1.8839e+42 1.4635e+40 1.1227e+42 5.9683e+41 5.085e+42 3.6543e+41 8.9978e+41 1.7189e+41 1.4174e+41 3.256e+42 2.6688e+42
-1.0 0.5 10000.0 -1.4 3.0391e+42 2.617e+42 6.6669e+42 2.0067e+43 1.7514e+42 2.785e+41 7.73e+42 8.2184e+41 1.0378e+42 1.2177e+42 6.8447e+39 6.2768e+41 3.3209e+41 3.7286e+42 2.6317e+41 6.4804e+41 1.4906e+41 1.2363e+41 2.4288e+42 1.9999e+42
-1.0 0.5 10000.0 -1.7 2.5164e+42 1.9271e+42 4.2474e+42 1.2785e+43 7.4567e+41 1.9261e+41 5.6146e+42 5.6839e+41 5.1851e+41 6.6196e+41 1.2704e+39 1.7168e+41 9.3129e+40 2.0103e+42 1.2111e+41 2.9829e+41 9.2166e+40 7.7276e+40 1.238e+42 1.027e+42
-1.0 0.5 10000.0 -2.0 2.122e+42 1.3723e+42 2.2581e+42 6.797e+42 3.3767e+41 1.4691e+41 3.9771e+42 4.3354e+41 2.883e+41 4.0942e+41 1.587e+38 4.123e+40 2.4786e+40 9.7861e+41 4.6357e+40 1.1421e+41 4.7496e+40 4.0228e+40 5.5836e+41 4.6621e+41
