# log(Us)  xid nh alpha [OII]3727 Hbeta [OIII]4959 [OIII]5007 [OI]6300 [NII]6548 Halpha [NII]6584 [SII]6717 [SII]6731 NV1240 CIV1548 CIV1551 HeII1640 OIII]1661 OIII]1666 [SiIII]1883 SiIII]1888 [CIII]1907 CIII]1910 
-2.5 0.1 100.0 -1.2 4.7946e+42 2.9002e+42 8.1136e+42 2.4422e+43 1.0491e+42 7.9137e+40 8.5788e+42 2.3353e+41 5.9806e+41 4.351e+41 1.764e+41 5.4936e+42 2.8298e+42 5.3832e+42 4.6323e+41 1.1394e+42 7.758e+41 4.5936e+41 5.26e+42 3.4452e+42
-2.5 0.1 100.0 -1.4 3.9569e+42 2.4683e+42 7.16e+42 2.1552e+43 5.4543e+41 5.8512e+40 7.2096e+42 1.7267e+41 4.2043e+41 3.1055e+41 1.2459e+41 3.9188e+42 2.0237e+42 3.953e+42 3.4089e+41 8.3821e+41 6.6904e+41 3.9634e+41 3.9932e+42 2.6156e+42
-2.5 0.1 100.0 -1.7 2.7315e+42 1.8223e+42 4.9904e+42 1.5021e+43 1.8399e+41 3.7527e+40 5.2825e+42 1.1074e+41 2.4578e+41 1.8524e+41 6.778e+40 1.9498e+42 1.0126e+42 2.1533e+42 1.7448e+41 4.2881e+41 4.3367e+41 2.5725e+41 2.1791e+42 1.4274e+42
-2.5 0.1 100.0 -2.0 1.8114e+42 1.2964e+42 3.1254e+42 9.4074e+42 6.6688e+40 2.4565e+40 3.7572e+42 7.249e+40 1.4802e+41 1.131e+41 3.7221e+40 8.6357e+41 4.5357e+41 1.0693e+42 7.9587e+40 1.9551e+41 2.4921e+41 1.4823e+41 1.0717e+42 7.0205e+41
-2.5 0.1 1000.0 -1.2 4.3957e+42 2.9852e+42 8.3947e+42 2.5268e+43 1.1608e+42 9.2613e+40 8.807e+42 2.733e+41 5.5107e+41 4.9035e+41 1.3488e+41 5.6955e+42 2.9246e+42 5.3989e+42 4.8027e+41 1.1814e+42 8.1531e+41 4.9965e+41 5.4785e+42 3.6671e+42
-2.5 0.1 1000.0 -1.4 3.6519e+42 2.5439e+42 7.4632e+42 2.2464e+43 6.1405e+41 6.792e+40 7.4086e+42 2.0043e+41 3.652e+41 3.4679e+41 8.2388e+40 3.9927e+42 2.0528e+42 3.9624e+42 3.5769e+41 8.7958e+41 7.2122e+41 4.4251e+41 4.2294e+42 2.8325e+42
-2.5 0.1 1000.0 -1.7 2.5914e+42 1.8842e+42 5.2906e+42 1.5925e+43 2.179e+41 4.3085e+40 5.4429e+42 1.2714e+41 2e+41 2.0903e+41 3.3208e+40 1.8174e+42 9.3759e+41 2.1561e+42 1.8743e+41 4.6077e+41 5.0021e+41 3.076e+41 2.3964e+42 1.6063e+42
-2.5 0.1 1000.0 -2.0 1.8101e+42 1.3454e+42 3.3687e+42 1.014e+43 8.3814e+40 2.8847e+40 3.8829e+42 8.5126e+40 1.1864e+41 1.3325e+41 1.273e+40 6.3114e+41 3.2999e+41 1.0692e+42 8.6804e+40 2.1337e+41 3.1627e+41 1.9505e+41 1.2177e+42 8.1703e+41
-2.5 0.1 10000.0 -1.2 3.7864e+42 3.238e+42 7.8874e+42 2.3741e+43 1.8755e+42 1.7227e+41 9.6076e+42 5.0837e+41 5.3683e+41 7.0607e+41 6.8443e+39 1.375e+42 7.0082e+41 5.1054e+42 3.3376e+41 8.2186e+41 9.9008e+41 8.1926e+41 4.0834e+42 3.3566e+42
-2.5 0.1 10000.0 -1.4 3.3092e+42 2.7565e+42 6.7489e+42 2.0314e+43 1.1051e+42 1.3357e+41 8.078e+42 3.9418e+41 3.5321e+41 4.9214e+41 3.2323e+39 7.5703e+41 3.8905e+41 3.7569e+42 2.4097e+41 5.934e+41 8.4883e+41 7.0635e+41 3.0532e+42 2.5202e+42
-2.5 0.1 10000.0 -1.7 2.6907e+42 2.0268e+42 4.3101e+42 1.2974e+43 4.9234e+41 9.493e+40 5.8841e+42 2.8014e+41 2.0107e+41 3.0846e+41 6.1559e+38 2.0537e+41 1.0976e+41 2.0351e+42 1.1254e+41 2.7718e+41 5.2256e+41 4.3931e+41 1.5703e+42 1.3051e+42
-2.5 0.1 10000.0 -2.0 2.1963e+42 1.4294e+42 2.2973e+42 6.9148e+42 2.4084e+41 7.3353e+40 4.1365e+42 2.1646e+41 1.2907e+41 2.1507e+41 7.9699e+37 4.8421e+40 2.8805e+40 9.9555e+41 4.3449e+40 1.0704e+41 2.6787e+41 2.2743e+41 7.0857e+41 5.9258e+41
-2.5 0.3 100.0 -1.2 4.1253e+42 2.7026e+42 6.5687e+42 1.9772e+43 1.2449e+42 8.2868e+40 8.0883e+42 2.4454e+41 8.2025e+41 5.8838e+41 2.0489e+41 3.5945e+42 2.044e+42 5.2079e+42 4.3958e+41 1.0817e+42 3.6976e+41 2.189e+41 4.2271e+42 2.7686e+42
-2.5 0.3 100.0 -1.4 3.4146e+42 2.2664e+42 5.94e+42 1.7879e+43 6.6945e+41 6.0279e+40 6.6797e+42 1.7788e+41 5.4549e+41 3.9663e+41 1.4798e+41 2.6742e+42 1.5088e+42 3.8349e+42 3.4474e+41 8.4816e+41 3.38e+41 2.0017e+41 3.3764e+42 2.2115e+42
-2.5 0.3 100.0 -1.7 2.3778e+42 1.6452e+42 4.2912e+42 1.2916e+43 2.365e+41 3.7955e+40 4.7877e+42 1.12e+41 2.9482e+41 2.1891e+41 8.1148e+40 1.4207e+42 7.9172e+41 2.0981e+42 1.9149e+41 4.7095e+41 2.3537e+41 1.3953e+41 1.967e+42 1.2884e+42
-2.5 0.3 100.0 -2.0 1.5937e+42 1.1643e+42 2.763e+42 8.3166e+42 8.2793e+40 2.4617e+40 3.3762e+42 7.2644e+40 1.6589e+41 1.2536e+41 4.3396e+40 6.7262e+41 3.7325e+41 1.0461e+42 9.2318e+40 2.2696e+41 1.4161e+41 8.4108e+40 1.0107e+42 6.6206e+41
-2.5 0.3 1000.0 -1.2 3.8417e+42 2.8592e+42 7.0317e+42 2.1165e+43 1.3662e+42 9.7006e+40 8.5245e+42 2.8626e+41 8.1019e+41 6.7732e+41 1.6116e+41 3.8685e+42 2.1544e+42 5.2946e+42 4.6533e+41 1.1451e+42 3.9844e+41 2.4396e+41 4.4854e+42 3.0008e+42
-2.5 0.3 1000.0 -1.4 3.2057e+42 2.4113e+42 6.3877e+42 1.9227e+43 7.4372e+41 7.1011e+40 7.0794e+42 2.0955e+41 5.1468e+41 4.547e+41 1.0041e+41 2.8632e+42 1.5711e+42 3.8953e+42 3.6535e+41 8.9889e+41 3.7016e+41 2.2686e+41 3.612e+42 2.4176e+42
-2.5 0.3 1000.0 -1.7 2.3006e+42 1.7735e+42 4.6763e+42 1.4076e+43 2.7301e+41 4.4929e+40 5.1427e+42 1.3259e+41 2.6136e+41 2.5379e+41 3.9484e+40 1.4344e+42 7.7759e+41 2.1281e+42 2.0471e+41 5.0352e+41 2.7263e+41 1.674e+41 2.1563e+42 1.4444e+42
-2.5 0.3 1000.0 -2.0 1.6306e+42 1.2704e+42 3.0558e+42 9.1979e+42 1.0314e+41 3.0008e+40 3.6705e+42 8.8555e+40 1.44e+41 1.5238e+41 1.411e+40 5.531e+41 3.0272e+41 1.059e+42 9.928e+40 2.4417e+41 1.7934e+41 1.1039e+41 1.1337e+42 7.6008e+41
-2.5 0.3 10000.0 -1.2 3.3671e+42 3.2159e+42 6.9241e+42 2.0842e+43 2.0665e+42 1.8186e+41 9.6167e+42 5.3666e+41 8.2712e+41 9.8994e+41 7.7539e+39 1.1334e+42 5.956e+41 5.0879e+42 3.2702e+41 8.054e+41 4.955e+41 4.0824e+41 3.3453e+42 2.7417e+42
-2.5 0.3 10000.0 -1.4 2.9582e+42 2.7343e+42 6.0019e+42 1.8066e+43 1.2292e+42 1.4229e+41 8.0654e+42 4.199e+41 5.2826e+41 6.657e+41 3.6315e+39 6.5399e+41 3.4435e+41 3.7459e+42 2.4368e+41 6.0016e+41 4.3616e+41 3.6116e+41 2.564e+42 2.1093e+42
-2.5 0.3 10000.0 -1.7 2.4352e+42 2.0096e+42 3.9101e+42 1.1769e+43 5.5032e+41 1.0153e+41 5.8584e+42 2.9962e+41 2.8157e+41 3.908e+41 6.7856e+38 1.91e+41 1.0291e+41 2.0302e+42 1.1894e+41 2.9299e+41 2.7845e+41 2.3278e+41 1.3649e+42 1.1303e+42
-2.5 0.3 10000.0 -2.0 2.0204e+42 1.4198e+42 2.1211e+42 6.3844e+42 2.6395e+41 7.8262e+40 4.1192e+42 2.3095e+41 1.6846e+41 2.5729e+41 8.6341e+37 4.7149e+40 2.7818e+40 9.9371e+41 4.7668e+40 1.1744e+41 1.476e+41 1.2457e+41 6.3426e+41 5.2843e+41
-2.5 0.5 100.0 -1.2 3.1641e+42 2.5414e+42 4.7715e+42 1.4362e+43 1.2319e+42 8.495e+40 7.7052e+42 2.5069e+41 1.0995e+42 7.8085e+41 2.3463e+41 2.8209e+42 1.6841e+42 5.0397e+42 3.6725e+41 9.0421e+41 9.8502e+40 5.8304e+40 3.0822e+42 2.0187e+42
-2.5 0.5 100.0 -1.4 2.632e+42 2.1131e+42 4.4237e+42 1.3315e+43 6.783e+41 6.1187e+40 6.2996e+42 1.8056e+41 7.068e+41 5.0762e+41 1.7408e+41 2.1808e+42 1.3189e+42 3.7213e+42 3.0832e+41 7.5898e+41 9.5886e+40 5.6769e+40 2.5998e+42 1.7028e+42
-2.5 0.5 100.0 -1.7 1.8575e+42 1.5042e+42 3.3352e+42 1.0039e+43 2.4976e+41 3.8136e+40 4.4068e+42 1.1254e+41 3.6221e+41 2.6521e+41 9.7136e+40 1.2219e+42 7.5263e+41 2.0444e+42 1.9004e+41 4.6769e+41 7.3334e+40 4.3448e+40 1.6452e+42 1.0776e+42
-2.5 0.5 100.0 -2.0 1.264e+42 1.0532e+42 2.2314e+42 6.7165e+42 8.932e+40 2.4654e+40 3.0608e+42 7.2753e+40 1.9321e+41 1.4415e+41 5.1134e+40 6.022e+41 3.7631e+41 1.0233e+42 9.9611e+40 2.4508e+41 4.7343e+40 2.8087e+40 9.034e+41 5.9174e+41
-2.5 0.5 1000.0 -1.2 2.9945e+42 2.7489e+42 5.2977e+42 1.5946e+43 1.3486e+42 9.8768e+40 8.289e+42 2.9146e+41 1.1359e+42 9.0829e+41 1.8937e+41 3.0521e+42 1.8089e+42 5.1927e+42 4.0169e+41 9.8896e+41 1.0993e+41 6.7249e+40 3.3622e+42 2.2483e+42
-2.5 0.5 1000.0 -1.4 2.5168e+42 2.3072e+42 4.9281e+42 1.4833e+43 7.5005e+41 7.2376e+40 6.8413e+42 2.1358e+41 7.0688e+41 5.9114e+41 1.2096e+41 2.3302e+42 1.3844e+42 3.8303e+42 3.3486e+41 8.2432e+41 1.0801e+41 6.6121e+40 2.8401e+42 1.8998e+42
-2.5 0.5 1000.0 -1.7 1.8352e+42 1.68e+42 3.7506e+42 1.1289e+43 2.8587e+41 4.6037e+40 4.8995e+42 1.3586e+41 3.4619e+41 3.1458e+41 4.7449e+40 1.2357e+42 7.2594e+41 2.1001e+42 2.046e+41 5.0355e+41 8.6041e+40 5.2751e+40 1.8151e+42 1.215e+42
-2.5 0.5 1000.0 -2.0 1.3257e+42 1.2023e+42 2.536e+42 7.6334e+42 1.0937e+41 3.0954e+40 3.4811e+42 9.1346e+40 1.8082e+41 1.7945e+41 1.6014e+40 5.1574e+41 2.952e+41 1.0477e+42 1.0619e+41 2.6133e+41 5.9918e+40 3.6808e+40 1.005e+42 6.7329e+41
-2.5 0.5 10000.0 -1.2 2.6687e+42 3.198e+42 5.4791e+42 1.6492e+43 1.95e+42 1.851e+41 9.6421e+42 5.4624e+41 1.1974e+42 1.3205e+42 8.854e+39 9.1397e+41 4.7722e+41 5.069e+42 2.8861e+41 7.1094e+41 1.4105e+41 1.157e+41 2.5305e+42 2.0678e+42
-2.5 0.5 10000.0 -1.4 2.3614e+42 2.7157e+42 4.8147e+42 1.4492e+43 1.1724e+42 1.4667e+41 8.069e+42 4.3283e+41 7.5739e+41 8.7326e+41 4.1396e+39 5.4589e+41 2.8557e+41 3.7338e+42 2.225e+41 5.481e+41 1.2769e+41 1.0519e+41 1.9917e+42 1.6329e+42
-2.5 0.5 10000.0 -1.7 1.971e+42 1.9939e+42 3.2024e+42 9.6392e+42 5.3282e+41 1.0615e+41 5.8415e+42 3.1325e+41 3.94e+41 4.9512e+41 7.6316e+38 1.6781e+41 9.0277e+40 2.0247e+42 1.139e+41 2.8061e+41 8.462e+40 7.0329e+40 1.0995e+42 9.0698e+41
-2.5 0.5 10000.0 -2.0 1.6603e+42 1.4107e+42 1.767e+42 5.3186e+42 2.549e+41 8.2339e+40 4.1055e+42 2.4298e+41 2.2474e+41 3.1137e+41 9.5343e+37 4.3263e+40 2.5292e+40 9.9139e+41 4.7327e+40 1.1662e+41 4.6178e+40 3.8731e+40 5.2462e+41 4.3537e+41
-1.5 0.1 100.0 -1.2 1.0766e+42 2.1697e+42 7.4677e+42 2.2478e+43 7.0992e+41 3.4548e+40 6.3434e+42 1.0195e+41 3.3516e+41 2.3744e+41 6.4308e+41 6.7297e+42 3.5304e+42 5.4342e+42 8.0378e+41 1.9605e+42 4.0898e+41 2.4244e+41 3.441e+42 2.2535e+42
-1.5 0.1 100.0 -1.4 7.5986e+41 1.8119e+42 6.7843e+42 2.0421e+43 3.2464e+41 1.8111e+40 5.2084e+42 5.3445e+40 1.8713e+41 1.3368e+41 4.3154e+41 5.2363e+42 2.6899e+42 3.9501e+42 5.5472e+41 1.3492e+42 3.3242e+41 1.9738e+41 2.6005e+42 1.7031e+42
-1.5 0.1 100.0 -1.7 4.8331e+41 1.3823e+42 4.9698e+42 1.4959e+43 7.5632e+40 7.5151e+39 3.9408e+42 2.2177e+40 7.1875e+40 5.2574e+40 2.0937e+41 2.8932e+42 1.4709e+42 2.1413e+42 2.6355e+41 6.3826e+41 2.1488e+41 1.2815e+41 1.4808e+42 9.6993e+41
-1.5 0.1 100.0 -2.0 3.2995e+41 1.0445e+42 3.2923e+42 9.9097e+42 1.4127e+40 4.1504e+39 2.9823e+42 1.2248e+40 3.0397e+40 2.3035e+40 9.0736e+40 1.4402e+42 7.3787e+41 1.0642e+42 1.1875e+41 2.8669e+41 1.3797e+41 8.2955e+40 8.3e+41 5.4375e+41
-1.5 0.1 1000.0 -1.2 1.6702e+42 2.8112e+42 1.0139e+43 3.0517e+43 1.0922e+42 7.2874e+40 8.2137e+42 2.1505e+41 4.6985e+41 3.8122e+41 3.7673e+41 9.7027e+42 5.0251e+42 5.7198e+42 8.6761e+41 2.1226e+42 6.2845e+41 3.8494e+41 5.863e+42 3.9181e+42
-1.5 0.1 1000.0 -1.4 1.3179e+42 2.4059e+42 9.0164e+42 2.7139e+43 5.5574e+41 4.4205e+40 6.9245e+42 1.3045e+41 2.7657e+41 2.3267e+41 1.8648e+41 6.8494e+42 3.528e+42 4.1274e+42 5.8887e+41 1.4397e+42 5.6471e+41 3.4654e+41 4.5728e+42 3.0587e+42
-1.5 0.1 1000.0 -1.7 1.019e+42 1.83e+42 6.3442e+42 1.9096e+43 1.7438e+41 2.192e+40 5.2232e+42 6.4686e+40 1.2222e+41 1.1398e+41 5.1776e+40 2.916e+42 1.512e+42 2.2053e+42 2.7395e+41 6.7003e+41 4.377e+41 2.6945e+41 2.6823e+42 1.7967e+42
-1.5 0.1 1000.0 -2.0 8.5482e+41 1.3384e+42 3.9773e+42 1.1972e+43 5.4603e+40 1.3904e+40 3.8218e+42 4.1031e+40 6.4657e+40 6.8954e+40 1.6804e+40 9.0823e+41 4.7637e+41 1.0828e+42 1.1616e+41 2.845e+41 3.1668e+41 1.9564e+41 1.3923e+42 9.338e+41
-1.5 0.1 10000.0 -1.2 3.5997e+42 3.3793e+42 8.4525e+42 2.5442e+43 2.4296e+42 2.0806e+41 1.0026e+43 6.1399e+41 7.3096e+41 9.1017e+41 8.008e+39 1.5663e+42 7.9834e+41 5.1858e+42 3.7275e+41 9.1771e+41 1.0397e+42 8.5882e+41 4.4278e+42 3.6343e+42
-2.0 0.1 100.0 -1.2 2.3293e+42 2.6588e+42 8.6573e+42 2.6058e+43 9.2389e+41 5.1537e+40 7.8086e+42 1.5208e+41 4.5959e+41 3.285e+41 4.1711e+41 7.5525e+42 4.0089e+42 5.5395e+42 6.7432e+41 1.6536e+42 6.1812e+41 3.6615e+41 5.2057e+42 3.4094e+42
-1.5 0.1 10000.0 -1.4 3.0945e+42 2.838e+42 7.1717e+42 2.1587e+43 1.3298e+42 1.4568e+41 8.2965e+42 4.2991e+41 4.3051e+41 5.659e+41 3.6915e+39 8.4054e+41 4.3169e+41 3.7909e+42 2.6392e+41 6.4982e+41 8.8934e+41 7.3911e+41 3.2608e+42 2.6889e+42
-2.0 0.1 100.0 -1.4 1.8025e+42 2.2355e+42 7.6466e+42 2.3016e+43 4.33e+41 3.1482e+40 6.4681e+42 9.2903e+40 2.7494e+41 1.9935e+41 2.8059e+41 5.4098e+42 2.8535e+42 4.0266e+42 4.7442e+41 1.1622e+42 5.2592e+41 3.1182e+41 3.8547e+42 2.5247e+42
-2.0 0.1 100.0 -1.7 1.1931e+42 1.6578e+42 5.343e+42 1.6082e+43 1.1437e+41 1.6624e+40 4.7587e+42 4.9057e+40 1.2794e+41 9.5281e+40 1.3763e+41 2.7294e+42 1.4211e+42 2.1722e+42 2.3003e+41 5.6262e+41 3.4119e+41 2.0282e+41 2.0614e+42 1.3503e+42
-2.0 0.1 100.0 -2.0 7.8481e+41 1.1961e+42 3.3831e+42 1.0183e+43 2.9985e+40 1.0132e+40 3.4375e+42 2.9899e+40 6.6392e+40 5.0638e+40 6.5143e+40 1.2419e+42 6.4747e+41 1.0722e+42 1.0294e+41 2.5142e+41 2.0411e+41 1.2197e+41 1.033e+42 6.7673e+41
-2.0 0.1 1000.0 -1.2 2.4432e+42 2.904e+42 9.6029e+42 2.8905e+43 1.1077e+42 7.4897e+40 8.5126e+42 2.2102e+41 4.8977e+41 4.0792e+41 2.7612e+41 8.4998e+42 4.4479e+42 5.6302e+42 7.0733e+41 1.7355e+42 7.0645e+41 4.3278e+41 6.0367e+42 4.0366e+42
-2.0 0.1 1000.0 -1.4 1.9566e+42 2.4688e+42 8.5359e+42 2.5693e+43 5.5084e+41 4.7756e+40 7.1312e+42 1.4093e+41 2.891e+41 2.5432e+41 1.4797e+41 5.9155e+42 3.0878e+42 4.0854e+42 5.0087e+41 1.2282e+42 6.3035e+41 3.8677e+41 4.6237e+42 3.094e+42
-2.0 0.1 1000.0 -1.7 1.4218e+42 1.8499e+42 6.0366e+42 1.817e+43 1.7387e+41 2.6104e+40 5.2989e+42 7.7034e+40 1.3511e+41 1.329e+41 4.6492e+40 2.5809e+42 1.3435e+42 2.1937e+42 2.453e+41 6.0129e+41 4.6316e+41 2.8499e+41 2.6365e+42 1.7664e+42
-2.0 0.1 1000.0 -2.0 1.0802e+42 1.3381e+42 3.8185e+42 1.1494e+43 5.8791e+40 1.7107e+40 3.8351e+42 5.0484e+40 7.5437e+40 8.2579e+40 1.5875e+40 8.339e+41 4.3708e+41 1.0791e+42 1.0768e+41 2.6407e+41 3.1831e+41 1.9654e+41 1.3521e+42 9.0689e+41
-2.0 0.1 10000.0 -1.2 3.6065e+42 3.3289e+42 8.3525e+42 2.5141e+43 2.2074e+42 1.933e+41 9.8748e+42 5.7042e+41 6.3899e+41 8.1029e+41 7.8026e+39 1.5309e+42 7.8026e+41 5.173e+42 3.657e+41 9.0039e+41 1.0311e+42 8.5193e+41 4.3664e+42 3.585e+42
-2.0 0.1 10000.0 -1.4 3.1221e+42 2.8108e+42 7.1024e+42 2.1378e+43 1.2459e+42 1.4043e+41 8.2198e+42 4.1441e+41 3.9405e+41 5.2818e+41 3.6187e+39 8.2637e+41 4.2446e+41 3.788e+42 2.5994e+41 6.4004e+41 8.8241e+41 7.3352e+41 3.2256e+42 2.6604e+42
-2.0 0.1 10000.0 -1.7 2.5801e+42 2.0484e+42 4.4705e+42 1.3456e+43 5.1792e+41 9.4157e+40 5.9282e+42 2.7786e+41 2.0533e+41 3.0752e+41 6.648e+38 2.1638e+41 1.1555e+41 2.0382e+42 1.1823e+41 2.9118e+41 5.3808e+41 4.5212e+41 1.6265e+42 1.3514e+42
-1.5 0.1 10000.0 -1.7 2.56e+42 2.0592e+42 4.4994e+42 1.3543e+43 5.2971e+41 9.4499e+40 5.9522e+42 2.7887e+41 2.099e+41 3.113e+41 6.7243e+38 2.1835e+41 1.1658e+41 2.0352e+42 1.1935e+41 2.9394e+41 5.4113e+41 4.5462e+41 1.6373e+42 1.3602e+42
-2.0 0.1 10000.0 -2.0 2.1521e+42 1.4342e+42 2.3506e+42 7.0752e+42 2.4152e+41 7.2095e+40 4.1467e+42 2.1275e+41 1.2741e+41 2.1046e+41 8.3229e+37 4.9794e+40 2.9657e+40 9.9161e+41 4.4791e+40 1.1034e+41 2.7298e+41 2.317e+41 7.2389e+41 6.0528e+41
-2.0 0.3 100.0 -1.2 1.9267e+42 2.215e+42 5.8011e+42 1.7461e+43 1.0908e+42 5.5245e+40 6.654e+42 1.6303e+41 6.3047e+41 4.4558e+41 4.5338e+41 3.7268e+42 2.4113e+42 5.1148e+42 5.5755e+41 1.3697e+42 2.4283e+41 1.4379e+41 3.7759e+42 2.4729e+42
-2.0 0.3 100.0 -1.4 1.4643e+42 1.7905e+42 5.3922e+42 1.6231e+43 5.5074e+41 3.2858e+40 5.2677e+42 9.6963e+40 3.7103e+41 2.6475e+41 3.2107e+41 2.8127e+42 1.7558e+42 3.7549e+42 4.407e+41 1.0819e+42 2.3093e+41 1.3682e+41 3.0527e+42 1.9993e+42
-2.0 0.3 100.0 -1.7 9.5895e+41 1.2828e+42 4.0402e+42 1.2161e+43 1.6692e+41 1.6405e+40 3.7077e+42 4.841e+40 1.6274e+41 1.1862e+41 1.6507e+41 1.5262e+42 9.1646e+41 2.0579e+42 2.4163e+41 5.9248e+41 1.6724e+41 9.9256e+40 1.7863e+42 1.17e+42
-2.0 0.3 100.0 -2.0 6.3407e+41 9.2786e+41 2.6882e+42 8.0916e+42 4.6078e+40 9.5952e+39 2.67e+42 2.8315e+40 7.6425e+40 5.7135e+40 7.8634e+40 7.5444e+41 4.4173e+41 1.0313e+42 1.147e+41 2.8091e+41 1.0522e+41 6.2671e+40 9.3253e+41 6.1084e+41
-2.0 0.3 1000.0 -1.2 2.1254e+42 2.6456e+42 7.532e+42 2.2671e+43 1.2732e+42 7.5982e+40 7.8758e+42 2.2422e+41 7.1276e+41 5.6724e+41 3.2825e+41 4.6999e+42 2.8411e+42 5.4575e+42 6.607e+41 1.6231e+42 3.2308e+41 1.9769e+41 4.8375e+42 3.2327e+42
-2.0 0.3 1000.0 -1.4 1.6992e+42 2.2152e+42 6.9489e+42 2.0916e+43 6.6763e+41 4.9345e+40 6.4741e+42 1.4562e+41 4.2159e+41 3.4879e+41 1.8322e+41 3.5746e+42 2.0357e+42 3.9856e+42 5.0334e+41 1.2359e+42 3.1031e+41 1.9012e+41 3.9179e+42 2.6199e+42
-2.0 0.3 1000.0 -1.7 1.2441e+42 1.6573e+42 5.1674e+42 1.5554e+43 2.2844e+41 2.7578e+40 4.7757e+42 8.1382e+40 1.8988e+41 1.7206e+41 5.7117e+40 1.8237e+42 9.8873e+41 2.1584e+42 2.6576e+41 6.5233e+41 2.4586e+41 1.51e+41 2.3613e+42 1.5808e+42
-2.0 0.3 1000.0 -2.0 9.6027e+41 1.2196e+42 3.3934e+42 1.0214e+43 7.9556e+40 1.8067e+40 3.504e+42 5.3317e+40 9.7151e+40 9.8421e+40 1.7776e+40 6.8705e+41 3.7901e+41 1.067e+42 1.2202e+41 2.9956e+41 1.7712e+41 1.091e+41 1.2494e+42 8.3737e+41
-2.0 0.3 10000.0 -1.2 3.2089e+42 3.2834e+42 7.3234e+42 2.2044e+43 2.399e+42 2.0162e+41 9.834e+42 5.9497e+41 9.6766e+41 1.1286e+42 8.8333e+39 1.2534e+42 6.6244e+41 5.1559e+42 3.5789e+41 8.8133e+41 5.1512e+41 4.2377e+41 3.5734e+42 2.9251e+42
-1.5 0.1 10000.0 -2.0 2.1445e+42 1.435e+42 2.3566e+42 7.0933e+42 2.4229e+41 7.191e+40 4.1466e+42 2.1221e+41 1.274e+41 2.0993e+41 8.3434e+37 4.998e+40 2.9749e+40 9.8777e+41 4.4989e+40 1.1083e+41 2.7374e+41 2.3232e+41 7.2612e+41 6.0711e+41
-2.0 0.3 10000.0 -1.4 2.7924e+42 2.7689e+42 6.3115e+42 1.8998e+43 1.3913e+42 1.5028e+41 8.1662e+42 4.4347e+41 6.0058e+41 7.3066e+41 4.061e+39 7.1224e+41 3.7615e+41 3.7768e+42 2.6278e+41 6.4714e+41 4.5297e+41 3.7467e+41 2.7081e+42 2.226e+42
-2.0 0.3 10000.0 -1.7 2.3334e+42 2.0228e+42 4.0546e+42 1.2204e+43 5.892e+41 1.0171e+41 5.886e+42 3.0015e+41 2.983e+41 4.0113e+41 7.3173e+38 2.0139e+41 1.0852e+41 2.0334e+42 1.2491e+41 3.0767e+41 2.8641e+41 2.393e+41 1.4133e+42 1.1699e+42
-2.0 0.3 10000.0 -2.0 1.9779e+42 1.4234e+42 2.17e+42 6.5316e+42 2.6898e+41 7.7257e+40 4.1261e+42 2.2798e+41 1.6944e+41 2.5498e+41 9.0104e+37 4.8523e+40 2.8645e+40 9.8985e+41 4.9095e+40 1.2096e+41 1.5022e+41 1.2675e+41 6.4746e+41 5.3932e+41
-2.0 0.5 100.0 -1.2 1.4328e+42 1.9615e+42 3.54e+42 1.0655e+43 1.0305e+42 5.7216e+40 6.0263e+42 1.6884e+41 7.9749e+41 5.602e+41 4.7894e+41 2.8764e+42 1.9676e+42 4.739e+42 3.8772e+41 9.5375e+41 5.1878e+40 3.0711e+40 2.4113e+42 1.5791e+42
-2.0 0.5 100.0 -1.4 1.0766e+42 1.5344e+42 3.434e+42 1.0336e+43 5.4196e+41 3.3546e+40 4.6031e+42 9.8995e+40 4.711e+41 3.3307e+41 3.5986e+41 2.2513e+42 1.5871e+42 3.5078e+42 3.4347e+41 8.4453e+41 5.4897e+40 3.251e+40 2.1283e+42 1.3939e+42
-2.0 0.5 100.0 -1.7 7.0259e+41 1.0564e+42 2.779e+42 8.3648e+42 1.7917e+41 1.6161e+40 3.0884e+42 4.7691e+40 2.0394e+41 1.4653e+41 1.964e+41 1.2746e+42 9.2803e+41 1.9496e+42 2.2319e+41 5.4836e+41 4.6647e+40 2.7654e+40 1.4168e+42 9.279e+41
-2.0 0.5 100.0 -2.0 4.695e+41 7.5106e+41 1.9763e+42 5.9488e+42 5.457e+40 9.2205e+39 2.1692e+42 2.721e+40 9.2616e+40 6.8002e+40 9.5239e+40 6.4303e+41 4.716e+41 9.9094e+41 1.187e+41 2.9138e+41 3.2442e+40 1.9278e+40 8.0389e+41 5.2653e+41
-2.0 0.5 1000.0 -1.2 1.6439e+42 2.4689e+42 5.3328e+42 1.6052e+43 1.1974e+42 7.4706e+40 7.466e+42 2.2046e+41 9.3691e+41 7.2433e+41 3.8147e+41 3.7722e+42 2.5414e+42 5.2924e+42 5.4353e+41 1.3368e+42 8.2766e+40 5.0594e+40 3.5204e+42 2.3513e+42
-2.0 0.5 1000.0 -1.4 1.3192e+42 2.0382e+42 5.1134e+42 1.5391e+43 6.4867e+41 4.8762e+40 6.0349e+42 1.439e+41 5.5886e+41 4.4506e+41 2.2272e+41 2.8716e+42 1.9359e+42 3.8875e+42 4.5082e+41 1.1084e+42 8.6644e+40 5.3012e+40 3.0448e+42 2.0346e+42
-2.0 0.5 1000.0 -1.7 9.8019e+41 1.5108e+42 4.0339e+42 1.2142e+43 2.3744e+41 2.7838e+40 4.3858e+42 8.2151e+40 2.5517e+41 2.1819e+41 7.0757e+40 1.5224e+42 9.904e+41 2.1226e+42 2.648e+41 6.5083e+41 7.6323e+40 4.6786e+40 1.9891e+42 1.3305e+42
-1.5 0.3 100.0 -1.2 9.2969e+41 1.6331e+42 3.5589e+42 1.0712e+43 8.3611e+41 4.0261e+40 4.9733e+42 1.1881e+41 4.3232e+41 3.0385e+41 6.1441e+41 2.5947e+42 1.8544e+42 4.6307e+42 4.8993e+41 1.2014e+42 1.1837e+41 7.0106e+40 2.0516e+42 1.3435e+42
-2.0 0.5 1000.0 -2.0 7.7245e+41 1.1197e+42 2.7736e+42 8.3486e+42 8.7341e+40 1.8613e+40 3.2261e+42 5.4928e+40 1.2748e+41 1.2024e+41 2.0467e+40 6.3491e+41 3.8533e+41 1.0542e+42 1.3033e+41 3.2035e+41 5.8681e+40 3.6058e+40 1.1073e+42 7.4154e+41
-2.0 0.5 10000.0 -1.2 2.5373e+42 3.2417e+42 5.7884e+42 1.7423e+43 2.1792e+42 1.9953e+41 9.7974e+42 5.888e+41 1.3026e+42 1.4228e+42 1.0086e+40 1.0154e+42 5.3208e+41 5.136e+42 3.1562e+41 7.7741e+41 1.4648e+41 1.1997e+41 2.7015e+42 2.2048e+42
-2.0 0.5 10000.0 -1.4 2.2268e+42 2.737e+42 5.0604e+42 1.5232e+43 1.2978e+42 1.5274e+41 8.1394e+42 4.5073e+41 8.2577e+41 9.3266e+41 4.6258e+39 5.9655e+41 3.1255e+41 3.7642e+42 2.4002e+41 5.9121e+41 1.326e+41 1.0911e+41 2.1045e+42 1.7239e+42
-2.0 0.5 10000.0 -1.7 1.8882e+42 1.9993e+42 3.3214e+42 9.9974e+42 5.7374e+41 1.0656e+41 5.8531e+42 3.1445e+41 4.217e+41 5.1467e+41 8.2178e+38 1.7719e+41 9.5321e+40 2.028e+42 1.1967e+41 2.9481e+41 8.7058e+40 7.2312e+40 1.1393e+42 9.394e+41
-2.0 0.5 10000.0 -2.0 1.6252e+42 1.4114e+42 1.8082e+42 5.4426e+42 2.635e+41 8.1563e+40 4.1049e+42 2.4069e+41 2.3114e+41 3.1352e+41 9.9403e+37 4.4534e+40 2.6029e+40 9.8763e+41 4.8735e+40 1.2008e+41 4.6992e+40 3.9402e+40 5.3565e+41 4.4442e+41
-1.5 0.3 100.0 -1.4 6.1387e+41 1.2493e+42 3.594e+42 1.0818e+43 4.2474e+41 2.0732e+40 3.6966e+42 6.118e+40 2.4798e+41 1.7509e+41 4.5662e+41 2.1186e+42 1.4419e+42 3.4553e+42 4.2344e+41 1.0367e+42 1.2093e+41 7.1679e+40 1.8113e+42 1.1862e+42
-1.5 0.3 100.0 -1.7 3.6631e+41 8.912e+41 3.0804e+42 9.272e+42 1.2597e+41 7.8674e+39 2.5665e+42 2.3217e+40 9.9863e+40 7.1478e+40 2.4231e+41 1.3533e+42 8.3419e+41 1.9526e+42 2.5334e+41 6.1842e+41 9.4759e+40 5.6315e+40 1.1944e+42 7.8228e+41
-1.5 0.3 100.0 -2.0 2.4993e+41 6.8784e+41 2.2815e+42 6.8674e+42 3.1322e+40 3.9541e+39 1.9675e+42 1.1669e+40 4.0765e+40 2.9916e+40 1.0956e+41 7.5672e+41 4.4684e+41 1.0048e+42 1.2419e+41 3.0232e+41 6.4956e+40 3.8809e+40 7.0065e+41 4.5894e+41
-1.5 0.3 1000.0 -1.2 1.4818e+42 2.4843e+42 7.5482e+42 2.272e+43 1.1952e+42 6.8765e+40 7.3977e+42 2.0292e+41 6.3455e+41 4.9871e+41 4.4404e+41 4.713e+42 2.9758e+42 5.5066e+42 7.8388e+41 1.9223e+42 2.7634e+41 1.6904e+41 4.6336e+42 3.0944e+42
-1.5 0.3 1000.0 -1.4 1.1616e+42 2.0865e+42 7.0803e+42 2.1312e+43 6.4633e+41 4.335e+40 6.0877e+42 1.2793e+41 3.8559e+41 3.1067e+41 2.3142e+41 3.729e+42 2.1579e+42 4.0107e+42 5.8184e+41 1.426e+42 2.7255e+41 1.6697e+41 3.8527e+42 2.575e+42
-1.5 0.3 1000.0 -1.7 8.9841e+41 1.5959e+42 5.3295e+42 1.6042e+43 2.2821e+41 2.3186e+40 4.5899e+42 6.8421e+40 1.7616e+41 1.528e+41 6.4171e+40 1.9495e+42 1.0538e+42 2.1668e+42 2.9406e+41 7.2069e+41 2.2976e+41 1.4114e+41 2.3904e+42 1.5999e+42
-1.5 0.3 1000.0 -2.0 7.6168e+41 1.1987e+42 3.501e+42 1.0538e+43 7.7337e+40 1.4991e+40 3.4372e+42 4.4239e+40 8.738e+40 8.5552e+40 1.8839e+40 7.2902e+41 4.0139e+41 1.0702e+42 1.3072e+41 3.2063e+41 1.7492e+41 1.0778e+41 1.2803e+42 8.5803e+41
-1.5 0.3 10000.0 -1.2 3.2073e+42 3.3206e+42 7.408e+42 2.2298e+43 2.6289e+42 2.1423e+41 9.9537e+42 6.322e+41 1.0845e+42 1.2511e+42 9.0662e+39 1.2794e+42 6.7721e+41 5.1666e+42 3.6473e+41 8.9814e+41 5.1928e+41 4.2706e+41 3.6239e+42 2.9655e+42
-1.5 0.3 10000.0 -1.4 2.7706e+42 2.7875e+42 6.3715e+42 1.9178e+43 1.4984e+42 1.561e+41 8.2243e+42 4.6066e+41 6.6357e+41 7.9333e+41 4.1403e+39 7.2343e+41 3.823e+41 3.7796e+42 2.6669e+41 6.5674e+41 4.5625e+41 3.7729e+41 2.7368e+42 2.2492e+42
-1.5 0.3 10000.0 -1.7 2.3159e+42 2.0287e+42 4.0798e+42 1.228e+43 6.0983e+41 1.0258e+41 5.9012e+42 3.027e+41 3.1179e+41 4.1325e+41 7.3957e+38 2.0307e+41 1.094e+41 2.0304e+42 1.2601e+41 3.1039e+41 2.8784e+41 2.4047e+41 1.422e+42 1.177e+42
-1.5 0.3 10000.0 -2.0 1.9712e+42 1.4244e+42 2.1755e+42 6.5484e+42 2.7114e+41 7.717e+40 4.1265e+42 2.2773e+41 1.7066e+41 2.5555e+41 9.0293e+37 4.8664e+40 2.8715e+40 9.8599e+41 4.9299e+40 1.2146e+41 1.5061e+41 1.2706e+41 6.4938e+41 5.4089e+41
-1.5 0.5 100.0 -1.2 7.202e+41 1.4248e+42 1.7198e+42 5.1766e+42 7.5145e+41 4.3483e+40 4.473e+42 1.2832e+41 5.0627e+41 3.5446e+41 5.5906e+41 1.8581e+42 1.3369e+42 4.0276e+42 2.5148e+41 6.1823e+41 1.8299e+40 1.0834e+40 1.0975e+42 7.1868e+41
-1.5 0.5 100.0 -1.4 4.6142e+41 1.0469e+42 1.8475e+42 5.5608e+42 4.0076e+41 2.26e+40 3.1917e+42 6.6693e+40 2.9599e+41 2.0781e+41 4.6095e+41 1.5772e+42 1.1881e+42 3.0615e+42 2.5467e+41 6.2555e+41 2.2217e+40 1.316e+40 1.0814e+42 7.0816e+41
-1.5 0.5 100.0 -1.7 2.6452e+41 6.8795e+41 1.81e+42 5.4481e+42 1.3158e+41 8.2271e+39 2.0165e+42 2.4278e+40 1.2223e+41 8.6647e+40 2.7696e+41 1.0172e+42 7.9995e+41 1.7879e+42 2.0445e+41 5.0133e+41 2.3334e+40 1.3842e+40 8.7676e+41 5.7418e+41
-1.5 0.5 100.0 -2.0 1.8008e+41 5.1361e+41 1.519e+42 4.5721e+42 3.8687e+40 3.8774e+39 1.4764e+42 1.1442e+40 5.193e+40 3.7472e+40 1.3254e+41 5.9336e+41 4.5113e+41 9.4884e+41 1.2114e+41 2.965e+41 1.8815e+40 1.1199e+40 5.8127e+41 3.807e+41
-1.5 0.5 1000.0 -1.2 1.1596e+42 2.2962e+42 5.1225e+42 1.5419e+43 1.0716e+42 6.5789e+40 6.9665e+42 1.9414e+41 7.7189e+41 5.9399e+41 5.0884e+41 3.8219e+42 2.7352e+42 5.3073e+42 6.2078e+41 1.5253e+42 6.7535e+40 4.1266e+40 3.3125e+42 2.2109e+42
-1.5 0.5 1000.0 -1.4 9.1005e+41 1.8874e+42 5.0591e+42 1.5228e+43 5.9759e+41 4.1308e+40 5.5893e+42 1.219e+41 4.7738e+41 3.7474e+41 2.8156e+41 2.9406e+42 2.0957e+42 3.8972e+42 5.1182e+41 1.257e+42 7.4417e+40 4.5517e+40 2.976e+42 1.9877e+42
-1.5 0.5 1000.0 -1.7 7.1129e+41 1.4308e+42 4.1009e+42 1.2344e+43 2.2769e+41 2.2853e+40 4.1472e+42 6.7439e+40 2.2726e+41 1.8901e+41 8.0177e+40 1.5845e+42 1.0729e+42 2.1283e+42 2.9151e+41 7.158e+41 7.0884e+40 4.3451e+40 2.0113e+42 1.345e+42
-1.5 0.5 1000.0 -2.0 6.1375e+41 1.0873e+42 2.8416e+42 8.5532e+42 8.4942e+40 1.5437e+40 3.128e+42 4.5555e+40 1.1603e+41 1.0618e+41 2.1777e+40 6.6695e+41 4.1443e+41 1.057e+42 1.3922e+41 3.4198e+41 5.7763e+40 3.55e+40 1.1333e+42 7.5882e+41
-1.5 0.5 10000.0 -1.2 2.5329e+42 3.2694e+42 5.8527e+42 1.7617e+43 2.3462e+42 2.0817e+41 9.8922e+42 6.1431e+41 1.3976e+42 1.523e+42 1.0344e+40 1.0365e+42 5.4367e+41 5.1463e+42 3.2143e+41 7.9168e+41 1.4755e+41 1.2081e+41 2.7379e+42 2.2338e+42
-1.5 0.5 10000.0 -1.4 2.2089e+42 2.7497e+42 5.1076e+42 1.5374e+43 1.3852e+42 1.5705e+41 8.182e+42 4.6344e+41 8.8843e+41 9.9404e+41 4.7131e+39 6.0633e+41 3.1776e+41 3.767e+42 2.435e+41 5.9977e+41 1.3351e+41 1.0983e+41 2.1262e+42 1.7413e+42
-1.5 0.5 10000.0 -1.7 1.874e+42 2.0021e+42 3.3419e+42 1.0059e+43 5.973e+41 1.0751e+41 5.8618e+42 3.1727e+41 4.4324e+41 5.338e+41 8.3005e+38 1.7868e+41 9.6097e+40 2.0251e+42 1.2071e+41 2.9736e+41 8.7469e+40 7.2644e+40 1.1461e+42 9.4498e+41
-1.5 0.5 10000.0 -2.0 1.6197e+42 1.4115e+42 1.8122e+42 5.4547e+42 2.676e+41 8.1591e+40 4.1037e+42 2.4077e+41 2.3552e+41 3.1684e+41 9.9541e+37 4.4609e+40 2.6069e+40 9.8377e+41 4.8883e+40 1.2045e+41 4.7069e+40 3.9464e+40 5.3682e+41 4.4538e+41
-3.5 0.1 100.0 -1.2 1.2091e+43 2.9031e+42 3.7988e+42 1.1434e+43 1.3912e+42 1.9553e+41 8.6775e+42 5.7702e+41 1.5976e+42 1.1868e+42 1.6883e+40 6.9436e+41 3.5579e+41 4.2271e+42 1.139e+41 2.8066e+41 5.6749e+41 3.3604e+41 1.9909e+42 1.3042e+42
-3.5 0.1 100.0 -1.4 1.0717e+43 2.5586e+42 3.3183e+42 9.988e+42 9.5e+41 1.7107e+41 7.58e+42 5.0483e+41 1.3397e+42 1.0023e+42 1.459e+40 5.1973e+41 2.6884e+41 3.2176e+42 8.9455e+40 2.2042e+41 4.8931e+41 2.8979e+41 1.5998e+42 1.048e+42
-3.5 0.1 100.0 -1.7 7.8736e+42 1.9213e+42 2.3006e+42 6.9249e+42 5.0018e+41 1.2567e+41 5.6417e+42 3.7085e+41 9.2576e+41 6.9868e+41 1.0699e+40 2.8289e+41 1.5007e+41 1.8346e+42 5.1475e+40 1.2683e+41 3.227e+41 1.9119e+41 9.6537e+41 6.3242e+41
-3.5 0.1 100.0 -2.0 5.3472e+42 1.3653e+42 1.4257e+42 4.2913e+42 2.6405e+41 8.6523e+40 3.9908e+42 2.5533e+41 6.0693e+41 4.611e+41 7.1553e+39 1.3834e+41 7.6972e+40 9.4459e+41 2.5807e+40 6.3587e+40 1.856e+41 1.1004e+41 5.1494e+41 3.3736e+41
-3.5 0.1 1000.0 -1.2 1.0744e+43 2.938e+42 3.8801e+42 1.1679e+43 1.4857e+42 1.9923e+41 8.7538e+42 5.8791e+41 1.2749e+42 1.2645e+42 1.3742e+40 7.2457e+41 3.7086e+41 4.2144e+42 1.2044e+41 2.9678e+41 5.8981e+41 3.6241e+41 2.0721e+42 1.3899e+42
-3.5 0.1 1000.0 -1.4 9.5431e+42 2.5838e+42 3.4036e+42 1.0245e+43 1.0118e+42 1.7442e+41 7.6264e+42 5.147e+41 1.0344e+42 1.0623e+42 1.0361e+40 5.3823e+41 2.7789e+41 3.2069e+42 9.5604e+40 2.3557e+41 5.1429e+41 3.1617e+41 1.68e+42 1.1272e+42
-3.5 0.1 1000.0 -1.7 7.0552e+42 1.9368e+42 2.3802e+42 7.1644e+42 5.2992e+41 1.285e+41 5.6623e+42 3.7921e+41 6.8639e+41 7.3769e+41 5.1909e+39 2.8073e+41 1.4851e+41 1.8271e+42 5.6135e+40 1.3832e+41 3.4694e+41 2.135e+41 1.0307e+42 6.9188e+41
-3.5 0.1 1000.0 -2.0 4.8348e+42 1.3754e+42 1.4906e+42 4.4867e+42 2.7794e+41 8.8975e+40 3.9998e+42 2.6257e+41 4.3714e+41 4.8703e+41 1.8951e+39 1.2245e+41 6.8182e+40 9.3941e+41 2.8776e+40 7.0904e+40 2.0519e+41 1.2644e+41 5.591e+41 3.7549e+41
-3.5 0.1 10000.0 -1.2 5.7528e+42 3.0095e+42 3.9333e+42 1.1839e+43 1.7727e+42 2.0614e+41 8.946e+42 6.0831e+41 7.1739e+41 1.0496e+42 1.2404e+39 3.4203e+41 1.7668e+41 4.115e+42 1.2112e+41 2.9845e+41 5.5868e+41 4.6792e+41 1.8763e+42 1.5539e+42
-3.5 0.1 10000.0 -1.4 5.1151e+42 2.6414e+42 3.4248e+42 1.0309e+43 1.2112e+42 1.8046e+41 7.776e+42 5.3253e+41 5.424e+41 8.2633e+41 6.6268e+38 2.182e+41 1.1467e+41 3.1204e+42 9.4538e+40 2.3296e+41 4.8552e+41 4.0797e+41 1.5025e+42 1.2474e+42
-3.5 0.1 10000.0 -1.7 3.867e+42 1.978e+42 2.3094e+42 6.9513e+42 6.4455e+41 1.3512e+41 5.7648e+42 3.9874e+41 3.3171e+41 5.361e+41 1.5994e+38 8.0255e+40 4.4628e+40 1.7574e+42 5.1531e+40 1.2698e+41 3.1823e+41 2.6907e+41 8.8215e+41 7.3551e+41
-3.5 0.1 10000.0 -2.0 2.7712e+42 1.4031e+42 1.3235e+42 3.9838e+42 3.4819e+41 9.7222e+40 4.0655e+42 2.869e+41 2.0208e+41 3.4406e+41 2.6272e+37 2.6078e+40 1.5876e+40 8.8409e+41 2.2986e+40 5.6644e+40 1.7796e+41 1.5151e+41 4.4996e+41 3.7683e+41
-3.5 0.3 100.0 -1.2 1.0958e+43 2.9008e+42 3.3846e+42 1.0188e+43 1.5827e+42 2.0539e+41 8.7152e+42 6.0611e+41 1.9536e+42 1.4368e+42 1.8661e+40 5.8945e+41 3.0448e+41 4.2027e+42 1.1525e+41 2.8399e+41 2.947e+41 1.7449e+41 1.6764e+42 1.0981e+42
-3.5 0.3 100.0 -1.4 9.827e+42 2.5568e+42 2.9929e+42 9.0088e+42 1.0651e+42 1.8013e+41 7.612e+42 5.3155e+41 1.5924e+42 1.1808e+42 1.5983e+40 4.5488e+41 2.3713e+41 3.1987e+42 9.3639e+40 2.3074e+41 2.6219e+41 1.5526e+41 1.3858e+42 9.0779e+41
-3.5 0.3 100.0 -1.7 7.3745e+42 1.9106e+42 2.1176e+42 6.374e+42 5.4383e+41 1.3334e+41 5.6302e+42 3.9349e+41 1.0672e+42 7.9985e+41 1.1448e+40 2.5977e+41 1.3871e+41 1.8236e+42 5.6927e+40 1.4028e+41 1.8203e+41 1.0783e+41 8.7579e+41 5.7372e+41
-3.5 0.3 100.0 -2.0 5.1226e+42 1.3529e+42 1.339e+42 4.0303e+42 2.7544e+41 9.2774e+40 3.9629e+42 2.7378e+41 6.8508e+41 5.1789e+41 7.4768e+39 1.3308e+41 7.4251e+40 9.3864e+41 3.0139e+40 7.4266e+40 1.1016e+41 6.5287e+40 4.8917e+41 3.2046e+41
-3.5 0.3 1000.0 -1.2 9.6786e+42 2.9417e+42 3.4429e+42 1.0363e+43 1.6865e+42 2.0874e+41 8.8105e+42 6.16e+41 1.6356e+42 1.5371e+42 1.531e+40 6.1072e+41 3.1504e+41 4.1945e+42 1.2023e+41 2.9626e+41 3.021e+41 1.8551e+41 1.725e+42 1.1566e+42
-3.5 0.3 1000.0 -1.4 8.6857e+42 2.5857e+42 3.0544e+42 9.1937e+42 1.1307e+42 1.8308e+41 7.6704e+42 5.4028e+41 1.2827e+42 1.2536e+42 1.1482e+40 4.6755e+41 2.4323e+41 3.1916e+42 9.8446e+40 2.4259e+41 2.7107e+41 1.6652e+41 1.4352e+42 9.6252e+41
-3.5 0.3 1000.0 -1.7 6.5401e+42 1.9295e+42 2.1744e+42 6.5451e+42 5.7512e+41 1.3575e+41 5.6623e+42 4.0059e+41 8.1848e+41 8.438e+41 5.6585e+39 2.5589e+41 1.3624e+41 1.8182e+42 6.0687e+40 1.4954e+41 1.9123e+41 1.1757e+41 9.1714e+41 6.1532e+41
-3.5 0.3 1000.0 -2.0 4.5734e+42 1.3658e+42 1.3862e+42 4.1725e+42 2.9007e+41 9.4845e+40 3.9819e+42 2.7989e+41 5.0541e+41 5.4522e+41 2.0379e+39 1.1726e+41 6.5451e+40 9.3478e+41 3.2654e+40 8.0463e+40 1.1824e+41 7.2775e+40 5.1816e+41 3.478e+41
-3.5 0.3 10000.0 -1.2 5.1534e+42 3.0259e+42 3.4752e+42 1.046e+43 1.9545e+42 2.1582e+41 9.0442e+42 6.3688e+41 1.0195e+42 1.3577e+42 1.3845e+39 2.8993e+41 1.5081e+41 4.1059e+42 1.1856e+41 2.9217e+41 2.8049e+41 2.3403e+41 1.5345e+42 1.2676e+42
-3.5 0.3 10000.0 -1.4 4.6144e+42 2.6495e+42 3.0552e+42 9.1961e+42 1.3166e+42 1.8921e+41 7.8396e+42 5.5837e+41 7.4387e+41 1.0353e+42 7.3785e+38 1.9084e+41 1.0087e+41 3.114e+42 9.4999e+40 2.341e+41 2.495e+41 2.0874e+41 1.2555e+42 1.0393e+42
-3.5 0.3 10000.0 -1.7 3.538e+42 1.9783e+42 2.092e+42 6.2969e+42 6.8247e+41 1.4233e+41 5.7898e+42 4.2002e+41 4.335e+41 6.4513e+41 1.76e+38 7.3839e+40 4.0989e+40 1.754e+42 5.3942e+40 1.3293e+41 1.6962e+41 1.4269e+41 7.6239e+41 6.3359e+41
-3.5 0.3 10000.0 -2.0 2.5763e+42 1.401e+42 1.2175e+42 3.6648e+42 3.5767e+41 1.0307e+41 4.0723e+42 3.0415e+41 2.5251e+41 4.0048e+41 2.8458e+37 2.4763e+40 1.4682e+40 8.829e+41 2.5033e+40 6.1692e+40 9.8487e+40 8.3372e+40 4.0195e+41 3.3542e+41
-3.5 0.5 100.0 -1.2 8.8228e+42 2.9001e+42 2.7124e+42 8.1643e+42 1.5673e+42 2.1309e+41 8.7664e+42 6.2883e+41 2.3966e+42 1.7459e+42 2.0612e+40 4.6744e+41 2.4312e+41 4.1777e+42 1.0454e+41 2.5761e+41 8.6248e+40 5.1061e+40 1.2935e+42 8.4727e+41
-3.5 0.5 100.0 -1.4 7.9929e+42 2.5567e+42 2.4272e+42 7.306e+42 1.0427e+42 1.8731e+41 7.6552e+42 5.5274e+41 1.8969e+42 1.3942e+42 1.7559e+40 3.718e+41 1.9529e+41 3.1792e+42 8.7861e+40 2.1652e+41 7.9071e+40 4.6817e+40 1.0991e+42 7.1998e+41
-3.5 0.5 100.0 -1.7 6.1106e+42 1.9036e+42 1.7525e+42 5.2751e+42 5.2068e+41 1.3962e+41 5.6355e+42 4.1201e+41 1.2291e+42 9.1443e+41 1.234e+40 2.2309e+41 1.2007e+41 1.8115e+42 5.6575e+40 1.3942e+41 5.7712e+40 3.4178e+40 7.2758e+41 4.7661e+41
-3.5 0.5 100.0 -2.0 4.3344e+42 1.3425e+42 1.1331e+42 3.4107e+42 2.567e+41 9.8091e+40 3.9448e+42 2.8947e+41 7.7193e+41 5.8024e+41 7.87e+39 1.2037e+41 6.7569e+40 9.3207e+41 3.1889e+40 7.8582e+40 3.685e+40 2.1832e+40 4.2723e+41 2.7987e+41
-3.5 0.5 1000.0 -1.2 7.7564e+42 2.9481e+42 2.7487e+42 8.2736e+42 1.6711e+42 2.161e+41 8.8834e+42 6.3771e+41 2.1025e+42 1.879e+42 1.7001e+40 4.8053e+41 2.4964e+41 4.174e+42 1.0765e+41 2.6528e+41 8.7308e+40 5.358e+40 1.3169e+42 8.8273e+41
-3.5 0.5 1000.0 -1.4 7.0225e+42 2.5885e+42 2.4648e+42 7.4191e+42 1.1071e+42 1.8988e+41 7.722e+42 5.6034e+41 1.5947e+42 1.4854e+42 1.2739e+40 3.7887e+41 1.986e+41 3.1754e+42 9.0904e+40 2.2402e+41 8.0482e+40 4.9406e+40 1.1235e+42 7.5321e+41
-3.5 0.5 1000.0 -1.7 5.3776e+42 1.9248e+42 1.7873e+42 5.3798e+42 5.5057e+41 1.4166e+41 5.6748e+42 4.1805e+41 9.7695e+41 9.6552e+41 6.2203e+39 2.1792e+41 1.1682e+41 1.8086e+42 5.9027e+40 1.4546e+41 5.9394e+40 3.6482e+40 7.4877e+41 5.0212e+41
-3.5 0.5 1000.0 -2.0 3.8316e+42 1.3578e+42 1.1619e+42 3.4973e+42 2.705e+41 9.9839e+40 3.9717e+42 2.9463e+41 5.8566e+41 6.1003e+41 2.2205e+39 1.0563e+41 5.911e+40 9.2965e+41 3.3552e+40 8.2681e+40 3.8462e+40 2.3645e+40 4.4194e+41 2.9647e+41
-3.5 0.5 10000.0 -1.2 4.1076e+42 3.0371e+42 2.7609e+42 8.3103e+42 1.8971e+42 2.2297e+41 9.1284e+42 6.5798e+41 1.4426e+42 1.7491e+42 1.5519e+39 2.2911e+41 1.1933e+41 4.0957e+42 1.0398e+41 2.5625e+41 7.937e+40 6.5982e+40 1.1504e+42 9.4806e+41
-3.5 0.5 10000.0 -1.4 3.7005e+42 2.657e+42 2.4497e+42 7.3736e+42 1.2614e+42 1.958e+41 7.904e+42 5.7781e+41 1.0176e+42 1.2919e+42 8.2886e+38 1.555e+41 8.2291e+40 3.107e+42 8.5481e+40 2.1066e+41 7.2135e+40 6.0099e+40 9.6051e+41 7.9302e+41
-3.5 0.5 10000.0 -1.7 2.8711e+42 1.9787e+42 1.7021e+42 5.1234e+42 6.3946e+41 1.4794e+41 5.8165e+42 4.3656e+41 5.6718e+41 7.7384e+41 1.9662e+38 6.3301e+40 3.4963e+40 1.7499e+42 5.0529e+40 1.2452e+41 5.0691e+40 4.2433e+40 6.0175e+41 4.9851e+41
-3.5 0.5 10000.0 -2.0 2.1186e+42 1.3992e+42 1.0046e+42 3.0238e+42 3.2682e+41 1.0772e+41 4.0815e+42 3.1789e+41 3.1714e+41 4.6497e+41 3.1336e+37 2.1897e+40 1.2526e+40 8.8133e+41 2.4314e+40 5.9922e+40 3.0351e+40 2.5553e+40 3.2622e+41 2.7129e+41
-3.0 0.1 100.0 -1.2 8.5475e+42 2.9473e+42 6.2496e+42 1.8811e+43 1.1793e+42 1.3023e+41 8.7808e+42 3.843e+41 9.4108e+41 6.9562e+41 5.8218e+40 2.3736e+42 1.2081e+42 4.974e+42 2.5715e+41 6.3332e+41 8.0635e+41 4.7742e+41 3.7191e+42 2.4362e+42
-3.0 0.1 100.0 -1.4 7.3764e+42 2.5487e+42 5.5077e+42 1.6578e+43 7.0261e+41 1.0831e+41 7.5111e+42 3.1963e+41 7.4938e+41 5.5976e+41 4.5742e+40 1.7274e+42 8.8266e+41 3.7133e+42 1.9724e+41 4.8571e+41 6.9411e+41 4.1107e+41 2.9206e+42 1.9132e+42
-3.0 0.1 100.0 -1.7 5.2855e+42 1.8943e+42 3.852e+42 1.1594e+43 3.0256e+41 7.6472e+40 5.5314e+42 2.2567e+41 4.9449e+41 3.7402e+41 3.0054e+40 8.9221e+41 4.6088e+41 2.0636e+42 1.0784e+41 2.6553e+41 4.494e+41 2.6632e+41 1.6812e+42 1.1014e+42
-3.0 0.1 100.0 -2.0 3.5558e+42 1.3447e+42 2.4075e+42 7.2464e+42 1.3731e+41 5.1934e+40 3.9131e+42 1.5326e+41 3.1618e+41 2.4126e+41 1.9606e+40 4.0761e+41 2.153e+41 1.0396e+42 5.1396e+40 1.2654e+41 2.5309e+41 1.5018e+41 8.5553e+41 5.6047e+41
-3.0 0.1 1000.0 -1.2 7.6024e+42 2.9904e+42 6.377e+42 1.9195e+43 1.2749e+42 1.3713e+41 8.8832e+42 4.0468e+41 7.8132e+41 7.4859e+41 4.7889e+40 2.461e+42 1.2517e+42 4.9672e+42 2.687e+41 6.6175e+41 8.3229e+41 5.1064e+41 3.8385e+42 2.5724e+42
-3.0 0.1 1000.0 -1.4 6.576e+42 2.5834e+42 5.6502e+42 1.7007e+43 7.6183e+41 1.1354e+41 7.5879e+42 3.3505e+41 5.9246e+41 5.9682e+41 3.3818e+40 1.7717e+42 9.0427e+41 3.7069e+42 2.0843e+41 5.133e+41 7.2717e+41 4.4649e+41 3.0456e+42 2.0417e+42
-3.0 0.1 1000.0 -1.7 4.7565e+42 1.9185e+42 3.9991e+42 1.2037e+43 3.2995e+41 7.9983e+40 5.579e+42 2.3603e+41 3.7002e+41 3.9761e+41 1.6912e+40 8.6249e+41 4.448e+41 2.0581e+42 1.1666e+41 2.8727e+41 4.876e+41 2.9984e+41 1.7916e+42 1.2018e+42
-3.0 0.1 1000.0 -2.0 3.2576e+42 1.3621e+42 2.5374e+42 7.6375e+42 1.4988e+41 5.4792e+40 3.9445e+42 1.6169e+41 2.2931e+41 2.5868e+41 6.6331e+39 3.3474e+41 1.7722e+41 1.0354e+42 5.7038e+40 1.4044e+41 2.8894e+41 1.7804e+41 9.323e+41 6.2582e+41
-3.0 0.1 10000.0 -1.2 4.5542e+42 3.1168e+42 6.3639e+42 1.9155e+43 1.6907e+42 1.731e+41 9.2626e+42 5.1083e+41 5.4089e+41 7.5256e+41 3.9888e+39 8.8356e+41 4.5125e+41 4.7981e+42 2.4025e+41 5.9182e+41 8.4127e+41 6.9938e+41 3.1844e+42 2.626e+42
-3.0 0.1 10000.0 -1.4 4.0069e+42 2.6925e+42 5.5154e+42 1.6601e+43 1.0543e+42 1.4407e+41 7.9123e+42 4.2516e+41 3.8401e+41 5.6267e+41 1.9925e+39 5.1729e+41 2.6697e+41 3.5749e+42 1.8041e+41 4.4442e+41 7.2499e+41 6.0545e+41 2.4584e+42 2.034e+42
-3.0 0.1 10000.0 -1.7 3.1171e+42 1.9971e+42 3.6346e+42 1.094e+43 5.0465e+41 1.063e+41 5.807e+42 3.137e+41 2.2922e+41 3.6262e+41 4.2026e+38 1.5735e+41 8.4867e+40 1.9664e+42 9.0394e+40 2.2269e+41 4.574e+41 3.8527e+41 1.3372e+42 1.1127e+42
-3.0 0.1 10000.0 -2.0 2.3874e+42 1.4144e+42 2.0053e+42 6.036e+42 2.584e+41 8.0126e+40 4.0922e+42 2.3645e+41 1.4454e+41 2.4441e+41 5.9904e+37 4.1211e+40 2.4777e+40 9.7167e+41 3.7e+40 9.1163e+40 2.4217e+41 2.0579e+41 6.3218e+41 5.2897e+41
-3.0 0.3 100.0 -1.2 7.5872e+42 2.8968e+42 5.4385e+42 1.637e+43 1.3784e+42 1.3599e+41 8.6876e+42 4.0131e+41 1.2003e+42 8.7617e+41 6.7019e+40 1.8927e+42 9.8978e+41 4.908e+42 2.5616e+41 6.3097e+41 4.1e+41 2.4272e+41 3.0966e+42 2.0283e+42
-3.0 0.3 100.0 -1.4 6.6124e+42 2.4949e+42 4.8673e+42 1.4651e+43 8.2505e+41 1.1273e+41 7.3949e+42 3.3266e+41 9.1468e+41 6.7531e+41 5.2715e+40 1.4273e+42 7.4832e+41 3.6657e+42 2.0501e+41 5.0495e+41 3.6692e+41 2.1726e+41 2.5169e+42 1.6487e+42
-3.0 0.3 100.0 -1.7 4.8251e+42 1.8377e+42 3.4918e+42 1.051e+43 3.5277e+41 7.9666e+40 5.3841e+42 2.351e+41 5.759e+41 4.3146e+41 3.3974e+40 7.7898e+41 4.1213e+41 2.0387e+42 1.1973e+41 2.9486e+41 2.5206e+41 1.4933e+41 1.5284e+42 1.0012e+42
-3.0 0.3 100.0 -2.0 3.3069e+42 1.2974e+42 2.2329e+42 6.7211e+42 1.5283e+41 5.4383e+40 3.7807e+42 1.6048e+41 3.5641e+41 2.7004e+41 2.1452e+40 3.7541e+41 2.0251e+41 1.0279e+42 6.0407e+40 1.4876e+41 1.4918e+41 8.8466e+40 8.1452e+41 5.3359e+41
-3.0 0.3 1000.0 -1.2 6.7475e+42 2.9611e+42 5.5649e+42 1.675e+43 1.4842e+42 1.4351e+41 8.8551e+42 4.2349e+41 1.0618e+42 9.5537e+41 5.5623e+40 1.965e+42 1.0241e+42 4.9182e+42 2.6601e+41 6.5524e+41 4.2092e+41 2.5807e+41 3.1805e+42 2.1305e+42
-3.0 0.3 1000.0 -1.4 5.8881e+42 2.5461e+42 5.0017e+42 1.5055e+43 8.8951e+41 1.1859e+41 7.5214e+42 3.4996e+41 7.6799e+41 7.2786e+41 3.9275e+40 1.4683e+42 7.6655e+41 3.6725e+42 2.1454e+41 5.2843e+41 3.8099e+41 2.3373e+41 2.6046e+42 1.7452e+42
-3.0 0.3 1000.0 -1.7 4.3312e+42 1.8774e+42 3.6225e+42 1.0904e+43 3.8262e+41 8.3694e+40 5.4789e+42 2.4698e+41 4.5359e+41 4.6206e+41 1.9066e+40 7.5985e+41 4.0005e+41 2.0411e+42 1.2728e+41 3.1347e+41 2.6904e+41 1.6526e+41 1.6057e+42 1.0765e+42
-3.0 0.3 1000.0 -2.0 3.0169e+42 1.3289e+42 2.3458e+42 7.061e+42 1.6742e+41 5.7586e+40 3.8552e+42 1.6994e+41 2.6933e+41 2.9113e+41 7.2148e+39 3.144e+41 1.6952e+41 1.028e+42 6.5364e+40 1.6097e+41 1.6614e+41 1.0222e+41 8.6867e+41 5.8274e+41
-3.0 0.3 10000.0 -1.2 4.0576e+42 3.1217e+42 5.6058e+42 1.6873e+43 1.8813e+42 1.8238e+41 9.3341e+42 5.382e+41 8.0797e+41 1.0186e+42 4.4961e+39 7.4096e+41 3.8502e+41 4.7845e+42 2.3555e+41 5.803e+41 4.2168e+41 3.4911e+41 2.6082e+42 2.1448e+42
-3.0 0.3 10000.0 -1.4 3.5908e+42 2.6884e+42 4.9131e+42 1.4788e+43 1.17e+42 1.5204e+41 7.9425e+42 4.4866e+41 5.5006e+41 7.31e+41 2.2334e+39 4.504e+41 2.3585e+41 3.5656e+42 1.8209e+41 4.4859e+41 3.7238e+41 3.0952e+41 2.0603e+42 1.6992e+42
-3.0 0.3 10000.0 -1.7 2.8322e+42 1.9895e+42 3.2978e+42 9.9263e+42 5.5252e+41 1.1248e+41 5.8079e+42 3.3192e+41 3.0862e+41 4.4581e+41 4.6366e+38 1.4597e+41 7.9159e+40 1.9619e+42 9.5371e+40 2.3497e+41 2.4384e+41 2.0428e+41 1.1608e+42 9.6246e+41
-3.0 0.3 10000.0 -2.0 2.2039e+42 1.4081e+42 1.8501e+42 5.5688e+42 2.7567e+41 8.5013e+40 4.0853e+42 2.5087e+41 1.8473e+41 2.8842e+41 6.4933e+37 3.9952e+40 2.3736e+40 9.6995e+41 4.0555e+40 9.9927e+40 1.3364e+41 1.1289e+41 5.6578e+41 4.7163e+41
-3.0 0.5 100.0 -1.2 6.0056e+42 2.8512e+42 4.2577e+42 1.2816e+43 1.3828e+42 1.4022e+41 8.6194e+42 4.1378e+41 1.5487e+42 1.1177e+42 7.6762e+40 1.4877e+42 7.9739e+41 4.8421e+42 2.2856e+41 5.6309e+41 1.1795e+41 6.9818e+40 2.3679e+42 1.551e+42
-3.0 0.5 100.0 -1.4 5.2869e+42 2.4528e+42 3.8724e+42 1.1656e+43 8.2975e+41 1.1606e+41 7.3237e+42 3.425e+41 1.1303e+42 8.2522e+41 6.0727e+40 1.1614e+42 6.256e+41 3.6182e+42 1.9138e+41 4.7147e+41 1.0995e+41 6.5094e+40 1.9965e+42 1.3077e+42
-3.0 0.5 100.0 -1.7 3.9318e+42 1.7891e+42 2.8574e+42 8.6007e+42 3.5511e+41 8.2273e+40 5.2683e+42 2.4279e+41 6.7843e+41 5.0327e+41 3.8699e+40 6.6938e+41 3.6459e+41 2.0131e+42 1.2051e+41 2.9685e+41 8.0706e+40 4.7799e+40 1.2876e+42 8.4339e+41
-3.0 0.5 100.0 -2.0 2.751e+42 1.2545e+42 1.8811e+42 5.6622e+42 1.5175e+41 5.6561e+40 3.6653e+42 1.6691e+41 4.0692e+41 3.0583e+41 2.3728e+40 3.4055e+41 1.8913e+41 1.0154e+42 6.5469e+40 1.6126e+41 5.0857e+40 3.0141e+40 7.2774e+41 4.7671e+41
-3.0 0.5 1000.0 -1.2 5.3459e+42 2.932e+42 4.3726e+42 1.3162e+43 1.4881e+42 1.48e+41 8.836e+42 4.3674e+41 1.4467e+42 1.2327e+42 6.4099e+40 1.5394e+42 8.2331e+41 4.8693e+42 2.3646e+41 5.8255e+41 1.207e+41 7.3953e+40 2.4251e+42 1.6238e+42
-3.0 0.5 1000.0 -1.4 4.7082e+42 2.5157e+42 3.9891e+42 1.2007e+43 8.9334e+41 1.223e+41 7.4839e+42 3.6091e+41 1.0039e+42 8.9928e+41 4.5501e+40 1.1889e+42 6.3752e+41 3.6378e+42 1.987e+41 4.895e+41 1.1337e+41 6.9488e+40 2.0533e+42 1.3752e+42
-3.0 0.5 1000.0 -1.7 3.5247e+42 1.8425e+42 2.9647e+42 8.9236e+42 3.8444e+41 8.6686e+40 5.4041e+42 2.5581e+41 5.6331e+41 5.4376e+41 2.1715e+40 6.5137e+41 3.5094e+41 2.0233e+42 1.2609e+41 3.1062e+41 8.4886e+40 5.208e+40 1.3357e+42 8.9493e+41
-3.0 0.5 1000.0 -2.0 2.5036e+42 1.2985e+42 1.9702e+42 5.9302e+42 1.6619e+41 6.0086e+40 3.7778e+42 1.7731e+41 3.2184e+41 3.3188e+41 7.9792e+39 2.8774e+41 1.5712e+41 1.0196e+42 6.9042e+40 1.7007e+41 5.5252e+40 3.3945e+40 7.5982e+41 5.0936e+41
-3.0 0.5 10000.0 -1.2 3.2242e+42 3.1248e+42 4.4473e+42 1.3386e+43 1.8234e+42 1.883e+41 9.4053e+42 5.5569e+41 1.1874e+42 1.3634e+42 5.0999e+39 5.9115e+41 3.0643e+41 4.7696e+42 2.0765e+41 5.1162e+41 1.199e+41 9.8858e+40 1.9682e+42 1.614e+42
-3.0 0.5 10000.0 -1.4 2.8727e+42 2.6859e+42 3.9439e+42 1.1871e+43 1.1311e+42 1.5753e+41 7.9831e+42 4.6486e+41 7.8292e+41 9.4551e+41 2.5349e+39 3.7166e+41 1.942e+41 3.5553e+42 1.6558e+41 4.0796e+41 1.0863e+41 8.9857e+40 1.593e+42 1.3097e+42
-3.0 0.5 10000.0 -1.7 2.2958e+42 1.9828e+42 2.6964e+42 8.1162e+42 5.2996e+41 1.1721e+41 5.8153e+42 3.4588e+41 4.1829e+41 5.4958e+41 5.2109e+38 1.2719e+41 6.8961e+40 1.9569e+42 9.0768e+40 2.2365e+41 7.3741e+40 6.1431e+40 9.2939e+41 7.6782e+41
-3.0 0.5 10000.0 -2.0 1.8133e+42 1.4025e+42 1.5376e+42 4.6283e+42 2.6056e+41 8.9088e+40 4.0825e+42 2.629e+41 2.3937e+41 3.4206e+41 7.1704e+37 3.6392e+40 2.1314e+40 9.6784e+41 4.0068e+40 9.8734e+40 4.1665e+40 3.4985e+40 4.6586e+41 3.8687e+41
-4.5 0.1 100.0 -1.2 1.0861e+43 2.569e+42 4.0545e+41 1.2204e+42 2.4121e+42 2.2708e+41 7.6744e+42 6.7012e+41 3.3821e+42 2.478e+42 6.7025e+38 3.3501e+40 1.8024e+40 1.6757e+42 8.114e+39 1.9999e+40 8.4847e+40 5.0246e+40 2.7104e+41 1.7754e+41
-4.5 0.1 100.0 -1.4 9.8238e+42 2.3636e+42 3.5607e+41 1.0718e+42 1.9507e+42 2.0513e+41 7.0229e+42 6.0534e+41 2.947e+42 2.1674e+42 5.9666e+38 2.8209e+40 1.5561e+40 1.2913e+42 6.5957e+39 1.6256e+40 7.4489e+40 4.4117e+40 2.2253e+41 1.4577e+41
-4.5 0.1 100.0 -1.7 7.326e+42 1.8479e+42 2.4784e+41 7.4599e+41 1.2512e+42 1.5388e+41 5.4602e+42 4.5409e+41 2.1035e+42 1.5552e+42 4.4414e+38 1.9556e+40 1.1286e+40 7.4744e+41 4.03e+39 9.9328e+39 5.139e+40 3.0443e+40 1.4026e+41 9.1879e+40
-4.5 0.1 100.0 -2.0 4.9782e+42 1.3416e+42 1.5337e+41 4.6163e+41 7.4451e+41 1.06e+41 3.9512e+42 3.128e+41 1.3889e+42 1.0319e+42 2.8962e+38 1.3274e+40 8.0075e+39 3.892e+41 2.1515e+39 5.3028e+39 3.1275e+40 1.8533e+40 7.8638e+40 5.1515e+40
-4.5 0.1 1000.0 -1.2 9.8794e+42 2.5954e+42 4.1405e+41 1.2463e+42 2.5533e+42 2.3008e+41 7.7267e+42 6.7897e+41 2.8201e+42 2.6926e+42 5.2428e+38 3.458e+40 1.854e+40 1.671e+42 8.6071e+39 2.1214e+40 8.9846e+40 5.5258e+40 2.8712e+41 1.9256e+41
-4.5 0.1 1000.0 -1.4 8.9579e+42 2.3845e+42 3.6479e+41 1.098e+42 2.0633e+42 2.0831e+41 7.0584e+42 6.1472e+41 2.4175e+42 2.3521e+42 3.9725e+38 2.8773e+40 1.577e+40 1.2873e+42 7.0608e+39 1.7403e+40 7.9721e+40 4.9051e+40 2.377e+41 1.5947e+41
-4.5 0.1 1000.0 -1.7 6.7192e+42 1.8605e+42 2.5528e+41 7.6839e+41 1.325e+42 1.5699e+41 5.4731e+42 4.6328e+41 1.6891e+42 1.6885e+42 1.9345e+38 1.8967e+40 1.0762e+40 7.4475e+41 4.3814e+39 1.0799e+40 5.6033e+40 3.4501e+40 1.5202e+41 1.0203e+41
-4.5 0.1 1000.0 -2.0 4.6019e+42 1.349e+42 1.5886e+41 4.7818e+41 7.9062e+41 1.0876e+41 3.9527e+42 3.2096e+41 1.0952e+42 1.1231e+42 6.8637e+37 1.1439e+40 6.6124e+39 3.8738e+41 2.376e+39 5.856e+39 3.4833e+40 2.1465e+40 8.6582e+40 5.8138e+40
-4.5 0.1 10000.0 -1.2 5.4673e+42 2.6414e+42 4.179e+41 1.2579e+42 2.8507e+42 2.2192e+41 7.8302e+42 6.5488e+41 1.564e+42 2.2666e+42 4.3026e+37 1.8608e+40 9.6678e+39 1.6504e+42 9.0329e+39 2.2263e+40 8.7498e+40 7.3643e+40 2.844e+41 2.3492e+41
-4.5 0.1 10000.0 -1.4 4.9447e+42 2.4195e+42 3.6729e+41 1.1055e+42 2.2969e+42 2.0135e+41 7.1282e+42 5.942e+41 1.2904e+42 1.91e+42 2.3966e+37 1.3712e+40 7.156e+39 1.2678e+42 7.369e+39 1.8162e+40 7.8366e+40 6.6131e+40 2.3665e+41 1.9597e+41
-4.5 0.1 10000.0 -1.7 3.7106e+42 1.882e+42 2.518e+41 7.5791e+41 1.4732e+42 1.5252e+41 5.5054e+42 4.5009e+41 8.552e+41 1.3063e+42 6.2432e+36 6.6102e+39 3.4449e+39 7.2655e+41 4.3739e+39 1.078e+40 5.5333e+40 4.6892e+40 1.5108e+41 1.2556e+41
-4.5 0.1 10000.0 -2.0 2.5555e+42 1.3617e+42 1.4854e+41 4.4712e+41 8.8277e+41 1.0648e+41 3.9646e+42 3.1423e+41 5.2961e+41 8.3425e+41 1.124e+36 2.6271e+39 1.356e+39 3.7083e+41 2.1558e+39 5.3134e+39 3.423e+40 2.9137e+40 8.5208e+40 7.1063e+40
-4.5 0.3 100.0 -1.2 1.0313e+43 2.5812e+42 3.6363e+41 1.0945e+42 2.6479e+42 2.4538e+41 7.7629e+42 7.2413e+41 4.0928e+42 2.981e+42 7.2238e+38 2.8452e+40 1.5047e+40 1.6719e+42 8.1885e+39 2.0182e+40 4.6302e+40 2.7418e+40 2.3626e+41 1.5475e+41
-4.5 0.3 100.0 -1.4 9.4624e+42 2.376e+42 3.2251e+41 9.7074e+41 2.1287e+42 2.2318e+41 7.1035e+42 6.5861e+41 3.5308e+42 2.5826e+42 6.3688e+38 2.4443e+40 1.315e+40 1.2887e+42 6.8468e+39 1.6875e+40 4.1986e+40 2.4864e+40 1.9924e+41 1.305e+41
-4.5 0.3 100.0 -1.7 7.2339e+42 1.8551e+42 2.2802e+41 6.8633e+41 1.362e+42 1.6961e+41 5.5084e+42 5.0053e+41 2.4995e+42 1.8393e+42 4.6449e+38 1.7308e+40 9.5959e+39 7.4627e+41 4.3779e+39 1.079e+40 3.0549e+40 1.8094e+40 1.3124e+41 8.5969e+40
-4.5 0.3 100.0 -2.0 5.0556e+42 1.3439e+42 1.4349e+41 4.3189e+41 8.1455e+41 1.1869e+41 3.9711e+42 3.5026e+41 1.6488e+42 1.22e+42 2.975e+38 1.1804e+40 6.7413e+39 3.8873e+41 2.4541e+39 6.0486e+39 1.9729e+40 1.1688e+40 7.7243e+40 5.0599e+40
-4.5 0.3 1000.0 -1.2 9.2397e+42 2.6098e+42 3.6865e+41 1.1096e+42 2.7875e+42 2.463e+41 7.8219e+42 7.2683e+41 3.5134e+42 3.2269e+42 5.7147e+38 2.9171e+40 1.5391e+40 1.6676e+42 8.5346e+39 2.1035e+40 4.7763e+40 2.9358e+40 2.4492e+41 1.642e+41
-4.5 0.3 1000.0 -1.4 8.4786e+42 2.3978e+42 3.2762e+41 9.8614e+41 2.2339e+42 2.2423e+41 7.1424e+42 6.6169e+41 2.9677e+42 2.7842e+42 4.3165e+38 2.4754e+40 1.3255e+40 1.2848e+42 7.181e+39 1.7699e+40 4.3599e+40 2.6808e+40 2.0758e+41 1.392e+41
-4.5 0.3 1000.0 -1.7 6.4894e+42 1.867e+42 2.3241e+41 6.9956e+41 1.4237e+42 1.7073e+41 5.5206e+42 5.0384e+41 2.0402e+42 1.9737e+42 2.0858e+38 1.6637e+40 9.106e+39 7.4353e+41 4.6386e+39 1.1433e+40 3.2069e+40 1.973e+40 1.3788e+41 9.2499e+40
-4.5 0.3 1000.0 -2.0 4.5461e+42 1.3511e+42 1.4675e+41 4.4172e+41 8.491e+41 1.1977e+41 3.9737e+42 3.5344e+41 1.3118e+42 1.3059e+42 7.3521e+37 9.9983e+39 5.5322e+39 3.8693e+41 2.626e+39 6.4723e+39 2.0957e+40 1.2902e+40 8.1824e+40 5.4915e+40
-4.5 0.3 10000.0 -1.2 5.0323e+42 2.6564e+42 3.684e+41 1.1089e+42 3.0428e+42 2.3485e+41 7.9283e+42 6.9304e+41 2.1065e+42 2.8123e+42 4.7478e+37 1.5357e+40 7.9043e+39 1.6477e+42 8.7329e+39 2.1524e+40 4.4937e+40 3.7691e+40 2.3583e+41 1.9432e+41
-4.5 0.3 10000.0 -1.4 4.5892e+42 2.4318e+42 3.2617e+41 9.8177e+41 2.4242e+42 2.1392e+41 7.211e+42 6.3128e+41 1.7019e+42 2.3285e+42 2.6427e+37 1.1446e+40 5.9062e+39 1.266e+42 7.2792e+39 1.7941e+40 4.1201e+40 3.4633e+40 2.0007e+41 1.6524e+41
-4.5 0.3 10000.0 -1.7 3.4952e+42 1.8881e+42 2.2623e+41 6.8096e+41 1.5371e+42 1.6331e+41 5.5543e+42 4.8193e+41 1.0988e+42 1.5607e+42 6.8273e+36 5.5494e+39 2.8592e+39 7.2587e+41 4.4723e+39 1.1023e+40 3.0229e+40 2.55e+40 1.3184e+41 1.0924e+41
-4.5 0.3 10000.0 -2.0 2.4482e+42 1.364e+42 1.3518e+41 4.069e+41 9.1582e+41 1.151e+41 3.9892e+42 3.3967e+41 6.6708e+41 9.835e+41 1.2132e+36 2.1884e+39 1.1203e+39 3.7073e+41 2.2878e+39 5.6387e+39 1.9528e+40 1.6534e+40 7.697e+40 6.3973e+40
-4.5 0.5 100.0 -1.2 8.4502e+42 2.5913e+42 2.9072e+41 8.7507e+41 2.4686e+42 2.572e+41 7.8466e+42 7.5901e+41 4.7659e+42 3.454e+42 7.79e+38 2.2104e+40 1.15e+40 1.6675e+42 7.2967e+39 1.7984e+40 1.3661e+40 8.0886e+39 1.819e+41 1.1914e+41
-4.5 0.5 100.0 -1.4 7.8196e+42 2.3851e+42 2.5989e+41 7.8226e+41 1.9634e+42 2.3477e+41 7.1767e+42 6.928e+41 4.0609e+42 2.9566e+42 6.8204e+38 1.9338e+40 1.0166e+40 1.2853e+42 6.2533e+39 1.5412e+40 1.2685e+40 7.5113e+39 1.5647e+41 1.0249e+41
-4.5 0.5 100.0 -1.7 6.0663e+42 1.8605e+42 1.8616e+41 5.6035e+41 1.2418e+42 1.7971e+41 5.5545e+42 5.3033e+41 2.8363e+42 2.0787e+42 4.8868e+38 1.3967e+40 7.475e+39 7.4428e+41 4.1688e+39 1.0275e+40 9.6013e+39 5.686e+39 1.0655e+41 6.9793e+40
-4.5 0.5 100.0 -2.0 4.3097e+42 1.3458e+42 1.1885e+41 3.5773e+41 7.3729e+41 1.2687e+41 3.9943e+42 3.7438e+41 1.8546e+42 1.3676e+42 3.0737e+38 9.5714e+39 5.2132e+39 3.8777e+41 2.4474e+39 6.0321e+39 6.4738e+39 3.8345e+39 6.5038e+40 4.2603e+40
-4.5 0.5 1000.0 -1.2 7.5112e+42 2.6223e+42 2.9317e+41 8.8244e+41 2.6222e+42 2.57e+41 7.9117e+42 7.5841e+41 4.2488e+42 3.7719e+42 6.2173e+38 2.2504e+40 1.1693e+40 1.6635e+42 7.4931e+39 1.8468e+40 1.384e+40 8.5027e+39 1.859e+41 1.246e+41
-4.5 0.5 1000.0 -1.4 6.9402e+42 2.4069e+42 2.6235e+41 7.8967e+41 2.0708e+42 2.3457e+41 7.2141e+42 6.9223e+41 3.5224e+42 3.2004e+42 4.6978e+38 1.9441e+40 1.0192e+40 1.2818e+42 6.4454e+39 1.5886e+40 1.2897e+40 7.9257e+39 1.6034e+41 1.0749e+41
-4.5 0.5 1000.0 -1.7 5.3784e+42 1.8716e+42 1.8828e+41 5.6672e+41 1.2982e+42 1.7968e+41 5.5638e+42 5.3024e+41 2.3688e+42 2.2274e+42 2.2637e+38 1.331e+40 7.0648e+39 7.417e+41 4.3217e+39 1.0652e+40 9.8205e+39 6.0378e+39 1.0967e+41 7.3548e+40
-4.5 0.5 1000.0 -2.0 3.8217e+42 1.3523e+42 1.204e+41 3.6241e+41 7.6592e+41 1.27e+41 3.995e+42 3.7479e+41 1.4992e+42 1.4562e+42 7.9608e+37 7.9975e+39 4.2671e+39 3.8602e+41 2.5488e+39 6.2821e+39 6.6637e+39 4.0991e+39 6.72e+40 4.5084e+40
-4.5 0.5 10000.0 -1.2 4.0441e+42 2.667e+42 2.9023e+41 8.7358e+41 2.8354e+42 2.4317e+41 8.0093e+42 7.1759e+41 2.7649e+42 3.4075e+42 5.2493e+37 1.1613e+40 5.9306e+39 1.6448e+42 7.4701e+39 1.8412e+40 1.2618e+40 1.0555e+40 1.746e+41 1.4361e+41
-4.5 0.5 10000.0 -1.4 3.7038e+42 2.4385e+42 2.5841e+41 7.7781e+41 2.2249e+42 2.2188e+41 7.2731e+42 6.5476e+41 2.1835e+42 2.7658e+42 2.9299e+37 8.7549e+39 4.4764e+39 1.2637e+42 6.3393e+39 1.5624e+40 1.1758e+40 9.8535e+39 1.5015e+41 1.2377e+41
-4.5 0.5 10000.0 -1.7 2.8459e+42 1.8909e+42 1.8094e+41 5.4463e+41 1.384e+42 1.7012e+41 5.5916e+42 5.0203e+41 1.3657e+42 1.807e+42 7.5433e+36 4.2802e+39 2.1857e+39 7.2477e+41 4.0115e+39 9.8871e+39 8.8666e+39 7.4531e+39 1.0123e+41 8.3701e+40
-4.5 0.5 10000.0 -2.0 2.0141e+42 1.3647e+42 1.0919e+41 3.2866e+41 8.1307e+41 1.2058e+41 4.0087e+42 3.5585e+41 8.066e+41 1.1162e+42 1.3247e+36 1.6802e+39 8.5467e+38 3.7039e+41 2.1121e+39 5.2058e+39 5.8947e+39 4.971e+39 6.0508e+40 5.0169e+40
-4.0 0.1 100.0 -1.2 1.3274e+43 2.7743e+42 1.5727e+42 4.7338e+42 1.8117e+42 2.3907e+41 8.3076e+42 7.055e+41 2.4774e+42 1.8342e+42 3.6351e+39 1.5731e+41 8.302e+40 3.0356e+42 3.6675e+40 9.0386e+40 2.6381e+41 1.5623e+41 8.3073e+41 5.4419e+41
-4.0 0.1 100.0 -1.4 1.1885e+43 2.4949e+42 1.3739e+42 4.1355e+42 1.3816e+42 2.1325e+41 7.4165e+42 6.2929e+41 2.1322e+42 1.5865e+42 3.2176e+39 1.2309e+41 6.6469e+40 2.3455e+42 2.9346e+40 7.2325e+40 2.2911e+41 1.357e+41 6.7704e+41 4.4352e+41
-4.0 0.1 100.0 -1.7 8.7882e+42 1.905e+42 9.5069e+41 2.8616e+42 8.3233e+41 1.5848e+41 5.6181e+42 4.6768e+41 1.5111e+42 1.1317e+42 2.3898e+39 7.3551e+40 4.1911e+40 1.3658e+42 1.7486e+40 4.3095e+40 1.5459e+41 9.158e+40 4.2047e+41 2.7545e+41
-4.0 0.1 100.0 -2.0 5.9597e+42 1.3643e+42 5.8641e+41 1.7651e+42 4.772e+41 1.0901e+41 4.0049e+42 3.2169e+41 1.0015e+42 7.5409e+41 1.5658e+39 4.1363e+40 2.5531e+40 7.1672e+41 9.1115e+39 2.2456e+40 9.1726e+40 5.4364e+40 2.3188e+41 1.5191e+41
-4.0 0.1 1000.0 -1.2 1.1883e+43 2.8063e+42 1.6074e+42 4.8382e+42 1.9124e+42 2.4185e+41 8.3748e+42 7.1371e+41 1.9848e+42 1.9633e+42 2.8694e+39 1.6374e+41 8.6208e+40 3.026e+42 3.8948e+40 9.5989e+40 2.7664e+41 1.7014e+41 8.7171e+41 5.8488e+41
-4.0 0.1 1000.0 -1.4 1.0667e+43 2.5191e+42 1.4095e+42 4.2425e+42 1.4539e+42 2.1617e+41 7.4602e+42 6.3793e+41 1.67e+42 1.6934e+42 2.1716e+39 1.2714e+41 6.8395e+40 2.3372e+42 3.1487e+40 7.7601e+40 2.4292e+41 1.4947e+41 7.1678e+41 4.8106e+41
-4.0 0.1 1000.0 -1.7 7.9335e+42 1.9193e+42 9.8181e+41 2.9553e+42 8.723e+41 1.6132e+41 5.6351e+42 4.7607e+41 1.1494e+42 1.2049e+42 1.0631e+39 7.3027e+40 4.1325e+40 1.36e+42 1.91e+40 4.7074e+40 1.6716e+41 1.0293e+41 4.5206e+41 3.0353e+41
-4.0 0.1 1000.0 -2.0 5.4188e+42 1.3725e+42 6.0976e+41 1.8354e+42 4.995e+41 1.1152e+41 4.0087e+42 3.291e+41 7.4487e+41 8.0321e+41 3.7935e+38 3.736e+40 2.282e+40 7.1252e+41 1.0128e+40 2.4962e+40 1.0131e+41 6.244e+40 2.5306e+41 1.6999e+41
-4.0 0.1 10000.0 -1.2 6.3246e+42 2.8606e+42 1.6234e+42 4.8865e+42 2.1615e+42 2.3574e+41 8.5063e+42 6.9568e+41 1.0521e+42 1.5657e+42 2.4609e+38 8.7681e+40 4.6518e+40 2.9727e+42 4.0571e+40 9.999e+40 2.6394e+41 2.2221e+41 8.3393e+41 6.9166e+41
-4.0 0.1 10000.0 -1.4 5.6692e+42 2.559e+42 1.4185e+42 4.2698e+42 1.6327e+42 2.111e+41 7.5478e+42 6.2297e+41 8.3722e+41 1.2828e+42 1.3593e+38 6.1011e+40 3.3131e+40 2.2871e+42 3.2526e+40 8.0163e+40 2.3267e+41 1.9641e+41 6.8493e+41 5.6936e+41
-4.0 0.1 10000.0 -1.7 4.2435e+42 1.9452e+42 9.6371e+41 2.9008e+42 9.7624e+41 1.5881e+41 5.6851e+42 4.6864e+41 5.3663e+41 8.5737e+41 3.5052e+37 2.7343e+40 1.5411e+40 1.3145e+42 1.8715e+40 4.6124e+40 1.5867e+41 1.3458e+41 4.2468e+41 3.5428e+41
-4.0 0.1 10000.0 -2.0 2.9459e+42 1.3892e+42 5.6172e+41 1.6908e+42 5.6163e+41 1.1145e+41 4.036e+42 3.2889e+41 3.2957e+41 5.4672e+41 6.2464e+36 1.0851e+40 6.0831e+39 6.7272e+41 8.9111e+39 2.1962e+40 9.405e+40 8.0189e+40 2.3114e+41 1.9352e+41
-4.0 0.3 100.0 -1.2 1.2248e+43 2.7863e+42 1.4082e+42 4.2388e+42 1.9779e+42 2.5333e+41 8.3892e+42 7.4756e+41 2.9719e+42 2.1831e+42 3.9356e+39 1.3495e+41 7.1387e+40 3.0266e+42 3.7108e+40 9.1455e+40 1.3931e+41 8.2492e+40 7.0585e+41 4.6237e+41
-4.0 0.3 100.0 -1.4 1.1108e+43 2.5072e+42 1.2436e+42 3.7432e+42 1.4819e+42 2.2708e+41 7.4926e+42 6.7013e+41 2.5065e+42 1.8524e+42 3.4505e+39 1.0869e+41 5.8744e+40 2.3384e+42 3.0603e+40 7.5425e+40 1.2473e+41 7.3868e+40 5.9079e+41 3.8701e+41
-4.0 0.3 100.0 -1.7 8.4014e+42 1.9102e+42 8.7589e+41 2.6364e+42 8.7227e+41 1.7057e+41 5.6585e+42 5.0335e+41 1.7391e+42 1.2956e+42 2.5091e+39 6.7808e+40 3.847e+40 1.3615e+42 1.9162e+40 4.7226e+40 8.8545e+40 5.2447e+40 3.8354e+41 2.5125e+41
-4.0 0.3 100.0 -2.0 5.8406e+42 1.3636e+42 5.4993e+41 1.6553e+42 4.9191e+41 1.1887e+41 4.0152e+42 3.508e+41 1.1395e+42 8.5477e+41 1.613e+39 3.9542e+40 2.4061e+40 7.1433e+41 1.0503e+40 2.5884e+40 5.5424e+40 3.2839e+40 2.2154e+41 1.4513e+41
-4.0 0.3 1000.0 -1.2 1.0861e+43 2.82e+42 1.4307e+42 4.3063e+42 2.0851e+42 2.549e+41 8.4615e+42 7.5222e+41 2.4721e+42 2.3371e+42 3.1405e+39 1.394e+41 7.3583e+40 3.0177e+42 3.8787e+40 9.5593e+40 1.4345e+41 8.8173e+40 7.297e+41 4.8945e+41
-4.0 0.3 1000.0 -1.4 9.8562e+42 2.5324e+42 1.2668e+42 3.8132e+42 1.5553e+42 2.2873e+41 7.5395e+42 6.7499e+41 2.0262e+42 1.9724e+42 2.3682e+39 1.1131e+41 5.9962e+40 2.3312e+42 3.2215e+40 7.9397e+40 1.2939e+41 7.9559e+40 6.1432e+41 4.1215e+41
-4.0 0.3 1000.0 -1.7 7.4672e+42 1.9245e+42 8.957e+41 2.696e+42 9.1041e+41 1.7213e+41 5.6762e+42 5.0796e+41 1.3537e+42 1.372e+42 1.1483e+39 6.6703e+40 3.7602e+40 1.3562e+42 2.04e+40 5.0276e+40 9.2925e+40 5.7171e+40 4.0237e+41 2.7004e+41
-4.0 0.3 1000.0 -2.0 5.2096e+42 1.3725e+42 5.6518e+41 1.7012e+42 5.1109e+41 1.2032e+41 4.0222e+42 3.5507e+41 8.5951e+41 9.0237e+41 4.0659e+38 3.5377e+40 2.1267e+40 7.1063e+41 1.132e+40 2.79e+40 5.9001e+40 3.6329e+40 2.3462e+41 1.5752e+41
-4.0 0.3 10000.0 -1.2 5.7148e+42 2.8776e+42 1.4329e+42 4.3129e+42 2.3138e+42 2.4682e+41 8.6049e+42 7.2838e+41 1.4395e+42 1.9639e+42 2.7251e+38 7.4243e+40 3.9302e+40 2.9674e+42 3.9458e+40 9.7248e+40 1.3321e+41 1.1177e+41 6.8263e+41 5.6488e+41
-4.0 0.3 10000.0 -1.4 5.1616e+42 2.5744e+42 1.2624e+42 3.7997e+42 1.7155e+42 2.2164e+41 7.6357e+42 6.5406e+41 1.1096e+42 1.5661e+42 1.5033e+38 5.2978e+40 2.8537e+40 2.2835e+42 3.2372e+40 7.9784e+40 1.2009e+41 1.0098e+41 5.7187e+41 4.7417e+41
-4.0 0.3 10000.0 -1.7 3.9193e+42 1.9512e+42 8.6924e+41 2.6164e+42 1.0006e+42 1.6781e+41 5.7307e+42 4.9522e+41 6.8206e+41 1.0126e+42 3.8414e+37 2.4463e+40 1.3427e+40 1.3127e+42 1.935e+40 4.769e+40 8.506e+40 7.1811e+40 3.6653e+41 3.0487e+41
-4.0 0.3 10000.0 -2.0 2.7653e+42 1.3905e+42 5.1355e+41 1.5458e+42 5.6457e+41 1.1876e+41 4.0559e+42 3.5047e+41 4.045e+41 6.3006e+41 6.7519e+36 9.6013e+39 5.2104e+39 6.7232e+41 9.5677e+39 2.3581e+40 5.245e+40 4.4481e+40 2.063e+41 1.7215e+41
-4.0 0.5 100.0 -1.2 9.95e+42 2.7943e+42 1.1301e+42 3.4016e+42 1.8906e+42 2.639e+41 8.4606e+42 7.7876e+41 3.5328e+42 2.5759e+42 4.2644e+39 1.0695e+41 5.6677e+40 3.0162e+42 3.344e+40 8.2418e+40 4.0858e+40 2.4192e+40 5.4294e+41 3.5565e+41
-4.0 0.5 100.0 -1.4 9.106e+42 2.5162e+42 1.0077e+42 3.0331e+42 1.3928e+42 2.3732e+41 7.5601e+42 7.0033e+41 2.9183e+42 2.1421e+42 3.7132e+39 8.8691e+40 4.7948e+40 2.3304e+42 2.8367e+40 6.9913e+40 3.7523e+40 2.2219e+40 4.6488e+41 3.0452e+41
-4.0 0.5 100.0 -1.7 6.9948e+42 1.9151e+42 7.206e+41 2.169e+42 7.9964e+41 1.7947e+41 5.6999e+42 5.2963e+41 1.973e+42 1.4618e+42 2.6512e+39 5.7935e+40 3.2691e+40 1.3562e+42 1.8604e+40 4.5851e+40 2.7763e+40 1.6442e+40 3.1326e+41 2.0521e+41
-4.0 0.5 100.0 -2.0 4.9506e+42 1.3638e+42 4.6036e+41 1.3857e+42 4.4133e+41 1.2623e+41 4.0307e+42 3.7249e+41 1.2705e+42 9.4908e+41 1.6718e+39 3.5283e+40 2.1103e+40 7.1136e+41 1.0743e+40 2.6478e+40 1.8203e+40 1.0783e+40 1.8866e+41 1.2359e+41
-4.0 0.5 1000.0 -1.2 8.764e+42 2.833e+42 1.1423e+42 3.4384e+42 2.0032e+42 2.6458e+41 8.5478e+42 7.8079e+41 3.0656e+42 2.7756e+42 3.4309e+39 1.0957e+41 5.7964e+40 3.0089e+42 3.4448e+40 8.49e+40 4.1422e+40 2.5447e+40 5.5427e+41 3.7167e+41
-4.0 0.5 1000.0 -1.4 8.0139e+42 2.5417e+42 1.0199e+42 3.0698e+42 1.4656e+42 2.38e+41 7.6071e+42 7.0232e+41 2.4446e+42 2.2861e+42 2.587e+39 9.0013e+40 4.8521e+40 2.3241e+42 2.9334e+40 7.2296e+40 3.8199e+40 2.3473e+40 4.7611e+41 3.1932e+41
-4.0 0.5 1000.0 -1.7 6.1566e+42 1.9287e+42 7.3139e+41 2.2015e+42 8.3474e+41 1.8019e+41 5.7151e+42 5.3173e+41 1.5777e+42 1.5457e+42 1.2494e+39 5.6468e+40 3.1649e+40 1.3518e+42 1.9376e+40 4.7755e+40 2.8483e+40 1.7511e+40 3.2261e+41 2.1643e+41
-4.0 0.5 1000.0 -2.0 4.3621e+42 1.3724e+42 4.6841e+41 1.4099e+42 4.5807e+41 1.2692e+41 4.037e+42 3.7454e+41 9.7688e+41 9.9796e+41 4.4086e+38 3.1257e+40 1.8378e+40 7.0817e+41 1.1254e+40 2.7736e+40 1.882e+40 1.1577e+40 1.9507e+41 1.3091e+41
-4.0 0.5 10000.0 -1.2 4.5667e+42 2.8914e+42 1.1341e+42 3.4137e+42 2.1961e+42 2.5478e+41 8.6914e+42 7.5186e+41 1.9614e+42 2.4488e+42 3.026e+38 5.8027e+40 3.0501e+40 2.9618e+42 3.4168e+40 8.4211e+40 3.7434e+40 3.131e+40 5.0705e+41 4.1878e+41
-4.0 0.5 10000.0 -1.4 4.1454e+42 2.5833e+42 1.0063e+42 3.029e+42 1.5972e+42 2.2916e+41 7.7005e+42 6.7626e+41 1.4653e+42 1.8994e+42 1.6734e+38 4.2423e+40 2.2526e+40 2.2795e+42 2.8625e+40 7.0549e+40 3.4368e+40 2.8798e+40 4.318e+41 3.5725e+41
-4.0 0.5 10000.0 -1.7 3.1796e+42 1.9552e+42 7.0087e+41 2.1096e+42 9.069e+41 1.7427e+41 5.7686e+42 5.1426e+41 8.623e+41 1.1848e+42 4.259e+37 2.0073e+40 1.072e+40 1.3107e+42 1.7693e+40 4.3606e+40 2.507e+40 2.1078e+40 2.8416e+41 2.3575e+41
-4.0 0.5 10000.0 -2.0 2.2681e+42 1.3912e+42 4.1872e+41 1.2603e+42 5.0014e+41 1.2398e+41 4.0735e+42 3.6587e+41 4.9246e+41 7.1664e+41 7.3933e+36 7.7847e+39 4.1116e+39 6.7149e+41 9.0327e+39 2.2262e+40 1.5912e+40 1.3432e+40 1.6401e+41 1.3647e+41
-5.0 0.1 100.0 -1.2 6.9308e+42 2.3495e+42 8.0116e+40 2.4115e+41 2.6054e+42 1.7415e+41 6.9992e+42 5.1392e+41 3.6868e+42 2.6714e+42 1.1981e+38 6.7465e+39 3.462e+39 6.9431e+41 1.482e+39 3.6528e+39 2.1032e+40 1.2455e+40 7.1297e+40 4.6695e+40
-5.0 0.1 100.0 -1.4 6.3311e+42 2.2124e+42 7.0704e+40 2.1282e+41 2.1658e+42 1.5924e+41 6.5723e+42 4.6992e+41 3.2457e+42 2.3587e+42 1.068e+38 5.9659e+39 3.0804e+39 5.277e+41 1.217e+39 2.9996e+39 1.8637e+40 1.1037e+40 5.8779e+40 3.8498e+40
-5.0 0.1 100.0 -1.7 4.7663e+42 1.7745e+42 4.951e+40 1.4902e+41 1.4318e+42 1.2082e+41 5.2583e+42 3.5654e+41 2.3345e+42 1.7039e+42 7.9543e+37 4.489e+39 2.3403e+39 2.986e+41 7.5397e+38 1.8583e+39 1.3047e+40 7.7279e+39 3.7283e+40 2.442e+40
-5.0 0.1 100.0 -2.0 3.2523e+42 1.3096e+42 3.0801e+40 9.2712e+40 8.6914e+41 8.3619e+40 3.8766e+42 2.4676e+41 1.541e+42 1.1294e+42 5.1825e+37 3.2814e+39 1.7239e+39 1.5163e+41 4.0799e+38 1.0056e+39 8.0746e+39 4.7841e+39 2.1068e+40 1.38e+40
-5.0 0.1 1000.0 -1.2 6.4936e+42 2.369e+42 8.1763e+40 2.4611e+41 2.838e+42 1.7842e+41 7.0286e+42 5.2652e+41 3.2592e+42 2.9987e+42 9.3528e+37 6.9095e+39 3.542e+39 6.9305e+41 1.5688e+39 3.8668e+39 2.2523e+40 1.3841e+40 7.6567e+40 5.1301e+40
-5.0 0.1 1000.0 -1.4 5.9557e+42 2.2289e+42 7.2377e+40 2.1785e+41 2.3661e+42 1.6371e+41 6.5923e+42 4.8312e+41 2.8358e+42 2.6508e+42 7.0883e+37 6.001e+39 3.0922e+39 5.2682e+41 1.2995e+39 3.2029e+39 2.0191e+40 1.2413e+40 6.3704e+40 4.2698e+40
-5.0 0.1 1000.0 -1.7 4.5202e+42 1.7845e+42 5.0947e+40 1.5335e+41 1.5742e+42 1.2501e+41 5.2616e+42 3.6892e+41 2.0072e+42 1.9214e+42 3.4481e+37 4.2041e+39 2.1798e+39 2.9796e+41 8.1721e+38 2.0142e+39 1.4428e+40 8.8763e+39 4.1061e+40 2.7535e+40
-5.0 0.1 1000.0 -2.0 3.1175e+42 1.3154e+42 3.1865e+40 9.5915e+40 9.6337e+41 8.721e+40 3.8715e+42 2.5736e+41 1.3068e+42 1.2801e+42 1.2217e+37 2.603e+39 1.3508e+39 1.5123e+41 4.4872e+38 1.106e+39 9.1368e+39 5.6256e+39 2.3611e+40 1.5841e+40
-5.0 0.1 10000.0 -1.2 3.9078e+42 2.4026e+42 8.2532e+40 2.4842e+41 3.3091e+42 1.7524e+41 7.085e+42 5.1713e+41 1.9904e+42 2.8002e+42 7.5271e+36 3.4612e+39 1.7554e+39 6.8701e+41 1.6439e+39 4.0517e+39 2.2357e+40 1.8682e+40 7.8058e+40 6.3907e+40
-5.0 0.1 10000.0 -1.4 3.5743e+42 2.2565e+42 7.2924e+40 2.195e+41 2.7649e+42 1.6123e+41 6.6305e+42 4.758e+41 1.6832e+42 2.4139e+42 4.1992e+36 2.5797e+39 1.309e+39 5.2132e+41 1.3544e+39 3.3381e+39 2.028e+40 1.6995e+40 6.5446e+40 5.3733e+40
-5.0 0.1 10000.0 -1.7 2.7131e+42 1.8016e+42 5.0437e+40 1.5181e+41 1.8498e+42 1.2385e+41 5.2726e+42 3.6548e+41 1.1422e+42 1.6885e+42 1.0931e+36 1.2463e+39 6.3183e+38 2.931e+41 8.1644e+38 2.0123e+39 1.467e+40 1.2347e+40 4.2458e+40 3.4995e+40
-5.0 0.1 10000.0 -2.0 1.8799e+42 1.3259e+42 3.0122e+40 9.0668e+40 1.1424e+42 8.7098e+40 3.8702e+42 2.5703e+41 7.145e+41 1.0898e+42 1.9621e+35 4.8981e+38 2.4779e+38 1.4701e+41 4.0984e+38 1.0101e+39 9.3554e+39 7.9065e+39 2.4462e+40 2.0234e+40
-5.0 0.3 100.0 -1.2 6.9974e+42 2.352e+42 7.2028e+40 2.1681e+41 3.2063e+42 1.9786e+41 7.0404e+42 5.8388e+41 4.8238e+42 3.4753e+42 1.2901e+38 5.5119e+39 2.8087e+39 6.9197e+41 1.4936e+39 3.6814e+39 1.2066e+40 7.1444e+39 6.5356e+40 4.2801e+40
-5.0 0.3 100.0 -1.4 6.5069e+42 2.2153e+42 6.416e+40 1.9312e+41 2.6852e+42 1.827e+41 6.6063e+42 5.3913e+41 4.2462e+42 3.0681e+42 1.1387e+38 4.8961e+39 2.5042e+39 5.2639e+41 1.26e+39 3.1055e+39 1.1078e+40 6.5594e+39 5.5444e+40 3.6312e+40
-5.0 0.3 100.0 -1.7 5.0515e+42 1.7745e+42 4.5622e+40 1.3732e+41 1.8039e+42 1.4108e+41 5.2693e+42 4.1633e+41 3.0655e+42 2.2246e+42 8.3107e+37 3.6638e+39 1.8852e+39 2.9822e+41 8.1639e+38 2.0122e+39 8.233e+39 4.8757e+39 3.6897e+40 2.4166e+40
-5.0 0.3 100.0 -2.0 3.5706e+42 1.3081e+42 2.8849e+40 8.6836e+40 1.1205e+42 9.9737e+40 3.8729e+42 2.9432e+41 2.0422e+42 1.4881e+42 5.3208e+37 2.6278e+39 1.3592e+39 1.5166e+41 4.6357e+38 1.1426e+39 5.4446e+39 3.225e+39 2.1976e+40 1.4394e+40
-5.0 0.3 1000.0 -1.2 6.3986e+42 2.3733e+42 7.2906e+40 2.1945e+41 3.4374e+42 1.9924e+41 7.0797e+42 5.8796e+41 4.3728e+42 3.8577e+42 1.0185e+38 5.621e+39 2.8626e+39 6.9061e+41 1.5526e+39 3.8267e+39 1.2469e+40 7.6558e+39 6.8028e+40 4.5552e+40
-5.0 0.3 1000.0 -1.4 5.9498e+42 2.2323e+42 6.5067e+40 1.9585e+41 2.8726e+42 1.8414e+41 6.6325e+42 5.4338e+41 3.7885e+42 3.3952e+42 7.6981e+37 4.9135e+39 2.5101e+39 5.2526e+41 1.3178e+39 3.248e+39 1.152e+40 7.0759e+39 5.7984e+40 3.8839e+40
-5.0 0.3 1000.0 -1.7 4.624e+42 1.7849e+42 4.6402e+40 1.3967e+41 1.9272e+42 1.4248e+41 5.2785e+42 4.2047e+41 2.6755e+42 2.4549e+42 3.7164e+37 3.4346e+39 1.7614e+39 2.9732e+41 8.6173e+38 2.1239e+39 8.651e+39 5.3168e+39 3.8882e+40 2.6055e+40
-5.0 0.3 1000.0 -2.0 3.2754e+42 1.3141e+42 2.9431e+40 8.8587e+40 1.1956e+42 1.0097e+41 3.873e+42 2.9797e+41 1.7451e+42 1.6386e+42 1.3086e+37 2.0984e+39 1.077e+39 1.5105e+41 4.9361e+38 1.2166e+39 5.7868e+39 3.5586e+39 2.3342e+40 1.5649e+40
-5.0 0.3 10000.0 -1.2 3.7621e+42 2.4092e+42 7.2811e+40 2.1916e+41 3.8139e+42 1.9138e+41 7.151e+42 5.6477e+41 2.836e+42 3.6518e+42 8.2979e+36 2.8009e+39 1.4171e+39 6.8506e+41 1.5855e+39 3.9079e+39 1.1847e+40 9.8529e+39 6.6773e+40 5.4447e+40
-5.0 0.3 10000.0 -1.4 3.4723e+42 2.2609e+42 6.477e+40 1.9496e+41 3.1806e+42 1.7695e+41 6.6816e+42 5.2219e+41 2.3805e+42 3.1272e+42 4.6268e+36 2.105e+39 1.0653e+39 5.1996e+41 1.3333e+39 3.2861e+39 1.1012e+40 9.181e+39 5.7071e+40 4.6658e+40
-5.0 0.3 10000.0 -1.7 2.6788e+42 1.8023e+42 4.53e+40 1.3635e+41 2.1275e+42 1.3717e+41 5.2983e+42 4.0479e+41 1.601e+42 2.171e+42 1.1948e+36 1.0235e+39 5.1773e+38 2.9252e+41 8.3136e+38 2.0491e+39 8.3002e+39 6.9451e+39 3.8233e+40 3.1368e+40
-5.0 0.3 10000.0 -2.0 1.891e+42 1.3248e+42 2.7384e+40 8.2424e+40 1.3192e+42 9.7532e+40 3.8791e+42 2.8782e+41 9.9586e+41 1.3959e+42 2.1167e+35 4.0164e+38 2.0288e+38 1.4683e+41 4.327e+38 1.0665e+39 5.5429e+39 4.6536e+39 2.2817e+40 1.8779e+40
-5.0 0.5 100.0 -1.2 5.8706e+42 2.3565e+42 5.7485e+40 1.7303e+41 3.1123e+42 2.1167e+41 7.1068e+42 6.2463e+41 5.7502e+42 4.1273e+42 1.3897e+38 4.1366e+39 2.0969e+39 6.8942e+41 1.3227e+39 3.2601e+39 3.6212e+39 2.1439e+39 5.1123e+40 3.348e+40
-5.0 0.5 100.0 -1.4 5.5071e+42 2.2187e+42 5.1576e+40 1.5524e+41 2.5997e+42 1.9628e+41 6.6609e+42 5.7921e+41 5.0363e+42 3.6255e+42 1.2184e+38 3.6968e+39 1.8778e+39 5.2465e+41 1.1423e+39 2.8155e+39 3.4042e+39 2.0155e+39 4.4191e+40 2.894e+40
-5.0 0.5 100.0 -1.7 4.3389e+42 1.7754e+42 3.7112e+40 1.1171e+41 1.7476e+42 1.5278e+41 5.3001e+42 4.5084e+41 3.6221e+42 2.6188e+42 8.7385e+37 2.7619e+39 1.4076e+39 2.9727e+41 7.6991e+38 1.8976e+39 2.6306e+39 1.5577e+39 3.0329e+40 1.9863e+40
-5.0 0.5 100.0 -2.0 3.1179e+42 1.3074e+42 2.3777e+40 7.1569e+40 1.0913e+42 1.0902e+41 3.8864e+42 3.2172e+41 2.4128e+42 1.7517e+42 5.4939e+37 1.9518e+39 9.9783e+38 1.512e+41 4.5685e+38 1.126e+39 1.8153e+39 1.0751e+39 1.8684e+40 1.2237e+40
-5.0 0.5 1000.0 -1.2 5.313e+42 2.3789e+42 5.7873e+40 1.742e+41 3.3599e+42 2.1165e+41 7.1496e+42 6.2457e+41 5.3858e+42 4.6098e+42 1.107e+38 4.1981e+39 2.1276e+39 6.8838e+41 1.3551e+39 3.34e+39 3.6627e+39 2.2477e+39 5.2311e+40 3.5016e+40
-5.0 0.5 1000.0 -1.4 4.9747e+42 2.2354e+42 5.198e+40 1.5646e+41 2.7917e+42 1.9622e+41 6.6863e+42 5.7905e+41 4.6265e+42 4.0235e+42 8.3694e+37 3.6947e+39 1.8756e+39 5.2358e+41 1.1747e+39 2.8953e+39 3.4544e+39 2.1206e+39 4.5317e+40 3.0344e+40
-5.0 0.5 1000.0 -1.7 3.9135e+42 1.7847e+42 3.7462e+40 1.1276e+41 1.8638e+42 1.5279e+41 5.3066e+42 4.5089e+41 3.2363e+42 2.8829e+42 4.0312e+37 2.5904e+39 1.3179e+39 2.9635e+41 7.959e+38 1.9617e+39 2.6833e+39 1.648e+39 3.1216e+40 2.091e+40
-5.0 0.5 1000.0 -2.0 2.81e+42 1.3128e+42 2.4035e+40 7.2346e+40 1.1558e+42 1.0911e+41 3.8858e+42 3.2197e+41 2.0992e+42 1.9146e+42 1.4166e+37 1.5711e+39 7.9965e+38 1.5059e+41 4.7405e+38 1.1684e+39 1.8615e+39 1.1439e+39 1.9292e+40 1.2927e+40
-5.0 0.5 10000.0 -1.2 3.0846e+42 2.4148e+42 5.7266e+40 1.7237e+41 3.6682e+42 2.01e+41 7.2206e+42 5.9314e+41 3.7452e+42 4.4638e+42 9.1635e+36 2.0828e+39 1.0519e+39 6.8335e+41 1.349e+39 3.3249e+39 3.3611e+39 2.7867e+39 4.9936e+40 4.0622e+40
-5.0 0.5 10000.0 -1.4 2.8592e+42 2.2628e+42 5.1204e+40 1.5412e+41 3.0323e+42 1.8623e+41 6.732e+42 5.4956e+41 3.1025e+42 3.7782e+42 5.1238e+36 1.5798e+39 7.9798e+38 5.1867e+41 1.1539e+39 2.8439e+39 3.1746e+39 2.6381e+39 4.3219e+40 3.5248e+40
-5.0 0.5 10000.0 -1.7 2.224e+42 1.8014e+42 3.6115e+40 1.0871e+41 2.0075e+42 1.45e+41 5.3252e+42 4.279e+41 2.0473e+42 2.5826e+42 1.3186e+36 7.7499e+38 3.9133e+38 2.9187e+41 7.3954e+38 1.8228e+39 2.4568e+39 2.048e+39 2.9556e+40 2.4185e+40
-5.0 0.5 10000.0 -2.0 1.5852e+42 1.3228e+42 2.2026e+40 6.6297e+40 1.2378e+42 1.0368e+41 3.8911e+42 3.0595e+41 1.256e+42 1.6433e+42 2.309e+35 3.041e+38 1.5343e+38 1.4653e+41 3.9551e+38 9.7483e+38 1.6876e+39 1.4109e+39 1.8025e+40 1.4793e+40
-1.0 0.1 100.0 -1.2 5.3838e+41 1.6748e+42 5.4034e+42 1.6264e+43 4.6852e+41 2.1849e+40 4.8867e+42 6.4475e+40 2.1077e+41 1.4888e+41 6.9511e+41 4.6866e+42 2.5408e+42 5.1746e+42 7.8992e+41 1.9149e+42 2.1943e+41 1.302e+41 1.7871e+42 1.1703e+42
-1.0 0.1 100.0 -1.4 3.5203e+41 1.4097e+42 5.352e+42 1.6109e+43 2.2304e+41 1.1006e+40 4.0347e+42 3.2479e+40 1.2115e+41 8.5921e+40 4.8007e+41 4.1523e+42 2.1546e+42 3.8138e+42 5.7251e+41 1.38e+42 1.7468e+41 1.0391e+41 1.4901e+42 9.7585e+41
-1.0 0.1 100.0 -1.7 2.2689e+41 1.1489e+42 4.402e+42 1.325e+43 5.4852e+40 4.1477e+39 3.2612e+42 1.224e+40 4.5985e+40 3.3151e+40 2.3692e+41 2.6884e+42 1.3618e+42 2.1112e+42 2.794e+41 6.6811e+41 1.2148e+41 7.273e+40 1.0054e+42 6.5854e+41
-1.0 0.1 100.0 -2.0 1.742e+41 9.3244e+41 3.1349e+42 9.4361e+42 9.4474e+39 2.1977e+39 2.6541e+42 6.4854e+39 1.7885e+40 1.3403e+40 1.0062e+41 1.5008e+42 7.6066e+41 1.0602e+42 1.2724e+41 3.0344e+41 9.0752e+40 5.49e+40 6.6864e+41 4.3805e+41
-1.0 0.1 1000.0 -1.2 1.4799e+42 2.7745e+42 1.0296e+43 3.0992e+43 1.107e+42 7.5185e+40 8.0999e+42 2.2187e+41 4.6877e+41 3.7798e+41 4.0849e+41 1.0072e+43 5.1559e+42 5.7524e+42 9.2722e+41 2.2652e+42 5.9655e+41 3.6538e+41 5.7464e+42 3.8394e+42
-1.0 0.1 1000.0 -1.4 1.1632e+42 2.3849e+42 9.1548e+42 2.7556e+43 5.7705e+41 4.5333e+40 6.858e+42 1.3378e+41 2.8205e+41 2.339e+41 1.97e+41 7.1308e+42 3.6435e+42 4.1418e+42 6.1778e+41 1.5086e+42 5.4034e+41 3.3161e+41 4.5287e+42 3.0288e+42
-1.0 0.1 1000.0 -1.7 9.2591e+41 1.8257e+42 6.4239e+42 1.9336e+43 1.8156e+41 2.1556e+40 5.2065e+42 6.3612e+40 1.2322e+41 1.1255e+41 5.2966e+40 3.0051e+42 1.5533e+42 2.21e+42 2.8184e+41 6.888e+41 4.2956e+41 2.6448e+41 2.6874e+42 1.8e+42
-1.0 0.1 1000.0 -2.0 8.0603e+41 1.3394e+42 4.0132e+42 1.208e+43 5.4533e+40 1.3294e+40 3.8209e+42 3.9231e+40 6.2894e+40 6.6424e+40 1.7006e+40 9.2596e+41 4.8576e+41 1.084e+42 1.182e+41 2.8938e+41 3.1596e+41 1.9523e+41 1.4007e+42 9.3944e+41
-1.0 0.1 10000.0 -1.2 3.6051e+42 3.3922e+42 8.4576e+42 2.5457e+43 2.4997e+42 2.1256e+41 1.0067e+43 6.2726e+41 7.6484e+41 9.4652e+41 7.9818e+39 1.5643e+42 7.9735e+41 5.1733e+42 3.735e+41 9.1954e+41 1.0404e+42 8.5932e+41 4.4321e+42 3.6375e+42
-1.0 0.1 10000.0 -1.4 3.0914e+42 2.8448e+42 7.1782e+42 2.1607e+43 1.3546e+42 1.4722e+41 8.3165e+42 4.3443e+41 4.4319e+41 5.7916e+41 3.684e+39 8.4014e+41 4.3147e+41 3.7811e+42 2.6444e+41 6.5109e+41 8.9014e+41 7.3973e+41 3.2644e+42 2.6917e+42
-1.0 0.1 10000.0 -1.7 2.5574e+42 2.0603e+42 4.4993e+42 1.3543e+43 5.3244e+41 9.4611e+40 5.9538e+42 2.792e+41 2.111e+41 3.1232e+41 6.7012e+38 2.1811e+41 1.1645e+41 2.03e+42 1.1941e+41 2.9409e+41 5.4126e+41 4.5471e+41 1.6375e+42 1.3603e+42
-1.0 0.1 10000.0 -2.0 2.1439e+42 1.4352e+42 2.356e+42 7.0916e+42 2.4247e+41 7.1888e+40 4.1461e+42 2.1214e+41 1.2741e+41 2.0983e+41 8.3151e+37 4.9958e+40 2.9722e+40 9.8513e+41 4.4999e+40 1.1086e+41 2.7381e+41 2.3238e+41 7.2629e+41 6.0723e+41
-1.0 0.3 100.0 -1.2 5.709e+41 1.2666e+42 1.9136e+42 5.7599e+42 5.8131e+41 3.0079e+40 3.9e+42 8.8762e+40 2.6585e+41 1.8684e+41 5.9354e+41 1.663e+42 1.2274e+42 4.1009e+42 3.5418e+41 8.6764e+41 5.4162e+40 3.2081e+40 9.2038e+41 6.0266e+41
-1.0 0.3 100.0 -1.4 3.3694e+41 9.4467e+41 2.2081e+42 6.6465e+42 3.1393e+41 1.52e+40 2.8156e+42 4.4854e+40 1.6309e+41 1.1483e+41 4.7676e+41 1.4993e+42 1.0662e+42 3.164e+42 3.46e+41 8.4562e+41 6.1333e+40 3.6365e+40 9.4589e+41 6.194e+41
-1.0 0.3 100.0 -1.7 1.8634e+41 6.8324e+41 2.3632e+42 7.1132e+42 1.0135e+41 5.1132e+39 1.9626e+42 1.5089e+40 7.0374e+40 4.9943e+40 2.697e+41 1.1672e+42 7.3579e+41 1.8767e+42 2.4676e+41 5.9995e+41 5.5345e+40 3.2926e+40 7.9966e+41 5.2371e+41
-1.0 0.3 100.0 -2.0 1.3804e+41 5.7154e+41 2.014e+42 6.0623e+42 2.7151e+40 2.3602e+39 1.6284e+42 6.9649e+39 2.9548e+40 2.1386e+40 1.2128e+41 7.3723e+41 4.3877e+41 9.9168e+41 1.2691e+41 3.0737e+41 4.3643e+40 2.6136e+40 5.5829e+41 3.6568e+41
-1.0 0.3 1000.0 -1.2 1.3331e+42 2.432e+42 7.523e+42 2.2644e+43 1.178e+42 6.7589e+40 7.2458e+42 1.9945e+41 6.0441e+41 4.7478e+41 4.7903e+41 4.677e+42 2.992e+42 5.5258e+42 8.2576e+41 2.0235e+42 2.6058e+41 1.5937e+41 4.5224e+42 3.0195e+42
-1.0 0.3 1000.0 -1.4 1.038e+42 2.049e+42 7.1039e+42 2.1383e+43 6.5345e+41 4.2648e+40 5.9768e+42 1.2586e+41 3.8017e+41 3.0433e+41 2.4456e+41 3.7615e+42 2.1813e+42 4.0194e+42 6.0587e+41 1.4838e+42 2.6039e+41 1.5951e+41 3.8091e+42 2.5456e+42
-1.0 0.3 1000.0 -1.7 8.2165e+41 1.5808e+42 5.3677e+42 1.6157e+43 2.3579e+41 2.2617e+40 4.5447e+42 6.6743e+40 1.7799e+41 1.5213e+41 6.5756e+40 1.9756e+42 1.0672e+42 2.1705e+42 3.015e+41 7.3855e+41 2.2515e+41 1.3831e+41 2.392e+42 1.6008e+42
-1.0 0.3 1000.0 -2.0 7.1991e+41 1.1938e+42 3.5251e+42 1.061e+43 7.833e+40 1.444e+40 3.4223e+42 4.2611e+40 8.6637e+40 8.3795e+40 1.9059e+40 7.3797e+41 4.0598e+41 1.0713e+42 1.3279e+41 3.2563e+41 1.7435e+41 1.0745e+41 1.2868e+42 8.6233e+41
-1.0 0.3 10000.0 -1.2 3.2136e+42 3.3294e+42 7.4113e+42 2.2308e+43 2.7095e+42 2.1797e+41 9.9835e+42 6.4322e+41 1.1316e+42 1.3e+42 9.0301e+39 1.2773e+42 6.7612e+41 5.1542e+42 3.6526e+41 8.9943e+41 5.1929e+41 4.2704e+41 3.6257e+42 2.9667e+42
-1.0 0.3 10000.0 -1.4 2.7689e+42 2.7919e+42 6.3774e+42 1.9196e+43 1.5324e+42 1.5779e+41 8.2389e+42 4.6564e+41 6.861e+41 8.1586e+41 4.1304e+39 7.2303e+41 3.8207e+41 3.7698e+42 2.6718e+41 6.5796e+41 4.5659e+41 3.7755e+41 2.7396e+42 2.2513e+42
-1.0 0.3 10000.0 -1.7 2.3135e+42 2.0287e+42 4.0803e+42 1.2282e+43 6.1512e+41 1.0283e+41 5.901e+42 3.0344e+41 3.157e+41 4.1688e+41 7.371e+38 2.029e+41 1.0928e+41 2.0254e+42 1.261e+41 3.1059e+41 2.8792e+41 2.4053e+41 1.4224e+42 1.1773e+42
-1.0 0.3 10000.0 -2.0 1.9704e+42 1.424e+42 2.1753e+42 6.5475e+42 2.7175e+41 7.7172e+40 4.1249e+42 2.2774e+41 1.7104e+41 2.5583e+41 9.0011e+37 4.8624e+40 2.8682e+40 9.8348e+41 4.931e+40 1.2149e+41 1.5064e+41 1.2708e+41 6.4949e+41 5.4097e+41
-1.0 0.5 100.0 -1.2 4.8393e+41 1.1304e+42 8.0914e+41 2.4355e+42 5.089e+41 3.3887e+40 3.5931e+42 1e+41 2.8923e+41 2.0279e+41 4.9373e+41 1.1391e+42 8.0377e+41 3.4231e+42 1.5054e+41 3.7004e+41 6.7912e+39 4.021e+39 4.7275e+41 3.0954e+41
-1.0 0.5 100.0 -1.4 2.8052e+41 8.1925e+41 1.0059e+42 3.0279e+42 2.9044e+41 1.7854e+40 2.525e+42 5.2686e+40 1.8315e+41 1.2852e+41 4.4763e+41 1.0911e+42 8.1893e+41 2.7128e+42 1.7259e+41 4.2376e+41 9.7756e+39 5.7908e+39 5.3319e+41 3.4914e+41
-1.0 0.5 100.0 -1.7 1.451e+41 5.349e+41 1.272e+42 3.8288e+42 1.0469e+41 5.9713e+39 1.5722e+42 1.7621e+40 8.5178e+40 6.0099e+40 2.9986e+41 8.4665e+41 6.6721e+41 1.6861e+42 1.7761e+41 4.3493e+41 1.3364e+40 7.9308e+39 5.6911e+41 3.7269e+41
-1.0 0.5 100.0 -2.0 1.0413e+41 4.2012e+41 1.2855e+42 3.8695e+42 3.2874e+40 2.5e+39 1.2037e+42 7.3775e+39 3.8365e+40 2.7446e+40 1.4622e+41 5.6456e+41 4.231e+41 9.3002e+41 1.1962e+41 2.9214e+41 1.2913e+40 7.6938e+39 4.644e+41 3.0415e+41
-1.0 0.5 1000.0 -1.2 1.0514e+42 2.246e+42 5.0399e+42 1.517e+43 1.0242e+42 6.4121e+40 6.824e+42 1.8922e+41 6.8817e+41 5.3185e+41 5.4774e+41 3.7951e+42 2.7593e+42 5.3177e+42 6.452e+41 1.5847e+42 6.298e+40 3.8477e+40 3.2205e+42 2.149e+42
-1.0 0.5 1000.0 -1.4 8.1915e+41 1.8485e+42 5.0314e+42 1.5144e+43 5.9011e+41 4.0015e+40 5.4759e+42 1.1809e+41 4.5376e+41 3.5554e+41 2.9745e+41 2.9368e+42 2.1217e+42 3.904e+42 5.2946e+41 1.2998e+42 7.0834e+40 4.3322e+40 2.9386e+42 1.9624e+42
-1.0 0.5 1000.0 -1.7 6.5312e+41 1.4107e+42 4.1146e+42 1.2385e+43 2.2996e+41 2.1977e+40 4.0872e+42 6.4853e+40 2.2379e+41 1.8464e+41 8.2347e+40 1.5925e+42 1.0888e+42 2.1312e+42 2.9834e+41 7.3235e+41 6.9426e+40 4.2556e+40 2.0125e+42 1.3457e+42
-1.0 0.5 1000.0 -2.0 5.8084e+41 1.0801e+42 2.8553e+42 8.5944e+42 8.5963e+40 1.4851e+40 3.1065e+42 4.3827e+40 1.1519e+41 1.0438e+41 2.2043e+40 6.7275e+41 4.2031e+41 1.0579e+42 1.4117e+41 3.4673e+41 5.7487e+40 3.5332e+40 1.1378e+42 7.6181e+41
-1.0 0.5 10000.0 -1.2 2.5372e+42 3.2771e+42 5.8563e+42 1.7627e+43 2.4099e+42 2.106e+41 9.9198e+42 6.2148e+41 1.4438e+42 1.5701e+42 1.0306e+40 1.0355e+42 5.4297e+41 5.134e+42 3.22e+41 7.9308e+41 1.4757e+41 1.2082e+41 2.7399e+42 2.2353e+42
-1.0 0.5 10000.0 -1.4 2.2076e+42 2.7514e+42 5.1124e+42 1.5388e+43 1.4138e+42 1.5824e+41 8.1885e+42 4.6697e+41 9.1232e+41 1.0173e+42 4.6999e+39 6.0583e+41 3.1746e+41 3.7574e+42 2.4392e+41 6.008e+41 1.3358e+41 1.0988e+41 2.128e+42 1.7427e+42
-1.0 0.5 10000.0 -1.7 1.8721e+42 2.0019e+42 3.3423e+42 1.006e+43 6.0369e+41 1.0778e+41 5.8614e+42 3.1807e+41 4.4969e+41 5.3962e+41 8.2713e+38 1.7841e+41 9.5939e+40 2.0202e+42 1.2075e+41 2.9748e+41 8.7468e+40 7.2641e+40 1.1462e+42 9.45e+41
-1.0 0.5 10000.0 -2.0 1.6195e+42 1.4111e+42 1.813e+42 5.457e+42 2.6838e+41 8.1613e+40 4.1022e+42 2.4084e+41 2.3644e+41 3.1754e+41 9.9275e+37 4.4587e+40 2.6054e+40 9.8138e+41 4.8941e+40 1.2059e+41 4.7119e+40 3.9504e+40 5.3735e+41 4.4581e+41
