# log(Us)  xid nh alpha [OII]3727 Hbeta [OIII]4959 [OIII]5007 [OI]6300 [NII]6548 Halpha [NII]6584 [SII]6717 [SII]6731 NV1240 CIV1548 CIV1551 HeII1640 OIII]1661 OIII]1666 [SiIII]1883 SiIII]1888 [CIII]1907 CIII]1910 
-1.0 0.1 100.0 -1.2 3.5191e+41 4.4637e+41 2.7835e+42 8.3785e+42 1.0757e+41 1.4293e+41 1.2796e+42 4.2178e+41 9.596e+40 7.0909e+40 9.9786e+41 8.4658e+41 5.4269e+41 3.1202e+42 3.0002e+40 6.9888e+40 1.5973e+40 9.6449e+39 3.0274e+41 1.984e+41
-1.0 0.1 100.0 -1.4 1.6864e+41 4.353e+41 2.4943e+42 7.5079e+42 2.1458e+40 6.0738e+40 1.2563e+42 1.7924e+41 4.9205e+40 3.7186e+40 5.0196e+41 4.8495e+41 3.1506e+41 2.5909e+42 1.481e+40 3.3868e+40 6.9738e+39 4.5093e+39 1.5491e+41 1.0157e+41
-1.0 0.1 100.0 -1.7 9.7863e+40 4.4334e+41 1.6887e+42 5.0829e+42 3.1055e+39 3.129e+40 1.313e+42 9.2338e+40 2.394e+40 1.8756e+40 1.3026e+41 1.7055e+41 9.8353e+40 1.7405e+42 3.6967e+39 8.2048e+39 1.5171e+39 1.8254e+39 4.0718e+40 2.6837e+40
-1.0 0.1 100.0 -2.0 7.5237e+40 4.5215e+41 6.831e+41 2.0561e+42 1.9361e+39 2.292e+40 1.3915e+42 6.7637e+40 1.7253e+40 1.3556e+40 2.997e+40 4.2884e+40 3.0105e+40 1.058e+42 8.5571e+38 1.8603e+39 2.6449e+38 1.9297e+39 6.5562e+39 4.6339e+39
-1.0 0.1 1000.0 -1.2 1.5675e+42 1.6862e+42 1.4243e+43 4.2872e+43 3.6922e+41 6.8795e+41 4.9502e+42 2.0301e+42 3.6626e+41 3.8647e+41 1.3936e+41 9.9681e+41 4.8539e+41 5.1502e+42 7.5362e+40 1.7504e+41 6.1373e+40 3.9582e+40 1.1007e+42 7.4386e+41
-1.0 0.1 1000.0 -1.4 9.9335e+41 1.5863e+42 9.1767e+42 2.7622e+43 9.4683e+40 3.9563e+41 4.7069e+42 1.1675e+42 1.8609e+41 2.1741e+41 3.4281e+40 2.096e+41 1.0867e+41 3.7996e+42 2.0827e+40 4.8263e+40 2.6581e+40 1.8576e+40 3.8815e+41 2.6312e+41
-1.0 0.1 1000.0 -1.7 5.9146e+41 1.3401e+42 3.7609e+42 1.132e+43 2.5844e+40 2.5647e+41 4.0437e+42 7.5683e+41 9.7769e+40 1.2766e+41 2.2276e+40 3.9047e+40 2.6911e+40 2.0905e+42 2.2007e+39 5.1274e+39 6.221e+39 6.6246e+39 5.7594e+40 3.9393e+40
-1.0 0.1 1000.0 -2.0 3.3643e+41 1.0593e+42 1.2886e+42 3.8787e+42 1.3343e+40 1.7855e+41 3.243e+42 5.269e+41 6.5442e+40 8.7045e+40 1.6418e+40 2.0279e+40 1.6398e+40 1.0445e+42 2.9306e+38 6.8983e+38 1.1005e+39 3.6568e+39 6.6715e+39 4.7748e+39
-1.0 0.1 10000.0 -1.2 4.3249e+42 2.8625e+42 1.5368e+43 4.6256e+43 1.3296e+42 3.5938e+42 8.4968e+42 1.0605e+43 6.1305e+41 1.1093e+42 1.5375e+40 8.5352e+40 4.9486e+40 4.7355e+42 2.9492e+40 7.192e+40 1.31e+41 1.2356e+41 6.846e+41 6.1359e+41
-1.0 0.1 10000.0 -1.4 2.9617e+42 2.4977e+42 1.0422e+43 3.1369e+43 5.1909e+41 2.5772e+42 7.4237e+42 7.6053e+42 3.6738e+41 7.0603e+41 1.408e+40 3.7092e+40 2.4961e+40 3.4822e+42 1.1902e+40 2.9041e+40 6.5742e+40 6.3343e+40 3.0526e+41 2.7616e+41
-1.0 0.1 10000.0 -1.7 1.7674e+42 1.8823e+42 4.8674e+42 1.4651e+43 1.9046e+41 1.8146e+42 5.6078e+42 5.3548e+42 2.2464e+41 4.5677e+41 8.6602e+39 1.6719e+40 1.4194e+40 1.8889e+42 2.5274e+39 6.1876e+39 1.7776e+40 1.7999e+40 7.6269e+40 6.9873e+40
-1.0 0.1 10000.0 -2.0 1.0419e+42 1.3463e+42 1.9315e+42 5.8139e+42 9.5975e+40 1.3016e+42 4.0235e+42 3.841e+42 1.6127e+41 3.3212e+41 2.2424e+39 1.1628e+40 1.0265e+40 9.2074e+41 4.8478e+38 1.1902e+39 3.774e+39 4.198e+39 1.7506e+40 1.6221e+40
-1.0 0.3 100.0 -1.2 2.4117e+42 2.6371e+41 1.7367e+42 5.2275e+42 7.5263e+41 7.9664e+41 7.8673e+41 2.3509e+42 2.8779e+41 2.0771e+41 1.1237e+42 7.2594e+41 5.051e+41 1.7498e+42 8.4214e+40 2.0425e+41 2.0944e+40 1.2405e+40 8.3979e+41 5.501e+41
-1.0 0.3 100.0 -1.4 1.1505e+42 2.1692e+41 1.5905e+42 4.7873e+42 4.2954e+41 4.3699e+41 6.2598e+41 1.2896e+42 1.8493e+41 1.3369e+41 6.3531e+41 5.0186e+41 3.4754e+41 1.5434e+42 4.7334e+40 1.1418e+41 1.269e+40 7.531e+39 4.781e+41 3.1322e+41
-1.0 0.3 100.0 -1.7 2.9884e+41 1.8775e+41 1.3023e+42 3.9199e+42 1.1575e+41 1.3169e+41 5.3792e+41 3.8862e+41 8.4074e+40 6.1436e+40 2.068e+41 2.1519e+41 1.4978e+41 1.1641e+42 1.5596e+40 3.7162e+40 4.0938e+39 2.4938e+39 1.6004e+41 1.0489e+41
-1.0 0.3 100.0 -2.0 1.1131e+41 1.8774e+41 8.6684e+41 2.6092e+42 1.3451e+40 4.4589e+40 5.5106e+41 1.3158e+41 3.3347e+40 2.5285e+40 4.5549e+40 5.5683e+40 4.0365e+40 7.8585e+41 3.0379e+39 7.1221e+39 9.346e+38 7.8554e+38 3.6146e+40 2.3741e+40
-1.0 0.3 1000.0 -1.2 3.6343e+42 1.038e+42 1.0743e+43 3.2336e+43 1.7496e+42 1.7241e+42 3.0029e+42 5.0877e+42 8.9681e+41 8.3832e+41 2.9559e+41 9.0921e+41 4.6517e+41 4.4349e+42 1.4078e+41 3.3762e+41 5.024e+40 3.1331e+40 1.6698e+42 1.125e+42
-1.0 0.3 1000.0 -1.4 1.877e+42 9.7213e+41 7.9166e+42 2.3829e+43 7.2302e+41 9.0342e+41 2.8314e+42 2.666e+42 5.1011e+41 4.9669e+41 7.7017e+40 3.2677e+41 1.6771e+41 3.3976e+42 5.0564e+40 1.2089e+41 2.4731e+40 1.5725e+40 7.246e+41 4.8938e+41
-1.0 0.3 1000.0 -1.7 9.0578e+41 8.6174e+41 3.988e+42 1.2004e+43 1.2926e+41 4.1653e+41 2.5516e+42 1.2292e+42 2.0137e+41 2.2567e+41 2.5802e+40 4.4729e+40 2.9819e+40 1.9628e+42 6.938e+39 1.6571e+40 7.4092e+39 5.3037e+39 1.4316e+41 9.7107e+40
-1.0 0.3 1000.0 -2.0 5.5436e+41 7.2809e+41 1.704e+42 5.1292e+42 3.9672e+40 2.8397e+41 2.1904e+42 8.3798e+41 1.1281e+41 1.4178e+41 1.8446e+40 1.8779e+40 1.6134e+40 1.0069e+42 8.4943e+38 2.036e+39 1.9126e+39 2.1519e+39 2.3841e+40 1.6298e+40
-1.0 0.3 10000.0 -1.2 5.9708e+42 2.4191e+42 1.4126e+43 4.2519e+43 3.2559e+42 5.2946e+42 7.0932e+42 1.5624e+43 1.3289e+42 2.1523e+42 1.6171e+40 8.7388e+40 5.4758e+40 4.6891e+42 4.2261e+40 1.0337e+41 7.7287e+40 7.1707e+40 7.9765e+41 7.0511e+41
-1.0 0.3 10000.0 -1.4 4.0173e+42 2.1417e+42 9.8266e+42 2.9578e+43 1.4163e+42 3.671e+42 6.297e+42 1.0833e+43 7.5937e+41 1.3057e+42 1.4257e+40 3.812e+40 2.6842e+40 3.4683e+42 1.7657e+40 4.3215e+40 4.021e+40 3.7985e+40 3.6971e+41 3.3013e+41
-1.0 0.3 10000.0 -1.7 2.421e+42 1.6613e+42 4.7935e+42 1.4428e+43 4.7484e+41 2.4552e+42 4.9099e+42 7.2452e+42 3.9743e+41 7.4673e+41 8.5607e+39 1.6708e+40 1.3909e+40 1.894e+42 3.9275e+39 9.6307e+39 1.1572e+40 1.1338e+40 1.0013e+41 9.0461e+40
-1.0 0.3 10000.0 -2.0 1.5209e+42 1.223e+42 2.0222e+42 6.0869e+42 2.2473e+41 1.7994e+42 3.6297e+42 5.3102e+42 2.6507e+41 5.2097e+41 2.2012e+39 1.1228e+40 9.8871e+39 9.27e+41 8.1794e+38 2.0096e+39 2.7646e+39 2.8686e+39 2.62e+40 2.3885e+40
-1.0 0.5 100.0 -1.2 2.6118e+42 2.3038e+41 1.0131e+42 3.0493e+42 7.9868e+41 1.0521e+42 7.3168e+41 3.1048e+42 3.8238e+41 2.7389e+41 1.3098e+42 6.3223e+41 4.6147e+41 1.249e+42 7.4043e+40 1.8097e+41 6.921e+39 4.0969e+39 7.584e+41 4.9674e+41
-1.0 0.5 100.0 -1.4 1.4482e+42 1.7099e+41 9.5024e+41 2.8602e+42 5.0828e+41 6.4074e+41 5.1558e+41 1.8908e+42 2.4721e+41 1.7707e+41 8.1263e+41 4.7545e+41 3.5085e+41 1.1236e+42 4.9435e+40 1.2068e+41 5.3532e+39 3.1706e+39 5.1292e+41 3.3599e+41
-1.0 0.5 100.0 -1.7 4.8381e+41 1.273e+41 8.6933e+41 2.6167e+42 1.9666e+41 2.4029e+41 3.6424e+41 7.0908e+41 1.2089e+41 8.7215e+40 3.121e+41 2.4152e+41 1.8166e+41 8.9015e+41 2.3204e+40 5.6407e+40 2.9328e+39 1.7435e+39 2.3541e+41 1.5425e+41
-1.0 0.5 100.0 -2.0 1.655e+41 1.1526e+41 7.0657e+41 2.1268e+42 4.8286e+40 8.1658e+40 3.3059e+41 2.4097e+41 5.8153e+40 4.2824e+40 8.8449e+40 9.2778e+40 7.0198e+40 6.2958e+41 8.0306e+39 1.9382e+40 1.0753e+39 6.6334e+38 8.5033e+40 5.5739e+40
-1.0 0.5 1000.0 -1.2 4.1924e+42 7.6938e+41 7.4774e+42 2.2507e+43 2.0588e+42 2.3128e+42 2.227e+42 6.8249e+42 1.1535e+42 1.0262e+42 5.6382e+41 8.5922e+41 6.348e+41 3.8822e+42 1.8398e+41 4.4755e+41 2.7493e+40 1.7002e+40 1.9336e+42 1.3e+42
-1.0 0.5 1000.0 -1.4 2.3132e+42 6.9841e+41 6.1165e+42 1.8411e+43 1.051e+42 1.2917e+42 2.012e+42 3.8117e+42 7.2608e+41 6.656e+41 1.9504e+41 4.0431e+41 2.8854e+41 3.0598e+42 8.6293e+40 2.095e+41 1.5818e+40 9.8489e+39 1.0194e+42 6.8677e+41
-1.0 0.5 1000.0 -1.7 1.0828e+42 6.2207e+41 3.6753e+42 1.1063e+43 2.7014e+41 5.8935e+41 1.812e+42 1.7392e+42 3.3205e+41 3.3693e+41 3.8632e+40 8.9915e+40 6.274e+40 1.834e+42 1.8296e+40 4.4341e+40 6.1102e+39 3.9237e+39 2.8763e+41 1.9442e+41
-1.0 0.5 1000.0 -2.0 6.5114e+41 5.4554e+41 1.8314e+42 5.5125e+42 7.0844e+40 3.7717e+41 1.614e+42 1.113e+42 1.7237e+41 2.0029e+41 2.1054e+40 2.4904e+40 2.1423e+40 9.6943e+41 2.9807e+39 7.2295e+39 2.1512e+39 1.5499e+39 6.3734e+40 4.323e+40
-1.0 0.5 10000.0 -1.2 6.1528e+42 2.0598e+42 1.2067e+43 3.6321e+43 3.951e+42 6.3246e+42 5.988e+42 1.8664e+43 1.9645e+42 2.9279e+42 1.8471e+40 1.2435e+41 7.6357e+40 4.6116e+42 6.0625e+40 1.4868e+41 4.0034e+40 3.6483e+40 9.5338e+41 8.3206e+41
-1.0 0.5 10000.0 -1.4 4.2039e+42 1.8496e+42 8.5614e+42 2.577e+43 1.8936e+42 4.51e+42 5.3887e+42 1.3309e+43 1.1797e+42 1.861e+42 1.4886e+40 5.1047e+40 3.3632e+40 3.4307e+42 2.6291e+40 6.4502e+40 2.1691e+40 2.0079e+40 4.5798e+41 4.0383e+41
-1.0 0.5 10000.0 -1.7 2.5337e+42 1.4744e+42 4.2602e+42 1.2823e+43 6.6659e+41 3.0044e+42 4.3211e+42 8.866e+42 5.9568e+41 1.0443e+42 8.575e+39 1.7745e+40 1.4164e+40 1.8865e+42 5.9148e+39 1.4528e+40 6.4745e+39 6.1664e+39 1.2751e+41 1.1373e+41
-1.0 0.5 10000.0 -2.0 1.5982e+42 1.1132e+42 1.8259e+42 5.4961e+42 3.1739e+41 2.1842e+42 3.2816e+42 6.4457e+42 3.911e+41 7.2057e+41 2.1636e+39 1.0911e+40 9.4768e+39 9.277e+41 1.2155e+39 2.9895e+39 1.5826e+39 1.5667e+39 3.4139e+40 3.0698e+40
-2.5 0.1 100.0 -1.2 1.3687e+42 1.8816e+42 5.2492e+42 1.58e+43 1.1965e+41 6.4908e+41 5.76e+42 1.9154e+42 3.57e+41 2.76e+41 5.1326e+41 6.7063e+41 3.6781e+41 4.9062e+42 8.8307e+39 2.1195e+40 9.9488e+39 6.6812e+39 2.263e+41 1.4844e+41
-2.5 0.1 100.0 -1.4 7.4109e+41 1.6366e+42 2.5273e+42 7.6071e+42 4.9582e+40 3.8907e+41 5.0547e+42 1.1481e+42 2.2295e+41 1.7418e+41 2.4557e+41 3.1241e+41 1.7601e+41 3.6788e+42 2.3805e+39 5.6964e+39 2.6337e+39 2.6609e+39 6.5963e+40 4.336e+40
-2.5 0.1 100.0 -1.7 3.0899e+41 1.2567e+42 6.3673e+41 1.9166e+42 1.9728e+40 1.7305e+41 3.9567e+42 5.1066e+41 1.075e+41 8.4154e+40 6.9252e+40 9.4216e+40 5.8838e+40 2.0976e+42 3.7604e+38 8.9326e+38 3.4673e+38 1.7237e+39 8.9828e+39 6.0434e+39
-2.5 0.1 100.0 -2.0 1.3982e+41 9.3913e+41 1.4935e+41 4.4954e+41 7.5979e+39 7.2626e+40 3.0238e+42 2.1432e+41 4.7788e+40 3.7434e+40 2.7691e+40 3.4663e+40 2.5608e+40 1.0873e+42 1.261e+38 2.9668e+38 4.1671e+37 1.1273e+39 7.1902e+38 6.1271e+38
-2.5 0.1 1000.0 -1.2 2.5272e+42 2.2141e+42 1.0768e+43 3.2411e+43 2.3496e+41 1.1181e+42 6.6616e+42 3.2995e+42 4.1602e+41 5.0476e+41 9.0445e+40 5.3085e+41 2.6905e+41 5.048e+42 2.6315e+40 6.3042e+40 4.0279e+40 2.6224e+40 5.9952e+41 4.0599e+41
-2.5 0.1 1000.0 -1.4 1.5972e+42 1.9497e+42 6.789e+42 2.0435e+43 9.7892e+40 7.6805e+41 5.8823e+42 2.2665e+42 2.7494e+41 3.5291e+41 3.0505e+40 1.2187e+41 6.7568e+40 3.7381e+42 7.9364e+39 1.8961e+40 1.6846e+40 1.2061e+40 2.0886e+41 1.4182e+41
-2.5 0.1 1000.0 -1.7 7.926e+41 1.5134e+42 2.8354e+42 8.5344e+42 4.2341e+40 4.4671e+41 4.6043e+42 1.3182e+42 1.6426e+41 2.1579e+41 2.0875e+40 3.2747e+40 2.3359e+40 2.0697e+42 1.0926e+39 2.6064e+39 3.9229e+39 4.5604e+39 3.3877e+40 2.3205e+40
-2.5 0.1 1000.0 -2.0 3.8304e+41 1.128e+42 1.0168e+42 3.0606e+42 1.7559e+40 2.5403e+41 3.4666e+42 7.4966e+41 9.2895e+40 1.2399e+41 1.4895e+40 1.8836e+40 1.5522e+40 1.0418e+42 1.8318e+38 4.3803e+38 7.4913e+38 2.8391e+39 4.3838e+39 3.1466e+39
-2.5 0.1 10000.0 -1.2 4.2696e+42 2.8797e+42 1.4642e+43 4.4071e+43 1.0787e+42 3.5018e+42 8.5816e+42 1.0334e+43 5.4081e+41 1.0072e+42 1.4695e+40 8.1579e+40 4.6949e+40 4.7379e+42 2.7454e+40 6.7017e+40 1.2309e+41 1.1619e+41 6.4213e+41 5.7608e+41
-2.5 0.1 10000.0 -1.4 2.9746e+42 2.5044e+42 1.0022e+43 3.0167e+43 4.7591e+41 2.6248e+42 7.4562e+42 7.7458e+42 3.577e+41 6.9899e+41 1.3623e+40 3.4981e+40 2.3377e+40 3.4966e+42 1.1276e+40 2.7537e+40 6.2564e+40 6.0298e+40 2.906e+41 2.6306e+41
-2.5 0.1 10000.0 -1.7 1.7649e+42 1.8848e+42 4.7445e+42 1.4281e+43 1.9338e+41 1.8453e+42 5.6165e+42 5.4454e+42 2.3021e+41 4.6905e+41 8.4846e+39 1.5413e+40 1.3101e+40 1.9071e+42 2.4375e+39 5.9696e+39 1.7183e+40 1.7393e+40 7.3645e+40 6.7497e+40
-2.5 0.1 10000.0 -2.0 1.0333e+42 1.3515e+42 1.9088e+42 5.7455e+42 9.742e+40 1.3066e+42 4.0411e+42 3.8559e+42 1.6379e+41 3.3727e+41 2.2324e+39 1.091e+40 9.8794e+39 9.3456e+41 4.7409e+38 1.1641e+39 3.701e+39 4.1159e+39 1.7091e+40 1.5842e+40
-2.5 0.3 100.0 -1.2 3.4355e+42 1.071e+42 5.782e+42 1.7404e+43 9.8677e+41 1.4522e+42 3.1985e+42 4.2854e+42 7.9163e+41 5.8582e+41 6.263e+41 6.2549e+41 3.9876e+41 3.8606e+42 3.3991e+40 8.2633e+40 1.9151e+40 1.1468e+40 6.1118e+41 4.006e+41
-2.5 0.3 100.0 -1.4 1.8153e+42 8.954e+41 3.6704e+42 1.1048e+43 3.6355e+41 8.0224e+41 2.6798e+42 2.3674e+42 4.6594e+41 3.5023e+41 3.3071e+41 3.2656e+41 2.1274e+41 2.9574e+42 1.1547e+40 2.801e+40 7.3433e+39 4.5291e+39 2.3552e+41 1.5442e+41
-2.5 0.3 100.0 -1.7 7.5417e+41 6.6982e+41 1.4775e+42 4.4472e+42 7.8181e+40 3.6427e+41 2.0277e+42 1.075e+42 2.1873e+41 1.681e+41 1.1104e+41 1.134e+41 7.7839e+40 1.7402e+42 1.9209e+39 4.6425e+39 1.3264e+39 1.0834e+39 4.5831e+40 3.0098e+40
-2.5 0.3 100.0 -2.0 3.5309e+41 5.0711e+41 4.8783e+41 1.4684e+42 3.141e+40 1.8692e+41 1.5646e+42 5.5159e+41 1.188e+41 9.1891e+40 3.6929e+40 3.7914e+40 2.9287e+40 9.387e+41 3.4002e+38 8.1741e+38 2.4404e+38 5.9983e+38 8.3749e+39 5.5602e+39
-2.5 0.3 1000.0 -1.2 4.1834e+42 1.4793e+42 9.7641e+42 2.939e+43 1.1964e+42 1.9117e+42 4.3694e+42 5.6414e+42 8.7764e+41 9.0103e+41 2.0138e+41 6.2141e+41 3.2747e+41 4.5408e+42 6.0187e+40 1.4595e+41 3.6064e+40 2.2646e+40 1.0136e+42 6.8441e+41
-2.5 0.3 1000.0 -1.4 2.5277e+42 1.3031e+42 6.8135e+42 2.0509e+43 4.5442e+41 1.18e+42 3.8602e+42 3.4821e+42 5.1805e+41 5.7301e+41 5.9217e+40 2.2246e+41 1.1947e+41 3.4358e+42 2.282e+40 5.5217e+40 1.7738e+40 1.1401e+40 4.4262e+41 2.9946e+41
-2.5 0.3 1000.0 -1.7 1.2993e+42 1.0427e+42 3.3712e+42 1.0147e+43 1.2155e+41 6.6067e+41 3.1175e+42 1.9496e+42 2.642e+41 3.225e+41 2.4174e+40 3.726e+40 2.6012e+40 1.9602e+42 3.8906e+39 9.3941e+39 5.4154e+39 3.9665e+39 9.6947e+40 6.5829e+40
-2.5 0.3 1000.0 -2.0 7.1101e+41 8.1627e+41 1.4705e+42 4.4263e+42 5.5763e+40 4.1433e+41 2.4677e+42 1.2227e+42 1.6446e+41 2.0799e+41 1.6874e+40 1.7944e+40 1.5517e+40 1.0072e+42 5.8518e+38 1.4136e+39 1.4689e+39 1.7045e+39 1.8143e+40 1.241e+40
-2.5 0.3 10000.0 -1.2 5.8357e+42 2.4402e+42 1.3557e+43 4.0807e+43 2.6621e+42 5.0551e+42 7.1753e+42 1.4918e+43 1.1066e+42 1.8566e+42 1.549e+40 8.3369e+40 5.1892e+40 4.6944e+42 3.9434e+40 9.6516e+40 7.3043e+40 6.7841e+40 7.497e+41 6.6379e+41
-2.5 0.3 10000.0 -1.4 4.0365e+42 2.1553e+42 9.5055e+42 2.8611e+43 1.2524e+42 3.6666e+42 6.3471e+42 1.082e+43 6.9454e+41 1.2282e+42 1.3827e+40 3.5977e+40 2.5109e+40 3.4829e+42 1.6757e+40 4.1034e+40 3.8444e+40 3.6338e+40 3.5328e+41 3.157e+41
-2.5 0.3 10000.0 -1.7 2.4437e+42 1.6698e+42 4.6898e+42 1.4116e+43 4.6745e+41 2.4998e+42 4.9363e+42 7.3768e+42 3.9805e+41 7.5511e+41 8.4119e+39 1.5316e+40 1.3074e+40 1.9111e+42 3.7971e+39 9.3133e+39 1.1228e+40 1.1002e+40 9.7182e+40 8.7827e+40
-2.5 0.3 10000.0 -2.0 1.5246e+42 1.2306e+42 2.0034e+42 6.0303e+42 2.279e+41 1.8169e+42 3.6522e+42 5.3616e+42 2.6917e+41 5.3013e+41 2.1965e+39 1.0701e+40 9.5914e+39 9.4032e+41 8.0262e+38 1.9723e+39 2.721e+39 2.8231e+39 2.5716e+40 2.345e+40
-2.5 0.5 100.0 -1.2 4.3202e+42 7.1458e+41 4.5107e+42 1.3577e+43 1.5169e+42 2.0567e+42 2.1041e+42 6.0694e+42 1.1453e+42 8.3213e+41 8.8945e+41 6.757e+41 4.9043e+41 3.1196e+42 6.6481e+40 1.627e+41 1.4971e+40 8.8878e+39 9.3499e+41 6.127e+41
-2.5 0.5 100.0 -1.4 2.413e+42 5.8026e+41 3.2572e+42 9.804e+42 7.046e+41 1.165e+42 1.7017e+42 3.4378e+42 6.8375e+41 5.0323e+41 4.9949e+41 3.9419e+41 2.8144e+41 2.4331e+42 3.0535e+40 7.465e+40 7.6483e+39 4.559e+39 4.6383e+41 3.0399e+41
-2.5 0.5 100.0 -1.7 9.9703e+41 4.222e+41 1.6954e+42 5.1032e+42 1.7733e+41 5.0741e+41 1.2445e+42 1.4974e+42 3.1606e+41 2.3774e+41 1.8164e+41 1.5778e+41 1.1302e+41 1.4716e+42 7.6787e+39 1.8733e+40 2.1833e+39 1.3401e+39 1.3413e+41 8.7938e+40
-2.5 0.5 100.0 -2.0 4.6396e+41 3.1597e+41 7.7297e+41 2.3266e+42 4.9912e+40 2.5721e+41 9.4344e+41 7.5903e+41 1.639e+41 1.2536e+41 6.0426e+40 5.9998e+40 4.539e+40 8.1286e+41 1.8453e+39 4.4895e+39 5.7078e+38 4.1464e+38 3.6612e+40 2.4027e+40
-2.5 0.5 1000.0 -1.2 4.8021e+42 1.0764e+42 7.7721e+42 2.3394e+43 1.7955e+42 2.5467e+42 3.1355e+42 7.5154e+42 1.3296e+42 1.2516e+42 3.9588e+41 6.5813e+41 4.8184e+41 4.1026e+42 9.9813e+40 2.4384e+41 2.3038e+40 1.4312e+40 1.3536e+42 9.1203e+41
-2.5 0.5 1000.0 -1.4 2.9244e+42 9.4544e+41 5.8731e+42 1.7678e+43 8.1709e+41 1.5703e+42 2.7553e+42 4.6339e+42 7.9405e+41 7.9731e+41 1.44e+41 3.1069e+41 2.2203e+41 3.1611e+42 4.701e+40 1.1469e+41 1.2901e+40 8.0742e+39 7.0505e+41 4.7577e+41
-2.5 0.5 1000.0 -1.7 1.4847e+42 7.704e+41 3.3196e+42 9.9918e+42 2.2135e+41 8.4327e+41 2.2648e+42 2.4885e+42 3.8724e+41 4.3355e+41 3.4265e+40 7.4613e+40 5.3486e+40 1.8527e+42 1.1517e+40 2.8053e+40 4.9744e+39 3.2174e+39 2.1265e+41 1.4386e+41
-2.5 0.5 1000.0 -2.0 8.3568e+41 6.2347e+41 1.65e+42 4.9664e+42 8.3933e+40 5.304e+41 1.8546e+42 1.5652e+42 2.3018e+41 2.757e+41 1.9334e+40 2.3346e+40 2.0097e+40 9.7239e+41 2.221e+39 5.4081e+39 1.7943e+39 1.3024e+39 5.1799e+40 3.5147e+40
-2.5 0.5 10000.0 -1.2 6.0222e+42 2.0795e+42 1.1625e+43 3.4993e+43 3.3123e+42 6.1085e+42 6.0529e+42 1.8026e+43 1.6766e+42 2.5835e+42 1.7711e+40 1.1851e+41 7.2617e+40 4.6176e+42 5.6716e+40 1.3915e+41 3.8046e+40 3.4711e+40 8.9809e+41 7.8523e+41
-2.5 0.5 10000.0 -1.4 4.2133e+42 1.8667e+42 8.3043e+42 2.4996e+43 1.6694e+42 4.4972e+42 5.4434e+42 1.3271e+43 1.0465e+42 1.7157e+42 1.4462e+40 4.8596e+40 3.1802e+40 3.4452e+42 2.4991e+40 6.1333e+40 2.0816e+40 1.9283e+40 4.3837e+41 3.8688e+41
-2.5 0.5 10000.0 -1.7 2.5594e+42 1.4855e+42 4.1749e+42 1.2566e+43 6.4927e+41 3.0507e+42 4.3555e+42 9.0026e+42 5.8997e+41 1.0474e+42 8.4446e+39 1.6537e+40 1.3543e+40 1.903e+42 5.726e+39 1.4066e+40 6.2969e+39 5.9991e+39 1.2404e+41 1.1068e+41
-2.5 0.5 10000.0 -2.0 1.6046e+42 1.1217e+42 1.8091e+42 5.4455e+42 3.1925e+41 2.2051e+42 3.3071e+42 6.5071e+42 3.9453e+41 7.2993e+41 2.1647e+39 1.051e+40 9.2514e+39 9.4093e+41 1.1914e+39 2.9304e+39 1.5561e+39 1.5408e+39 3.3517e+40 3.0146e+40
-2.0 0.1 100.0 -1.2 8.9469e+41 1.089e+42 5.9764e+42 1.7989e+43 1.3404e+41 3.6194e+41 3.2346e+42 1.0681e+42 2.2963e+41 1.7375e+41 8.08e+41 9.3297e+41 5.3917e+41 4.3431e+42 2.6493e+40 6.2519e+40 1.9599e+40 1.2256e+40 4.2668e+41 2.7973e+41
-2.0 0.1 100.0 -1.4 4.7952e+41 9.6742e+41 3.6554e+42 1.1003e+43 3.0259e+40 1.9295e+41 2.8965e+42 5.6941e+41 1.2458e+41 9.6575e+40 3.8835e+41 4.4331e+41 2.649e+41 3.2907e+42 8.3665e+39 1.959e+40 6.0039e+39 4.5332e+39 1.4852e+41 9.7467e+40
-2.0 0.1 100.0 -1.7 2.1901e+41 7.9631e+41 1.3313e+42 4.0071e+42 9.8807e+39 9.4268e+40 2.4368e+42 2.7819e+41 6.3489e+40 4.9763e+40 1.0136e+41 1.382e+41 8.2183e+40 1.9499e+42 1.5222e+39 3.5061e+39 7.5863e+38 1.998e+39 2.5176e+40 1.6695e+40
-2.0 0.1 100.0 -2.0 1.1669e+41 6.5596e+41 3.8257e+41 1.1515e+42 4.6051e+39 4.7934e+40 2.0613e+42 1.4145e+41 3.2608e+40 2.5594e+40 2.9426e+40 4.0357e+40 2.8686e+40 1.0725e+42 4.0175e+38 9.0818e+38 1.1945e+38 2.1158e+39 3.5324e+39 2.5987e+39
-2.0 0.1 1000.0 -1.2 1.8528e+42 1.8629e+42 1.3153e+43 3.9591e+43 2.9569e+41 7.7965e+41 5.5183e+42 2.3007e+42 3.6117e+41 4.0235e+41 1.2381e+41 8.428e+41 4.1423e+41 5.1227e+42 5.5155e+40 1.2966e+41 5.3683e+40 3.477e+40 9.3325e+41 6.3111e+41
-2.0 0.1 1000.0 -1.4 1.1823e+42 1.7019e+42 8.4348e+42 2.5389e+43 8.4259e+40 4.8876e+41 5.0793e+42 1.4423e+42 2.0008e+41 2.4548e+41 3.3291e+40 1.8179e+41 9.5808e+40 3.784e+42 1.5963e+40 3.7413e+40 2.2986e+40 1.6237e+40 3.2909e+41 2.2318e+41
-2.0 0.1 1000.0 -1.7 6.5199e+41 1.3897e+42 3.4816e+42 1.0479e+43 3.0331e+40 3.0601e+41 4.204e+42 9.0303e+41 1.1434e+41 1.4976e+41 2.2107e+40 3.7414e+40 2.6003e+40 2.0856e+42 1.8365e+39 4.3114e+39 5.3786e+39 5.945e+39 5.013e+40 3.4299e+40
-2.0 0.1 1000.0 -2.0 3.5001e+41 1.0766e+42 1.2162e+42 3.6609e+42 1.4417e+40 1.9709e+41 3.2991e+42 5.8162e+41 7.1882e+40 9.5687e+40 1.6334e+40 1.9991e+40 1.6247e+40 1.0428e+42 2.6157e+38 6.1843e+38 9.9348e+38 3.4509e+39 6.0265e+39 4.3162e+39
-2.0 0.1 10000.0 -1.2 4.3026e+42 2.8683e+42 1.5234e+43 4.5855e+43 1.2626e+42 3.5585e+42 8.5224e+42 1.0501e+43 5.9036e+41 1.0761e+42 1.4974e+40 8.4255e+40 4.8369e+40 4.7501e+42 2.9053e+40 7.0862e+40 1.2923e+41 1.2193e+41 6.758e+41 6.0587e+41
-2.0 0.1 10000.0 -1.4 2.9596e+42 2.5004e+42 1.035e+43 3.1152e+43 5.0712e+41 2.5818e+42 7.4349e+42 7.6188e+42 3.6338e+41 7.0128e+41 1.3899e+40 3.597e+40 2.3915e+40 3.4956e+42 1.1761e+40 2.8703e+40 6.5001e+40 6.2641e+40 3.0215e+41 2.734e+41
-2.0 0.1 10000.0 -1.7 1.7648e+42 1.8843e+42 4.8521e+42 1.4605e+43 1.9063e+41 1.8191e+42 5.6135e+42 5.3681e+42 2.2544e+41 4.5864e+41 8.6571e+39 1.5711e+40 1.3276e+40 1.8998e+42 2.5098e+39 6.1448e+39 1.7662e+40 1.7886e+40 7.5771e+40 6.9428e+40
-2.0 0.1 10000.0 -2.0 1.038e+42 1.3497e+42 1.9312e+42 5.813e+42 9.6076e+40 1.3012e+42 4.0341e+42 3.8399e+42 1.6159e+41 3.3278e+41 2.2596e+39 1.1008e+40 9.9649e+39 9.2813e+41 4.8184e+38 1.183e+39 3.7552e+39 4.1799e+39 1.739e+40 1.6117e+40
-2.0 0.3 100.0 -1.2 3.0244e+42 5.2857e+41 4.1514e+42 1.2496e+43 1.1537e+42 1.2024e+42 1.5512e+42 3.5483e+42 5.595e+41 4.0552e+41 9.5601e+41 8.2855e+41 5.4586e+41 2.7683e+42 7.9014e+40 1.9156e+41 2.7989e+40 1.6621e+40 9.9211e+41 6.5006e+41
-2.0 0.3 100.0 -1.4 1.3803e+42 4.3094e+41 3.0675e+42 9.2331e+42 4.977e+41 5.781e+41 1.2568e+42 1.706e+42 3.1131e+41 2.2762e+41 5.1291e+41 4.81e+41 3.2154e+41 2.2112e+42 3.533e+40 8.5353e+40 1.3373e+40 7.996e+39 4.6771e+41 3.0651e+41
-2.0 0.3 100.0 -1.7 4.3424e+41 3.3331e+41 1.6979e+42 5.1106e+42 8.6124e+40 1.8439e+41 9.7894e+41 5.4414e+41 1.1898e+41 8.925e+40 1.6469e+41 1.7242e+41 1.1966e+41 1.4201e+42 7.9176e+39 1.8981e+40 3.226e+39 2.0761e+39 1.1742e+41 7.6996e+40
-2.0 0.3 100.0 -2.0 1.9346e+41 2.8041e+41 7.8879e+41 2.3742e+42 1.4994e+40 8.4576e+40 8.3962e+41 2.4959e+41 5.4937e+40 4.2428e+40 4.2121e+40 4.7541e+40 3.543e+40 8.4752e+41 1.3803e+39 3.2731e+39 5.9006e+38 6.9711e+38 2.241e+40 1.4753e+40
-2.0 0.3 1000.0 -1.2 3.6588e+42 1.1597e+42 1.0543e+43 3.1735e+43 1.5537e+42 1.7146e+42 3.3781e+42 5.0598e+42 8.7365e+41 8.3389e+41 2.6879e+41 8.279e+41 4.2567e+41 4.4628e+42 1.1123e+41 2.6778e+41 4.5571e+40 2.8479e+40 1.4667e+42 9.8886e+41
-2.0 0.3 1000.0 -1.4 1.9964e+42 1.0588e+42 7.6333e+42 2.2976e+43 6.0389e+41 9.3199e+41 3.1007e+42 2.7503e+42 4.8411e+41 4.9e+41 7.2464e+40 2.9849e+41 1.5456e+41 3.4052e+42 4.1059e+40 9.8551e+40 2.2514e+40 1.4361e+40 6.4023e+41 4.3262e+41
-2.0 0.3 1000.0 -1.7 9.9877e+41 9.0523e+41 3.8343e+42 1.1541e+43 1.174e+41 4.6588e+41 2.6879e+42 1.3748e+42 2.0703e+41 2.4023e+41 2.562e+40 4.3047e+40 2.8942e+40 1.9619e+42 6.0561e+39 1.4511e+40 6.8323e+39 4.9237e+39 1.3077e+41 8.8725e+40
-2.0 0.3 1000.0 -2.0 5.9093e+41 7.4759e+41 1.6493e+42 4.9643e+42 4.2806e+40 3.1221e+41 2.2518e+42 9.2134e+41 1.2293e+41 1.5513e+41 1.838e+40 1.8675e+40 1.6086e+40 1.006e+42 7.8255e+38 1.8795e+39 1.798e+39 2.0413e+39 2.2464e+40 1.5358e+40
-2.0 0.3 10000.0 -1.2 5.9248e+42 2.424e+42 1.4026e+43 4.2218e+43 3.0969e+42 5.2216e+42 7.1119e+42 1.5409e+43 1.2611e+42 2.0607e+42 1.5761e+40 8.5825e+40 5.3524e+40 4.7042e+42 4.1691e+40 1.0199e+41 7.6401e+40 7.0905e+40 7.8821e+41 6.9705e+41
-2.0 0.3 10000.0 -1.4 4.0147e+42 2.1456e+42 9.7733e+42 2.9418e+43 1.3754e+42 3.6624e+42 6.3111e+42 1.0808e+43 7.3945e+41 1.2806e+42 1.408e+40 3.6935e+40 2.5698e+40 3.4818e+42 1.749e+40 4.2811e+40 3.987e+40 3.7671e+40 3.6676e+41 3.2756e+41
-2.0 0.3 10000.0 -1.7 2.4229e+42 1.6637e+42 4.7783e+42 1.4383e+43 4.7237e+41 2.4615e+42 4.9172e+42 7.2639e+42 3.9671e+41 7.4702e+41 8.5636e+39 1.5565e+40 1.3225e+40 1.9038e+42 3.9014e+39 9.5673e+39 1.1503e+40 1.1272e+40 9.9562e+40 8.9955e+40
-2.0 0.3 10000.0 -2.0 1.5202e+42 1.2259e+42 2.024e+42 6.0922e+42 2.2508e+41 1.8017e+42 3.6385e+42 5.317e+42 2.6562e+41 5.2233e+41 2.2183e+39 1.0784e+40 9.6765e+39 9.3383e+41 8.1641e+38 2.006e+39 2.7617e+39 2.866e+39 2.6131e+40 2.3825e+40
-2.0 0.5 100.0 -1.2 3.4473e+42 3.7151e+41 2.4432e+42 7.3542e+42 1.34e+42 1.6084e+42 1.1164e+42 4.7463e+42 7.2219e+41 5.1685e+41 1.2255e+42 7.5721e+41 5.6288e+41 1.9907e+42 9.1521e+40 2.2383e+41 1.3178e+40 7.8073e+39 1.05e+42 6.8787e+41
-2.0 0.5 100.0 -1.4 1.8083e+42 2.8316e+41 1.984e+42 5.9719e+42 7.0199e+41 8.6274e+41 8.2843e+41 2.546e+42 4.2006e+41 3.0248e+41 7.1817e+41 4.9205e+41 3.6612e+41 1.6402e+42 5.2166e+40 1.274e+41 8.2791e+39 4.9109e+39 6.0932e+41 3.9923e+41
-2.0 0.5 100.0 -1.7 6.1952e+41 2.0379e+41 1.3174e+42 3.9653e+42 2.0307e+41 3.004e+41 5.8754e+41 8.8647e+41 1.7911e+41 1.311e+41 2.6619e+41 2.1873e+41 1.6257e+41 1.1126e+42 1.8238e+40 4.4394e+40 3.1676e+39 1.8946e+39 2.2143e+41 1.4512e+41
-2.0 0.5 100.0 -2.0 2.4517e+41 1.6562e+41 7.9764e+41 2.4009e+42 4.0759e+40 1.193e+41 4.8216e+41 3.5205e+41 7.929e+40 5.9647e+40 7.8862e+40 8.1483e+40 6.1329e+40 6.9388e+41 5.1403e+39 1.2448e+40 9.4447e+38 6.0289e+38 6.8365e+40 4.4827e+40
-2.0 0.5 1000.0 -1.2 4.2532e+42 8.4509e+41 7.6259e+42 2.2954e+43 1.9844e+42 2.3158e+42 2.4483e+42 6.834e+42 1.1957e+42 1.074e+42 5.1711e+41 8.0355e+41 5.9444e+41 3.9417e+42 1.5728e+41 3.8314e+41 2.636e+40 1.6322e+40 1.7735e+42 1.1931e+42
-2.0 0.5 1000.0 -1.4 2.4161e+42 7.565e+41 6.0813e+42 1.8305e+43 9.6675e+41 1.3178e+42 2.186e+42 3.8887e+42 7.3087e+41 6.8402e+41 1.8211e+41 3.8056e+41 2.7202e+41 3.0834e+42 7.415e+40 1.8029e+41 1.5025e+40 9.3676e+39 9.3293e+41 6.2879e+41
-2.0 0.5 1000.0 -1.7 1.167e+42 6.548e+41 3.5944e+42 1.0819e+43 2.4318e+41 6.3406e+41 1.9118e+42 1.8711e+42 3.2946e+41 3.4582e+41 3.7898e+40 8.6906e+40 6.0884e+40 1.838e+42 1.6471e+40 3.9973e+40 5.8183e+39 3.7429e+39 2.6891e+41 1.818e+41
-2.0 0.5 1000.0 -2.0 6.9115e+41 5.6171e+41 1.7921e+42 5.3941e+42 7.2034e+40 4.082e+41 1.664e+42 1.2046e+42 1.8217e+41 2.1403e+41 2.0976e+40 2.4708e+40 2.1282e+40 9.692e+41 2.805e+39 6.8098e+39 2.0686e+39 1.493e+39 6.1093e+40 4.1442e+40
-2.0 0.5 10000.0 -1.2 6.1078e+42 2.0641e+42 1.1992e+43 3.6097e+43 3.7819e+42 6.2567e+42 6.0021e+42 1.8464e+43 1.8837e+42 2.8286e+42 1.8037e+40 1.2251e+41 7.5138e+40 4.6262e+42 5.9926e+40 1.4698e+41 3.9669e+40 3.616e+40 9.4344e+41 8.2375e+41
-2.0 0.5 10000.0 -1.4 4.1986e+42 1.8537e+42 8.5211e+42 2.5648e+43 1.8347e+42 4.4972e+42 5.4016e+42 1.3271e+43 1.1389e+42 1.8148e+42 1.4712e+40 4.9855e+40 3.2542e+40 3.4447e+42 2.6062e+40 6.3943e+40 2.1533e+40 1.9937e+40 4.5462e+41 4.0096e+41
-2.0 0.5 10000.0 -1.7 2.5381e+42 1.4772e+42 4.248e+42 1.2786e+43 6.624e+41 3.0121e+42 4.3299e+42 8.8887e+42 5.9348e+41 1.0434e+42 8.584e+39 1.6762e+40 1.3684e+40 1.8959e+42 5.8809e+39 1.4445e+40 6.4423e+39 6.1365e+39 1.2694e+41 1.1324e+41
-2.0 0.5 10000.0 -2.0 1.5978e+42 1.1161e+42 1.8257e+42 5.4954e+42 3.1752e+41 2.1868e+42 3.2903e+42 6.4531e+42 3.9147e+41 7.2188e+41 2.1812e+39 1.0595e+40 9.3407e+39 9.3441e+41 1.2105e+39 2.9771e+39 1.5769e+39 1.5615e+39 3.4005e+40 3.058e+40
-3.5 0.1 100.0 -1.2 1.1893e+42 2.6752e+42 9.8564e+41 2.9668e+42 1.4633e+41 1.11e+42 8.4961e+42 3.2755e+42 7.9468e+41 6.1909e+41 7.3077e+40 9.4764e+40 5.4587e+40 4.5099e+42 2.9824e+38 7.3198e+38 5.3088e+38 5.3211e+38 1.1509e+40 7.5657e+39
-3.5 0.1 100.0 -1.4 6.4249e+41 2.3568e+42 3.3886e+41 1.02e+42 8.0951e+40 6.4693e+41 7.5124e+42 1.9091e+42 5.0459e+41 3.9362e+41 4.6518e+40 5.0849e+40 3.3259e+40 3.4511e+42 7.6669e+37 1.8816e+38 7.0353e+37 3.2178e+38 2.5776e+39 1.7144e+39
-3.5 0.1 100.0 -1.7 2.7735e+41 1.7893e+42 4.8531e+40 1.4608e+41 2.9634e+40 2.6129e+41 5.7661e+42 7.7108e+41 2.2578e+41 1.7646e+41 2.965e+40 2.6791e+40 2.0955e+40 1.976e+42 1.9812e+37 4.859e+37 3.0062e+36 3.547e+38 2.5908e+38 1.9805e+38
-3.5 0.1 100.0 -2.0 1.3231e+41 1.2855e+42 7.1645e+39 2.1565e+40 9.2864e+39 1.0035e+41 4.1962e+42 2.9613e+41 9.2657e+40 7.2825e+40 1.9216e+40 1.7781e+40 1.4717e+40 1.0209e+42 1.3208e+37 3.2368e+37 9.6187e+34 2.6523e+38 6.8015e+36 2.375e+37
-3.5 0.1 1000.0 -1.2 3.5025e+42 2.7138e+42 4.0204e+42 1.2101e+43 3.2501e+41 2.4899e+42 8.3818e+42 7.3477e+42 1.0598e+42 1.3571e+42 2.8084e+40 7.9557e+40 4.6304e+40 4.358e+42 2.3327e+39 5.7249e+39 1.1965e+40 7.7971e+39 8.8038e+40 5.9832e+40
-3.5 0.1 1000.0 -1.4 2.1562e+42 2.3858e+42 2.5441e+42 7.6577e+42 1.9688e+41 1.7758e+42 7.3568e+42 5.2404e+42 7.8804e+41 1.0209e+42 2.0749e+40 3.0748e+40 2.1861e+40 3.3044e+42 6.9757e+38 1.7115e+39 4.9276e+39 3.4733e+39 3.0414e+40 2.073e+40
-3.5 0.1 1000.0 -1.7 9.4371e+41 1.8007e+42 1.0833e+42 3.2607e+42 8.3776e+40 9.5118e+41 5.5678e+42 2.8069e+42 4.3984e+41 5.7917e+41 1.5942e+40 1.7201e+40 1.4407e+40 1.8793e+42 1.1275e+38 2.7651e+38 1.0844e+39 1.1663e+39 5.2347e+39 3.603e+39
-3.5 0.1 1000.0 -2.0 3.9735e+41 1.2897e+42 4.0825e+41 1.2288e+42 3.2417e+40 4.7474e+41 4.0045e+42 1.401e+42 2.2339e+41 2.9962e+41 1.1651e+40 1.2916e+40 1.1518e+40 9.6574e+41 2.7678e+37 6.7884e+37 2.0398e+38 6.7696e+38 8.3098e+38 5.989e+38
-3.5 0.1 10000.0 -1.2 4.4253e+42 2.8061e+42 7.9016e+42 2.3784e+43 8.6144e+41 4.328e+42 8.4459e+42 1.2772e+43 6.7059e+41 1.3307e+42 1.1179e+40 4.1253e+40 2.5424e+40 4.1575e+42 1.1871e+40 2.9166e+40 6.0157e+40 5.7072e+40 2.9683e+41 2.6764e+41
-3.5 0.1 10000.0 -1.4 3.1497e+42 2.4673e+42 5.688e+42 1.7121e+43 5.5029e+41 3.4127e+42 7.3957e+42 1.0071e+43 5.2543e+41 1.0552e+42 1.0041e+40 2.2378e+40 1.6233e+40 3.1279e+42 5.5256e+39 1.3577e+40 3.2637e+40 3.1465e+40 1.49e+41 1.3534e+41
-3.5 0.1 10000.0 -1.7 1.77e+42 1.8673e+42 2.9163e+42 8.7781e+42 2.7007e+41 2.22e+42 5.5894e+42 6.5511e+42 3.3994e+41 6.8993e+41 5.0761e+39 1.2914e+40 1.1207e+40 1.7445e+42 1.4109e+39 3.4683e+39 9.9392e+39 9.9598e+39 4.3551e+40 3.9978e+40
-3.5 0.1 10000.0 -2.0 9.6623e+41 1.3402e+42 1.2703e+42 3.8235e+42 1.2921e+41 1.3991e+42 4.0194e+42 4.1286e+42 2.1097e+41 4.3175e+41 1.1447e+39 9.799e+39 8.7742e+39 8.6796e+41 3.0652e+38 7.5402e+38 2.3513e+39 2.5519e+39 1.123e+40 1.0413e+40
-3.5 0.3 100.0 -1.2 4.6672e+42 2.3293e+42 1.9986e+42 6.0157e+42 7.3675e+41 2.9878e+42 7.212e+42 8.817e+42 2.1948e+42 1.6757e+42 1.066e+41 1.2038e+41 6.8601e+40 4.3605e+42 1.1588e+39 2.8469e+39 1.4709e+39 9.5489e+38 4.4042e+40 2.8885e+40
-3.5 0.3 100.0 -1.4 2.9598e+42 2.0627e+42 1.0258e+42 3.0876e+42 4.6246e+41 2.1092e+42 6.4142e+42 6.2241e+42 1.6466e+42 1.2602e+42 6.5699e+40 6.5385e+40 4.0961e+40 3.3342e+42 3.4021e+38 8.3569e+38 4.0639e+38 3.4726e+38 1.4991e+40 9.8433e+39
-3.5 0.3 100.0 -1.7 1.388e+42 1.5698e+42 2.9054e+41 8.7452e+41 2.1779e+41 1.1199e+42 4.9251e+42 3.3049e+42 9.5143e+41 7.2944e+41 3.6526e+40 3.1234e+40 2.3547e+40 1.9181e+42 6.1804e+37 1.5178e+38 5.1826e+37 1.6713e+38 2.9339e+39 1.9423e+39
-3.5 0.3 100.0 -2.0 6.3898e+41 1.1325e+42 7.6008e+40 2.2879e+41 9.6184e+40 5.6678e+41 3.5917e+42 1.6726e+42 5.1137e+41 3.9293e+41 2.4373e+40 2.0012e+40 1.6926e+40 9.9486e+41 1.7909e+37 4.3957e+37 8.1499e+36 1.6333e+38 5.8662e+38 4.0464e+38
-3.5 0.3 1000.0 -1.2 6.9509e+42 2.3634e+42 4.5696e+42 1.3754e+43 1.0227e+42 4.2012e+42 7.1613e+42 1.2398e+43 2.0383e+42 2.4189e+42 4.8484e+40 1.3452e+41 7.5019e+40 4.2736e+42 5.7809e+39 1.4202e+40 1.0786e+40 6.8549e+39 1.6953e+41 1.1487e+41
-3.5 0.3 1000.0 -1.4 4.7944e+42 2.0923e+42 3.1291e+42 9.4185e+42 6.5293e+41 3.2026e+42 6.3388e+42 9.4508e+42 1.5899e+42 1.922e+42 2.6819e+40 5.4498e+40 3.4384e+40 3.2456e+42 2.2459e+39 5.5164e+39 5.2833e+39 3.4503e+39 7.5818e+40 5.1448e+40
-3.5 0.3 1000.0 -1.7 2.5105e+42 1.5932e+42 1.5327e+42 4.6135e+42 3.2173e+41 1.9351e+42 4.8425e+42 5.7105e+42 9.9719e+41 1.2261e+42 1.8312e+40 1.9569e+40 1.6129e+40 1.8501e+42 4.5455e+38 1.1162e+39 1.5739e+39 1.1695e+39 1.9115e+40 1.301e+40
-3.5 0.3 1000.0 -2.0 1.2646e+42 1.15e+42 6.8386e+41 2.0584e+42 1.5149e+41 1.1123e+42 3.5138e+42 3.2825e+42 5.8549e+41 7.306e+41 1.3148e+40 1.3627e+40 1.2272e+40 9.5414e+41 9.6071e+37 2.3589e+38 4.2648e+38 4.7736e+38 4.4969e+39 3.0806e+39
-3.5 0.3 10000.0 -1.2 6.4824e+42 2.5165e+42 7.7238e+42 2.3249e+43 1.9488e+42 6.0826e+42 7.4656e+42 1.795e+43 1.2203e+42 2.2563e+42 1.1606e+40 4.4338e+40 2.7729e+40 4.1559e+42 1.682e+40 4.1353e+40 3.6316e+40 3.398e+40 3.5735e+41 3.1817e+41
-3.5 0.3 10000.0 -1.4 4.7717e+42 2.2393e+42 5.6804e+42 1.7098e+43 1.2455e+42 4.8648e+42 6.6337e+42 1.4356e+43 9.3348e+41 1.7672e+42 1.0242e+40 2.3426e+40 1.6967e+40 3.1344e+42 8.1249e+39 1.9977e+40 2.0442e+40 1.939e+40 1.883e+41 1.688e+41
-3.5 0.3 10000.0 -1.7 2.8317e+42 1.7204e+42 3.0216e+42 9.0951e+42 6.3244e+41 3.2616e+42 5.0999e+42 9.6249e+42 6.0094e+41 1.1644e+42 5.11e+39 1.2829e+40 1.1073e+40 1.754e+42 2.1995e+39 5.4098e+39 6.6793e+39 6.5197e+39 6.0331e+40 5.4578e+40
-3.5 0.3 10000.0 -2.0 1.6477e+42 1.2501e+42 1.3885e+42 4.1795e+42 3.235e+41 2.1383e+42 3.7142e+42 6.31e+42 3.8488e+41 7.5549e+41 1.1511e+39 9.5639e+39 8.461e+39 8.7509e+41 5.2751e+38 1.2982e+39 1.7979e+39 1.8416e+39 1.7912e+40 1.6331e+40
-3.5 0.5 100.0 -1.2 6.6868e+42 2.0023e+42 2.6112e+42 7.8597e+42 1.2994e+42 4.4113e+42 6.0766e+42 1.3018e+43 3.4443e+42 2.5969e+42 1.5763e+41 1.5108e+41 8.8816e+40 4.1881e+42 3.7552e+39 9.2351e+39 2.2147e+39 1.3379e+39 1.1261e+41 7.382e+40
-3.5 0.5 100.0 -1.4 4.5455e+42 1.7819e+42 1.619e+42 4.8731e+42 8.183e+41 3.2746e+42 5.4298e+42 9.6633e+42 2.6589e+42 2.0133e+42 9.6196e+40 8.6828e+40 5.389e+40 3.1991e+42 1.4498e+39 3.565e+39 9.3617e+38 5.8661e+38 5.0395e+40 3.3043e+40
-3.5 0.5 100.0 -1.7 2.3335e+42 1.3603e+42 6.4719e+41 1.948e+42 4.005e+41 1.8908e+42 4.1837e+42 5.5797e+42 1.6281e+42 1.2374e+42 4.8231e+40 4.0447e+40 2.8936e+40 1.8395e+42 3.3235e+38 8.1707e+38 2.3447e+38 1.7908e+38 1.4032e+40 9.2096e+39
-3.5 0.5 100.0 -2.0 1.159e+42 9.8262e+41 2.2913e+41 6.8968e+41 1.9341e+41 1.0348e+42 3.0507e+42 3.0537e+42 9.3911e+41 7.1526e+41 2.8836e+40 2.3407e+40 1.9201e+40 9.5549e+41 8.3578e+37 2.0543e+38 6.1486e+37 8.3389e+37 3.9298e+39 2.5887e+39
-3.5 0.5 1000.0 -1.2 8.0871e+42 2.053e+42 4.4417e+42 1.3369e+43 1.5802e+42 5.4265e+42 6.1284e+42 1.6014e+43 2.9894e+42 3.3263e+42 8.563e+40 1.8662e+41 1.1115e+41 4.1616e+42 1.1843e+40 2.9125e+40 7.8565e+39 4.9306e+39 2.7426e+41 1.8542e+41
-3.5 0.5 1000.0 -1.4 5.7687e+42 1.8302e+42 3.1922e+42 9.6086e+42 1.0047e+42 4.196e+42 5.4717e+42 1.2382e+43 2.3186e+42 2.6466e+42 4.2093e+40 9.3829e+40 5.8476e+40 3.1673e+42 5.7003e+39 1.4017e+40 4.4253e+39 2.8037e+39 1.4515e+41 9.8224e+40
-3.5 0.5 1000.0 -1.7 3.1831e+42 1.404e+42 1.6946e+42 5.1008e+42 4.9623e+41 2.6086e+42 4.216e+42 7.6981e+42 1.4589e+42 1.7093e+42 2.1644e+40 3.1424e+40 2.331e+40 1.8127e+42 1.6327e+39 4.0142e+39 1.6884e+39 1.1086e+39 4.8448e+40 3.2838e+40
-3.5 0.5 1000.0 -2.0 1.6938e+42 1.0206e+42 8.2598e+41 2.4862e+42 2.4507e+41 1.5524e+42 3.0819e+42 4.5811e+42 8.8035e+41 1.049e+42 1.4839e+40 1.5988e+40 1.4086e+40 9.384e+41 4.196e+38 1.0315e+39 5.9931e+38 4.3658e+38 1.4331e+40 9.7345e+39
-3.5 0.5 10000.0 -1.2 6.742e+42 2.2516e+42 6.7784e+42 2.0403e+43 2.4897e+42 7.3759e+42 6.6084e+42 2.1766e+43 1.7972e+42 3.11e+42 1.2561e+40 5.7843e+40 3.4739e+40 4.1228e+42 2.3594e+40 5.8052e+40 1.8959e+40 1.7456e+40 4.2724e+41 3.7577e+41
-3.5 0.5 10000.0 -1.4 5.0277e+42 2.0259e+42 5.0516e+42 1.5205e+43 1.6179e+42 5.9212e+42 5.9476e+42 1.7474e+43 1.3626e+42 2.4253e+42 1.0647e+40 2.8628e+40 1.9525e+40 3.1192e+42 1.1773e+40 2.8967e+40 1.1049e+40 1.0295e+40 2.3283e+41 2.061e+41
-3.5 0.5 10000.0 -1.7 3.0284e+42 1.5778e+42 2.7247e+42 8.2014e+42 8.3424e+41 3.993e+42 4.6431e+42 1.1783e+43 8.6426e+41 1.5866e+42 5.1883e+39 1.3345e+40 1.1148e+40 1.7522e+42 3.2422e+39 7.9792e+39 3.7476e+39 3.5715e+39 7.7257e+40 6.8963e+40
-3.5 0.5 10000.0 -2.0 1.7918e+42 1.1623e+42 1.2665e+42 3.8121e+42 4.3367e+41 2.6424e+42 3.4321e+42 7.7976e+42 5.5075e+41 1.0297e+42 1.1573e+39 9.3109e+39 8.0658e+39 8.7737e+41 7.7404e+38 1.9057e+39 1.0378e+39 1.0219e+39 2.3638e+40 2.1242e+40
-3.0 0.1 100.0 -1.2 1.4721e+42 2.4914e+42 2.5865e+42 7.7852e+42 1.3478e+41 9.6528e+41 7.818e+42 2.8485e+42 5.483e+41 4.2742e+41 2.2022e+41 3.044e+41 1.638e+41 4.9551e+42 1.5284e+39 3.7241e+39 3.1287e+39 2.3584e+39 5.5626e+40 3.6522e+40
-3.0 0.1 100.0 -1.4 7.786e+41 2.1592e+42 1.018e+42 3.0642e+42 7.2376e+40 5.6796e+41 6.8177e+42 1.6761e+42 3.491e+41 2.727e+41 1.1034e+41 1.4164e+41 8.0853e+40 3.7421e+42 3.708e+38 9.0307e+38 6.5217e+38 1.0547e+39 1.3484e+40 8.905e+39
-3.0 0.1 100.0 -1.7 3.205e+41 1.6271e+42 1.955e+41 5.8844e+41 2.7528e+40 2.369e+41 5.2222e+42 6.9908e+41 1.6152e+41 1.2625e+41 4.4268e+40 5.0846e+40 3.4979e+40 2.1199e+42 7.2475e+37 1.7602e+38 4.1716e+37 8.9739e+38 1.3512e+39 9.6294e+38
-3.0 0.1 100.0 -2.0 1.4241e+41 1.1727e+42 3.2235e+40 9.7028e+40 9.0868e+39 9.2345e+40 3.8312e+42 2.7251e+41 6.8247e+40 5.3517e+40 2.4488e+40 2.5828e+40 2.05e+40 1.0843e+42 4.1483e+37 1.0043e+38 1.3221e+36 5.3619e+38 3.8574e+37 7.8044e+37
-3.0 0.1 1000.0 -1.2 3.3265e+42 2.5828e+42 7.2513e+42 2.1827e+43 2.5562e+41 1.8173e+42 7.8986e+42 5.3629e+42 6.4376e+41 8.2148e+41 5.0931e+40 2.2975e+41 1.2296e+41 4.8417e+42 7.9841e+39 1.9437e+40 2.5295e+40 1.6482e+40 2.5264e+41 1.7143e+41
-3.0 0.1 1000.0 -1.4 2.0587e+42 2.2402e+42 4.5161e+42 1.3593e+43 1.4572e+41 1.2871e+42 6.8438e+42 3.7984e+42 4.76e+41 6.1821e+41 2.532e+40 6.3131e+40 3.8795e+40 3.6192e+42 2.3518e+39 5.7189e+39 1.0358e+40 7.3838e+39 8.5653e+40 5.8287e+40
-3.0 0.1 1000.0 -1.7 9.3597e+41 1.6859e+42 1.8808e+42 5.6613e+42 6.2451e+40 7.0491e+41 5.1736e+42 2.0802e+42 2.7492e+41 3.6228e+41 1.8467e+40 2.4922e+40 1.8827e+40 2.0228e+42 3.6589e+38 8.8872e+38 2.2997e+39 2.6577e+39 1.4335e+40 9.8497e+39
-3.0 0.1 1000.0 -2.0 4.1108e+41 1.2164e+42 6.8944e+41 2.0752e+42 2.3772e+40 3.6497e+41 3.7599e+42 1.077e+42 1.4381e+41 1.9284e+41 1.3685e+40 1.6159e+40 1.3583e+40 1.0251e+42 8.1319e+37 1.9752e+38 4.3367e+38 1.6815e+39 2.107e+39 1.5208e+39
-3.0 0.1 10000.0 -1.2 4.3474e+42 2.8697e+42 1.2337e+43 3.7135e+43 8.4664e+41 3.6922e+42 8.5994e+42 1.0896e+43 5.2441e+41 1.0161e+42 1.3626e+40 6.8766e+40 4.0093e+40 4.5846e+42 2.1638e+40 5.2965e+40 1.0143e+41 9.5916e+40 5.1741e+41 4.6507e+41
-3.0 0.1 10000.0 -1.4 3.0747e+42 2.4932e+42 8.6254e+42 2.5963e+43 4.5776e+41 2.8806e+42 7.4459e+42 8.5007e+42 3.8537e+41 7.6939e+41 1.2652e+40 3.123e+40 2.1273e+40 3.4081e+42 9.3008e+39 2.2769e+40 5.2853e+40 5.0943e+40 2.43e+41 2.2024e+41
-3.0 0.1 10000.0 -1.7 1.7865e+42 1.8741e+42 4.2169e+42 1.2693e+43 2.1273e+41 1.97e+42 5.5931e+42 5.8136e+42 2.5735e+41 5.2495e+41 7.6411e+39 1.4738e+40 1.2575e+40 1.8735e+42 2.1303e+39 5.224e+39 1.5072e+40 1.521e+40 6.4663e+40 5.9299e+40
-3.0 0.1 10000.0 -2.0 1.0208e+42 1.345e+42 1.7473e+42 5.2594e+42 1.0502e+41 1.3365e+42 4.0253e+42 3.944e+42 1.7505e+41 3.5997e+41 1.9348e+39 1.0585e+40 9.5312e+39 9.2304e+41 4.3028e+38 1.0571e+39 3.3514e+39 3.7035e+39 1.5543e+40 1.441e+40
-3.0 0.3 100.0 -1.2 4.1377e+42 1.8316e+42 4.1387e+42 1.2457e+43 6.7819e+41 2.066e+42 5.5966e+42 6.0966e+42 1.224e+42 9.2928e+41 3.0118e+41 3.261e+41 1.9092e+41 4.4899e+42 6.0143e+39 1.4705e+40 6.1792e+39 3.8092e+39 1.7182e+41 1.1266e+41
-3.0 0.3 100.0 -1.4 2.4873e+42 1.5796e+42 2.2509e+42 6.7752e+42 3.2459e+41 1.3701e+42 4.8489e+42 4.0431e+42 8.4357e+41 6.4628e+41 1.6383e+41 1.6823e+41 1.0135e+41 3.4037e+42 1.7838e+39 4.3584e+39 1.9725e+39 1.3672e+39 5.8419e+40 3.8332e+40
-3.0 0.3 100.0 -1.7 1.1348e+42 1.1872e+42 6.9482e+41 2.0914e+42 1.3436e+41 7.05e+41 3.6925e+42 2.0805e+42 4.6814e+41 3.6051e+41 6.4842e+40 6.3465e+40 4.241e+40 1.9451e+42 2.9319e+38 7.1568e+38 3.0224e+38 4.5676e+38 1.0711e+40 7.0643e+39
-3.0 0.3 100.0 -2.0 5.2208e+41 8.654e+41 1.9301e+41 5.8095e+41 6.1218e+40 3.5321e+41 2.7354e+42 1.0423e+42 2.5435e+41 1.9587e+41 3.1026e+40 2.8138e+40 2.3009e+40 1.0097e+42 6.4591e+37 1.5734e+38 4.5972e+37 3.7803e+38 1.9402e+39 1.3193e+39
-3.0 0.3 1000.0 -1.2 5.5682e+42 1.991e+42 7.5452e+42 2.2711e+43 9.0581e+41 2.7726e+42 5.9762e+42 8.1819e+42 1.1598e+42 1.3256e+42 1.1127e+41 3.4343e+41 1.8682e+41 4.5707e+42 1.9936e+40 4.8726e+40 2.2789e+40 1.4411e+40 4.6489e+41 3.1457e+41
-3.0 0.3 1000.0 -1.4 3.6691e+42 1.7342e+42 5.1199e+42 1.5411e+43 4.4561e+41 1.9873e+42 5.2089e+42 5.8645e+42 8.1734e+41 9.7928e+41 4.0579e+40 1.2443e+41 7.1429e+40 3.444e+42 7.6087e+39 1.8581e+40 1.1119e+40 7.2217e+39 2.0302e+41 1.376e+41
-3.0 0.3 1000.0 -1.7 1.8923e+42 1.3239e+42 2.4797e+42 7.4638e+42 1.8984e+41 1.1754e+42 3.9975e+42 3.4687e+42 4.9106e+41 6.1058e+41 2.1288e+40 2.8132e+40 2.1017e+40 1.9494e+42 1.4511e+39 3.54e+39 3.3372e+39 2.4864e+39 4.7901e+40 3.2575e+40
-3.0 0.3 1000.0 -2.0 9.6517e+41 9.7638e+41 1.091e+42 3.284e+42 9.0573e+40 6.8606e+41 2.9707e+42 2.0246e+42 2.9775e+41 3.7484e+41 1.5479e+40 1.6078e+40 1.3937e+40 9.9894e+41 2.7488e+38 6.7034e+38 9.1158e+38 1.0692e+39 1.0289e+40 7.0465e+39
-3.0 0.3 10000.0 -1.2 5.9471e+42 2.4745e+42 1.1651e+43 3.507e+43 2.0479e+42 5.1266e+42 7.3107e+42 1.5129e+43 9.9373e+41 1.7553e+42 1.431e+40 7.1668e+40 4.4288e+40 4.5569e+42 3.1022e+40 7.6065e+40 6.0577e+40 5.641e+40 6.0825e+41 5.3999e+41
-3.0 0.3 10000.0 -1.4 4.2531e+42 2.183e+42 8.3242e+42 2.5056e+43 1.1048e+42 3.9418e+42 6.4466e+42 1.1632e+43 6.949e+41 1.2783e+42 1.2878e+40 3.2424e+40 2.2704e+40 3.4016e+42 1.3802e+40 3.3851e+40 3.2682e+40 3.0929e+40 2.9851e+41 2.6715e+41
-3.0 0.3 10000.0 -1.7 2.5619e+42 1.6828e+42 4.228e+42 1.2726e+43 4.8576e+41 2.705e+42 4.9792e+42 7.9824e+42 4.3159e+41 8.3194e+41 7.6222e+39 1.4654e+40 1.2495e+40 1.8798e+42 3.3213e+39 8.1539e+39 9.9255e+39 9.7155e+39 8.6428e+40 7.815e+40
-3.0 0.3 10000.0 -2.0 1.5588e+42 1.2345e+42 1.8525e+42 5.5761e+42 2.4687e+41 1.8986e+42 3.6641e+42 5.6027e+42 2.9155e+41 5.7564e+41 1.9187e+39 1.0353e+40 9.2409e+39 9.2928e+41 7.3092e+38 1.7969e+39 2.4854e+39 2.5706e+39 2.3698e+40 2.1613e+40
-3.0 0.5 100.0 -1.2 5.5074e+42 1.3761e+42 4.5203e+42 1.3606e+43 1.2501e+42 2.9108e+42 4.1131e+42 8.5899e+42 1.8378e+42 1.3719e+42 4.475e+41 3.8182e+41 2.4821e+41 4.0651e+42 1.7722e+40 4.3469e+40 7.1219e+39 4.2556e+39 3.7524e+41 2.4596e+41
-3.0 0.5 100.0 -1.4 3.4668e+42 1.1813e+42 2.9246e+42 8.8032e+42 6.1831e+41 1.9713e+42 3.5422e+42 5.8173e+42 1.2846e+42 9.6862e+41 2.537e+41 2.1388e+41 1.3907e+41 3.0981e+42 6.93e+39 1.6989e+40 3.1195e+39 1.8953e+39 1.6614e+41 1.0892e+41
-3.0 0.5 100.0 -1.7 1.6694e+42 8.8341e+41 1.2487e+42 3.7585e+42 2.2843e+41 1.0651e+42 2.6766e+42 3.1432e+42 7.2281e+41 5.5084e+41 1.0041e+41 8.6826e+40 5.9015e+40 1.7822e+42 1.5661e+39 3.8363e+39 7.9917e+38 5.388e+38 4.4501e+40 2.9194e+40
-3.0 0.5 100.0 -2.0 8.0966e+41 6.4216e+41 4.6612e+41 1.403e+42 1.0303e+41 5.7032e+41 1.9734e+42 1.683e+42 4.082e+41 3.1231e+41 4.2323e+40 3.863e+40 2.9686e+40 9.297e+41 3.8106e+38 9.3258e+38 2.1615e+38 2.1347e+38 1.2209e+40 8.0288e+39
-3.0 0.5 1000.0 -1.2 6.3163e+42 1.5621e+42 6.8356e+42 2.0575e+43 1.4761e+42 3.5462e+42 4.6098e+42 1.0465e+43 1.7155e+42 1.8038e+42 2.2089e+41 4.1975e+41 2.8237e+41 4.2991e+42 3.8945e+40 9.5497e+40 1.5885e+40 9.9227e+39 7.0737e+41 4.7762e+41
-3.0 0.5 1000.0 -1.4 4.2274e+42 1.368e+42 4.9309e+42 1.4842e+43 7.4626e+41 2.5278e+42 4.0441e+42 7.4595e+42 1.1877e+42 1.3163e+42 8.5883e+40 2.0192e+41 1.3476e+41 3.2663e+42 1.8389e+40 4.5068e+40 8.8538e+39 5.5792e+39 3.6742e+41 2.4838e+41
-3.0 0.5 1000.0 -1.7 2.2398e+42 1.0576e+42 2.6431e+42 7.9557e+42 2.8836e+41 1.4993e+42 3.1463e+42 4.4244e+42 6.8676e+41 8.0627e+41 2.7517e+40 5.4171e+40 3.8442e+40 1.8722e+42 4.9933e+39 1.2228e+40 3.3963e+39 2.2175e+39 1.1747e+41 7.9559e+40
-3.0 0.5 1000.0 -2.0 1.1923e+42 7.9411e+41 1.2948e+42 3.8973e+42 1.3507e+41 8.9955e+41 2.3819e+42 2.6546e+42 4.1553e+41 5.017e+41 1.7591e+40 2.0143e+40 1.7155e+40 9.712e+41 1.1629e+39 2.8468e+39 1.2274e+39 8.9673e+38 3.2133e+40 2.1818e+40
-3.0 0.5 10000.0 -1.2 6.1304e+42 2.1371e+42 1.009e+43 3.0371e+43 2.6232e+42 6.2206e+42 6.2411e+42 1.8357e+43 1.4796e+42 2.425e+42 1.6083e+40 9.9553e+40 6.0051e+40 4.4952e+42 4.444e+40 1.0915e+41 3.1651e+40 2.8969e+40 7.2914e+41 6.3945e+41
-3.0 0.5 10000.0 -1.4 4.4261e+42 1.9158e+42 7.3259e+42 2.2051e+43 1.4629e+42 4.7962e+42 5.6014e+42 1.4154e+43 1.0227e+42 1.7584e+42 1.3459e+40 4.2698e+40 2.8035e+40 3.3713e+42 2.0475e+40 5.0297e+40 1.7718e+40 1.6446e+40 3.7042e+41 3.2744e+41
-3.0 0.5 10000.0 -1.7 2.6868e+42 1.5104e+42 3.7817e+42 1.1383e+43 6.5644e+41 3.2822e+42 4.434e+42 9.6858e+42 6.2878e+41 1.1392e+42 7.6887e+39 1.5676e+40 1.2843e+40 1.8737e+42 4.9899e+39 1.2266e+40 5.5733e+39 5.3111e+39 1.1048e+41 9.8631e+40
-3.0 0.5 10000.0 -2.0 1.65e+42 1.1318e+42 1.6779e+42 5.0504e+42 3.3755e+41 2.3078e+42 3.3381e+42 6.8102e+42 4.2038e+41 7.8421e+41 1.9041e+39 1.0141e+40 8.9095e+39 9.3042e+41 1.083e+39 2.6644e+39 1.4247e+39 1.4091e+39 3.0971e+40 2.7857e+40
-4.5 0.1 100.0 -1.2 4.0255e+41 2.4736e+42 1.2285e+41 3.6978e+41 4.5435e+40 4.925e+41 7.986e+42 1.4534e+42 5.3951e+41 4.2175e+41 1.5409e+40 1.323e+40 1.0236e+40 2.0341e+42 1.7216e+37 4.2421e+37 6.1507e+37 4.884e+37 7.2684e+38 4.7817e+38
-4.5 0.1 100.0 -1.4 2.682e+41 2.2888e+42 5.1534e+40 1.5512e+41 2.3875e+40 2.9281e+41 7.4037e+42 8.6408e+41 3.3586e+41 2.6394e+41 1.5187e+40 1.2524e+40 1.0228e+40 1.563e+42 3.7308e+36 9.1928e+36 8.1684e+36 2.055e+37 1.3114e+38 8.7807e+37
-4.5 0.1 100.0 -1.7 1.5491e+41 1.8051e+42 8.8466e+39 2.6628e+40 7.5967e+39 1.1149e+41 5.8681e+42 3.2902e+41 1.3526e+41 1.0714e+41 1.2995e+40 1.127e+40 9.441e+39 9.0006e+41 1.0738e+36 2.6459e+36 1.9896e+35 1.987e+37 9.4309e+36 8.2015e+36
-4.5 0.1 100.0 -2.0 9.4562e+40 1.3214e+42 1.1109e+39 3.3437e+39 2.11e+39 3.7729e+40 4.324e+42 1.1134e+41 4.7771e+40 3.8161e+40 8.8032e+39 8.8674e+39 7.6284e+39 4.6546e+41 8.0752e+35 1.9896e+36 3.3676e+33 2.2373e+37 1.7221e+35 2.1224e+36
-4.5 0.1 1000.0 -1.2 1.4407e+42 2.4759e+42 4.8008e+41 1.445e+42 2.2095e+41 1.6332e+42 7.7879e+42 4.8196e+42 1.1301e+42 1.4296e+42 1.1186e+40 1.2743e+40 1.003e+40 2.0265e+42 2.0234e+38 4.9858e+38 1.2208e+39 7.8397e+38 7.8952e+39 5.3691e+39
-4.5 0.1 1000.0 -1.4 9.5575e+41 2.285e+42 3.2557e+41 9.7997e+41 1.4175e+41 1.2092e+42 7.1838e+42 3.5684e+42 8.4106e+41 1.079e+42 1.0134e+40 1.1094e+40 9.4881e+39 1.5535e+42 7.2103e+37 1.7767e+38 5.452e+38 3.6507e+38 3.1873e+39 2.1724e+39
-4.5 0.1 1000.0 -1.7 4.6202e+41 1.7984e+42 1.5366e+41 4.6251e+41 6.3501e+40 6.6993e+41 5.6614e+42 1.977e+42 4.6658e+41 6.1071e+41 6.7863e+39 9.7027e+39 8.5479e+39 8.9166e+41 1.4038e+37 3.459e+37 1.3462e+38 1.1201e+38 6.9403e+38 4.7581e+38
-4.5 0.1 1000.0 -2.0 2.1432e+41 1.3151e+42 6.4077e+40 1.9287e+41 2.618e+40 3.4037e+41 4.1518e+42 1.0044e+42 2.3669e+41 3.1556e+41 3.2189e+39 8.2766e+39 7.2614e+39 4.5964e+41 3.003e+36 7.3996e+36 2.8288e+37 4.7505e+37 1.3443e+38 9.4089e+37
-4.5 0.1 10000.0 -1.2 2.2926e+42 2.4872e+42 9.4559e+41 2.8462e+42 8.4821e+41 3.3586e+42 7.5731e+42 9.9113e+42 9.6673e+41 1.8934e+42 1.7478e+39 9.1554e+39 7.1372e+39 1.9931e+42 1.0391e+39 2.5605e+39 5.5497e+39 5.2676e+39 3.03e+40 2.7397e+40
-4.5 0.1 10000.0 -1.4 1.6822e+42 2.2908e+42 7.0751e+41 2.1296e+42 5.9894e+41 2.7027e+42 6.9657e+42 7.9757e+42 7.611e+41 1.5028e+42 1.1405e+39 8.5658e+39 6.9571e+39 1.5197e+42 5.3012e+38 1.3063e+39 3.1592e+39 3.0377e+39 1.6641e+40 1.5143e+40
-4.5 0.1 10000.0 -1.7 9.369e+41 1.8004e+42 3.8124e+41 1.1475e+42 3.1396e+41 1.7183e+42 5.477e+42 5.0708e+42 4.6562e+41 9.3023e+41 3.5644e+38 7.3021e+39 5.7836e+39 8.5936e+41 1.5438e+38 3.8042e+38 1.0469e+39 1.0363e+39 5.5818e+39 5.1266e+39
-4.5 0.1 10000.0 -2.0 4.867e+41 1.315e+42 1.7508e+41 5.27e+41 1.5396e+41 1.0135e+42 4.0068e+42 2.9908e+42 2.6459e+41 5.3423e+41 7.0583e+37 5.3511e+39 3.7588e+39 4.308e+41 3.6903e+37 9.0942e+37 2.7201e+38 2.8563e+38 1.6146e+39 1.4964e+39
-4.5 0.3 100.0 -1.2 3.0838e+42 2.3291e+42 3.1483e+41 9.4763e+41 8.2093e+41 3.0998e+42 7.2603e+42 9.1476e+42 4.1407e+42 3.1165e+42 1.7374e+40 1.4557e+40 1.0784e+40 2.0941e+42 7.7569e+37 1.9114e+38 1.5203e+38 9.5884e+37 3.5876e+39 2.3533e+39
-4.5 0.3 100.0 -1.4 2.1423e+42 2.1633e+42 1.9206e+41 5.781e+41 5.6806e+41 2.3952e+42 6.7579e+42 7.0682e+42 3.2517e+42 2.4559e+42 1.6747e+40 1.3286e+40 1.0586e+40 1.6136e+42 2.1436e+37 5.2823e+37 4.4423e+37 3.3384e+37 1.2545e+39 8.2388e+38
-4.5 0.3 100.0 -1.7 1.1017e+42 1.7132e+42 7.5574e+40 2.2748e+41 2.8264e+41 1.4254e+42 5.3719e+42 4.2063e+42 1.9566e+42 1.4863e+42 1.4468e+40 1.2035e+40 9.9984e+39 9.328e+41 3.3091e+36 8.1542e+36 5.3142e+36 1.1692e+37 2.3866e+38 1.5806e+38
-4.5 0.3 100.0 -2.0 5.262e+41 1.2593e+42 2.5564e+40 7.6948e+40 1.2876e+41 7.7785e+41 3.9638e+42 2.2954e+42 1.0742e+42 8.2095e+41 1.0688e+40 1.032e+40 8.7051e+39 4.8426e+41 1.0112e+36 2.4916e+36 6.3223e+35 9.8901e+36 4.6732e+37 3.224e+37
-4.5 0.3 1000.0 -1.2 5.1946e+42 2.3267e+42 6.4266e+41 1.9344e+42 1.3963e+42 4.5606e+42 7.1155e+42 1.3458e+43 4.2927e+42 4.8493e+42 1.2692e+40 1.5637e+40 1.1372e+40 2.067e+42 4.5761e+38 1.1276e+39 1.1287e+39 7.1454e+38 1.661e+40 1.126e+40
-4.5 0.3 1000.0 -1.4 3.9029e+42 2.1582e+42 4.7064e+41 1.4166e+42 1.0124e+42 3.7146e+42 6.6035e+42 1.0962e+43 3.4783e+42 3.9857e+42 1.1291e+40 1.2631e+40 1.0241e+40 1.5872e+42 1.9975e+38 4.9223e+38 5.8747e+38 3.7815e+38 8.3591e+39 5.6735e+39
-4.5 0.3 1000.0 -1.7 2.2417e+42 1.7072e+42 2.5239e+41 7.5968e+41 5.4737e+41 2.4003e+42 5.236e+42 7.0834e+42 2.2084e+42 2.5871e+42 7.5102e+39 1.0446e+40 8.9858e+39 9.1401e+41 4.942e+37 1.2178e+38 1.8814e+38 1.2996e+38 2.5706e+39 1.7484e+39
-4.5 0.3 1000.0 -2.0 1.1988e+42 1.2528e+42 1.2195e+41 3.6707e+41 2.7348e+41 1.4375e+42 3.8556e+42 4.2422e+42 1.2918e+42 1.5475e+42 3.4681e+39 8.7441e+39 7.5084e+39 4.7303e+41 1.1862e+37 2.9229e+37 5.4007e+37 4.6679e+37 7.3572e+38 5.0213e+38
-4.5 0.3 10000.0 -1.2 5.0666e+42 2.3319e+42 1.0334e+42 3.1104e+42 2.6982e+42 6.2722e+42 6.9629e+42 1.8509e+43 2.6146e+42 4.7296e+42 1.7809e+39 9.1406e+39 6.8507e+39 2.0199e+42 1.535e+39 3.7827e+39 3.8017e+39 3.5628e+39 4.511e+40 4.0076e+40
-4.5 0.3 10000.0 -1.4 3.9537e+42 2.1623e+42 7.947e+41 2.3921e+42 2.0128e+42 5.2417e+42 6.4536e+42 1.5468e+43 2.1235e+42 3.8806e+42 1.1586e+39 8.2782e+39 6.4687e+39 1.5424e+42 8.2455e+38 2.0319e+39 2.2738e+39 2.154e+39 2.6575e+40 2.3741e+40
-4.5 0.3 10000.0 -1.7 2.4156e+42 1.7107e+42 4.4912e+41 1.3519e+42 1.1441e+42 3.536e+42 5.1108e+42 1.0435e+43 1.3601e+42 2.5257e+42 3.6132e+38 6.7768e+39 5.0934e+39 8.744e+41 2.6447e+38 6.5173e+38 8.4022e+38 8.1249e+38 1.0234e+40 9.2107e+39
-4.5 0.3 10000.0 -2.0 1.3785e+42 1.2555e+42 2.2017e+41 6.6271e+41 6.0514e+41 2.219e+42 3.7586e+42 6.5482e+42 8.0603e+41 1.5222e+42 7.1682e+37 4.7077e+39 3.0722e+39 4.3988e+41 7.3606e+37 1.814e+38 2.6404e+38 2.6357e+38 3.6069e+39 3.2673e+39
-4.5 0.5 100.0 -1.2 6.078e+42 2.1732e+42 4.0833e+41 1.2291e+42 2.099e+42 5.7194e+42 6.637e+42 1.6878e+43 8.8358e+42 6.5388e+42 1.9944e+40 1.6278e+40 1.1451e+40 2.0927e+42 2.5844e+38 6.3688e+38 2.2789e+38 1.3719e+38 1.179e+40 7.7277e+39
-4.5 0.5 100.0 -1.4 4.6529e+42 2.0294e+42 2.8346e+41 8.5321e+41 1.5606e+42 4.6883e+42 6.2103e+42 1.3835e+43 7.2891e+42 5.4095e+42 1.8585e+40 1.4273e+40 1.0913e+40 1.6117e+42 1.0238e+38 2.523e+38 1.0365e+38 6.3977e+37 5.9131e+39 3.8761e+39
-4.5 0.5 100.0 -1.7 2.7539e+42 1.6167e+42 1.3794e+41 4.1519e+41 8.737e+41 3.0614e+42 4.9671e+42 9.0343e+42 4.7562e+42 3.5459e+42 1.5766e+40 1.2525e+40 1.0198e+40 9.3278e+41 2.2764e+37 5.6099e+37 2.7665e+37 1.9372e+37 1.891e+39 1.2403e+39
-4.5 0.5 100.0 -2.0 1.5196e+42 1.1913e+42 6.0035e+40 1.8071e+41 4.4987e+41 1.8545e+42 3.6769e+42 5.4727e+42 2.8558e+42 2.1396e+42 1.1976e+40 1.0983e+40 9.1434e+39 4.8582e+41 5.3246e+36 1.3122e+37 7.273e+36 7.5423e+36 5.8874e+38 3.8694e+38
-4.5 0.5 1000.0 -1.2 7.3939e+42 2.1707e+42 6.3616e+41 1.9148e+42 2.7036e+42 6.8679e+42 6.5382e+42 2.0267e+43 7.9613e+42 8.3202e+42 1.4728e+40 1.8759e+40 1.2742e+40 2.0673e+42 8.5462e+38 2.1061e+39 8.1208e+38 5.0948e+38 2.8449e+40 1.9222e+40
-4.5 0.5 1000.0 -1.4 5.8268e+42 2.0258e+42 4.8244e+41 1.4521e+42 2.0401e+42 5.7421e+42 6.1087e+42 1.6945e+43 6.5915e+42 6.983e+42 1.2627e+40 1.4759e+40 1.114e+40 1.5888e+42 4.3538e+38 1.0729e+39 4.7541e+38 3.0033e+38 1.634e+40 1.1048e+40
-4.5 0.5 1000.0 -1.7 3.6025e+42 1.6132e+42 2.7365e+41 8.2369e+41 1.1722e+42 3.8684e+42 4.8781e+42 1.1416e+43 4.3333e+42 4.6891e+42 8.3434e+39 1.1307e+40 9.3316e+39 9.1612e+41 1.3598e+38 3.3511e+38 1.8598e+38 1.2029e+38 6.192e+39 4.1912e+39
-4.5 0.5 1000.0 -2.0 2.078e+42 1.189e+42 1.4041e+41 4.2262e+41 6.2216e+41 2.422e+42 3.607e+42 7.1474e+42 2.6276e+42 2.9074e+42 3.8192e+39 9.1148e+39 7.5782e+39 4.7479e+41 3.8323e+37 9.4441e+37 6.6176e+37 4.566e+37 2.1455e+39 1.4542e+39
-4.5 0.5 10000.0 -1.2 6.0655e+42 2.1749e+42 9.1966e+41 2.7682e+42 4.0363e+42 8.3512e+42 6.4247e+42 2.4644e+43 4.5117e+42 7.5325e+42 1.8479e+39 9.4337e+39 6.6401e+39 2.0194e+42 2.0397e+39 5.0266e+39 2.0384e+39 1.8804e+39 5.7508e+40 5.0144e+40
-4.5 0.5 10000.0 -1.4 4.8424e+42 2.0301e+42 7.1595e+41 2.155e+42 3.0732e+42 7.0629e+42 5.9996e+42 2.0843e+43 3.6956e+42 6.2373e+42 1.1911e+39 8.0673e+39 5.9218e+39 1.5445e+42 1.1283e+39 2.7805e+39 1.2644e+39 1.1772e+39 3.5224e+40 3.0858e+40
-4.5 0.5 10000.0 -1.7 3.0598e+42 1.6176e+42 4.1156e+41 1.2388e+42 1.7996e+42 4.8518e+42 4.7887e+42 1.4318e+43 2.3983e+42 4.1184e+42 3.6853e+38 6.127e+39 4.2559e+39 8.7769e+41 3.7233e+38 9.1759e+38 4.9426e+38 4.6762e+38 1.438e+40 1.2673e+40
-4.5 0.5 10000.0 -2.0 1.8065e+42 1.1933e+42 2.0523e+41 6.1775e+41 9.7965e+41 3.1025e+42 3.5407e+42 9.1556e+42 1.4401e+42 2.52e+42 7.2795e+37 3.8827e+39 2.3538e+39 4.4267e+41 1.0623e+38 2.618e+38 1.6639e+38 1.6066e+38 5.4022e+39 4.7855e+39
-4.0 0.1 100.0 -1.2 7.5296e+41 2.6229e+42 3.7398e+41 1.1257e+42 1.154e+41 9.3628e+41 8.3802e+42 2.763e+42 8.7109e+41 6.7757e+41 3.0007e+40 2.9773e+40 2.0265e+40 3.4859e+42 6.9476e+37 1.7103e+38 1.6645e+38 1.5866e+38 2.7827e+39 1.8308e+39
-4.0 0.1 100.0 -1.4 4.3482e+41 2.3682e+42 1.3588e+41 4.09e+41 6.3373e+40 5.5384e+41 7.5818e+42 1.6344e+42 5.5297e+41 4.3137e+41 2.5874e+40 2.1903e+40 1.6924e+40 2.6902e+42 1.6961e+37 4.1754e+37 2.0175e+37 8.868e+37 5.5399e+38 3.7057e+38
-4.0 0.1 100.0 -1.7 2.0885e+41 1.8288e+42 1.8998e+40 5.7184e+40 2.2183e+40 2.1961e+41 5.8953e+42 6.4806e+41 2.3854e+41 1.8694e+41 2.0838e+40 1.6721e+40 1.4194e+40 1.5615e+42 5.0224e+36 1.2361e+37 6.4653e+35 9.6772e+37 4.9422e+37 4.069e+37
-4.0 0.1 100.0 -2.0 1.1192e+41 1.3237e+42 2.3907e+39 7.1961e+39 6.8605e+39 8.1636e+40 4.3047e+42 2.4091e+41 9.3583e+40 7.3814e+40 1.3862e+40 1.2264e+40 1.075e+40 8.1541e+41 3.645e+36 8.9699e+36 1.6958e+34 8.5694e+37 1.0872e+36 7.1593e+36
-4.0 0.1 1000.0 -1.2 2.7199e+42 2.6545e+42 1.712e+42 5.1531e+42 3.3857e+41 2.4911e+42 8.2663e+42 7.3513e+42 1.368e+42 1.7356e+42 1.818e+40 2.7726e+40 1.9007e+40 3.4034e+42 7.4848e+38 1.8426e+39 4.4141e+39 2.8561e+39 2.9067e+40 1.9767e+40
-4.0 0.1 1000.0 -1.4 1.7223e+42 2.3853e+42 1.1238e+42 3.3828e+42 2.113e+41 1.807e+42 7.4202e+42 5.3323e+42 1.0143e+42 1.3033e+42 1.6078e+40 1.6823e+40 1.383e+40 2.6135e+42 2.4758e+38 6.0944e+38 1.905e+39 1.3051e+39 1.0969e+40 7.4786e+39
-4.0 0.1 1000.0 -1.7 7.7738e+41 1.8326e+42 5.0558e+41 1.5218e+42 9.2261e+40 9.8113e+41 5.7067e+42 2.8953e+42 5.6158e+41 7.3532e+41 1.2208e+40 1.2612e+40 1.1281e+40 1.5085e+42 4.4272e+37 1.0898e+38 4.4597e+38 4.1334e+38 2.1476e+39 1.475e+39
-4.0 0.1 1000.0 -2.0 3.344e+41 1.3211e+42 2.0167e+41 6.0702e+41 3.7086e+40 4.9153e+41 4.1262e+42 1.4505e+42 2.8398e+41 3.7895e+41 8.0885e+39 1.0477e+40 9.551e+39 7.8387e+41 1.0008e+37 2.4634e+37 8.9602e+37 2.0239e+38 3.8094e+38 2.6954e+38
-4.0 0.1 10000.0 -1.2 3.7873e+42 2.683e+42 3.4482e+42 1.0379e+43 9.8706e+41 4.4784e+42 8.1112e+42 1.3216e+43 9.2599e+41 1.8275e+42 6.3842e+39 1.856e+40 1.3119e+40 3.2812e+42 4.268e+39 1.0509e+40 2.2416e+40 2.1304e+40 1.136e+41 1.0266e+41
-4.0 0.1 10000.0 -1.4 2.7273e+42 2.4099e+42 2.539e+42 7.6424e+42 6.6999e+41 3.5541e+42 7.2641e+42 1.0488e+43 7.2921e+41 1.4502e+42 4.8337e+39 1.3621e+40 1.096e+40 2.4988e+42 2.1202e+39 5.2206e+39 1.2595e+40 1.2136e+40 6.0584e+40 5.5118e+40
-4.0 0.1 10000.0 -1.7 1.5086e+42 1.8509e+42 1.3427e+42 4.0416e+42 3.3815e+41 2.2556e+42 5.5746e+42 6.6564e+42 4.5214e+41 9.0866e+41 1.7518e+39 1.0347e+40 9.005e+39 1.4135e+42 5.9498e+38 1.4652e+39 4.0735e+39 4.0521e+39 1.9402e+40 1.7821e+40
-4.0 0.1 10000.0 -2.0 7.9125e+41 1.3337e+42 6.0488e+41 1.8207e+42 1.6144e+41 1.3498e+42 4.0236e+42 3.9831e+42 2.6222e+41 5.3235e+41 3.5848e+38 8.1964e+39 7.0339e+39 7.1008e+41 1.3837e+38 3.408e+38 1.027e+39 1.0912e+39 5.383e+39 4.9904e+39
-4.0 0.3 100.0 -1.2 4.4051e+42 2.4459e+42 8.9409e+41 2.6912e+42 9.1204e+41 3.5657e+42 7.603e+42 1.0522e+43 3.5775e+42 2.7131e+42 3.8108e+40 3.6939e+40 2.3831e+40 3.4847e+42 2.9286e+38 7.211e+38 4.6956e+38 3.0413e+38 1.3037e+40 8.5512e+39
-4.0 0.3 100.0 -1.4 2.9309e+42 2.2144e+42 4.937e+41 1.486e+42 6.1357e+41 2.6421e+42 6.8999e+42 7.7969e+42 2.7689e+42 2.1047e+42 3.0803e+40 2.5554e+40 1.8792e+40 2.6915e+42 8.2335e+37 2.0273e+38 1.299e+38 1.0919e+38 4.5324e+39 2.9765e+39
-4.0 0.3 100.0 -1.7 1.4303e+42 1.7138e+42 1.5988e+41 4.8123e+41 2.9804e+41 1.4843e+42 5.3671e+42 4.3802e+42 1.6346e+42 1.247e+42 2.3574e+40 1.828e+40 1.5286e+40 1.5644e+42 1.4233e+37 3.5043e+37 1.5595e+37 4.9107e+37 8.9643e+38 5.9376e+38
-4.0 0.3 100.0 -2.0 6.6661e+41 1.2422e+42 4.4917e+40 1.352e+41 1.3248e+41 7.7769e+41 3.9145e+42 2.295e+42 8.8424e+41 6.7769e+41 1.7454e+40 1.4442e+40 1.2643e+40 8.1854e+41 4.617e+36 1.1366e+37 2.2359e+36 4.6387e+37 1.8494e+38 1.2753e+38
-4.0 0.3 1000.0 -1.2 7.0302e+42 2.4508e+42 2.1008e+42 6.3234e+42 1.3566e+42 5.1382e+42 7.4612e+42 1.5163e+43 3.4213e+42 3.9827e+42 2.3516e+40 4.2382e+40 2.6445e+40 3.4093e+42 1.7471e+39 4.3021e+39 3.9926e+39 2.5349e+39 5.7707e+40 3.9115e+40
-4.0 0.3 1000.0 -1.4 5.0695e+42 2.2178e+42 1.4873e+42 4.4767e+42 9.4347e+41 4.0587e+42 6.75e+42 1.1977e+43 2.7464e+42 3.2375e+42 1.8698e+40 2.3484e+40 1.7409e+40 2.6184e+42 7.2205e+38 1.7779e+39 2.0195e+39 1.3104e+39 2.7453e+40 1.8632e+40
-4.0 0.3 1000.0 -1.7 2.7721e+42 1.7144e+42 7.6168e+41 2.2927e+42 4.8768e+41 2.5317e+42 5.2296e+42 7.4712e+42 1.7307e+42 2.0781e+42 1.3876e+40 1.4144e+40 1.243e+40 1.5128e+42 1.6252e+38 4.0015e+38 6.2299e+38 4.4532e+38 7.665e+39 5.2153e+39
-4.0 0.3 1000.0 -2.0 1.4306e+42 1.2409e+42 3.5336e+41 1.0636e+42 2.3446e+41 1.4797e+42 3.7998e+42 4.3665e+42 1.0078e+42 1.234e+42 8.9729e+39 1.1321e+40 1.0249e+40 7.8782e+41 3.6512e+37 8.9899e+37 1.7247e+38 1.6778e+38 1.9843e+39 1.3565e+39
-4.0 0.3 10000.0 -1.2 6.5217e+42 2.4864e+42 3.5412e+42 1.0659e+43 2.4267e+42 6.9858e+42 7.3984e+42 2.0615e+43 1.8883e+42 3.4975e+42 6.5454e+39 1.9739e+40 1.3647e+40 3.3015e+42 6.0837e+39 1.4983e+40 1.4148e+40 1.3275e+40 1.4771e+41 1.3154e+41
-4.0 0.3 10000.0 -1.4 4.9382e+42 2.2518e+42 2.6696e+42 8.0356e+42 1.7219e+42 5.7094e+42 6.6913e+42 1.6848e+43 1.516e+42 2.8395e+42 4.9163e+39 1.3927e+40 1.0975e+40 2.5173e+42 3.1531e+39 7.7653e+39 8.281e+39 7.8613e+39 8.3258e+40 7.4594e+40
-4.0 0.3 10000.0 -1.7 2.9417e+42 1.7443e+42 1.4708e+42 4.4272e+42 9.3344e+41 3.793e+42 5.1854e+42 1.1193e+43 9.7596e+41 1.8538e+42 1.773e+39 1.0121e+40 8.6778e+39 1.4272e+42 9.5396e+38 2.3496e+39 2.9165e+39 2.8345e+39 2.972e+40 2.6844e+40
-4.0 0.3 10000.0 -2.0 1.6702e+42 1.2662e+42 7.0233e+41 2.114e+42 4.7999e+41 2.3868e+42 3.7715e+42 7.0436e+42 5.9123e+41 1.1378e+42 3.6353e+38 7.8528e+39 6.5586e+39 7.1877e+41 2.5117e+38 6.1873e+38 8.5799e+38 8.6653e+38 9.7186e+39 8.8402e+39
-4.0 0.5 100.0 -1.2 7.1587e+42 2.244e+42 1.2026e+42 3.6197e+42 1.7583e+42 5.7343e+42 6.8468e+42 1.6922e+43 6.1838e+42 4.6336e+42 5.0026e+40 4.6563e+40 2.8839e+40 3.4352e+42 9.9429e+38 2.449e+39 7.431e+38 4.493e+38 3.7585e+40 2.4636e+40
-4.0 0.5 100.0 -1.4 5.179e+42 2.0454e+42 7.7939e+41 2.346e+42 1.2442e+42 4.4935e+42 6.257e+42 1.326e+43 4.9996e+42 3.7555e+42 3.8109e+40 3.1493e+40 2.1831e+40 2.6489e+42 3.8563e+38 9.4979e+38 3.2367e+38 2.0264e+38 1.7723e+40 1.1619e+40
-4.0 0.5 100.0 -1.7 2.8546e+42 1.5912e+42 3.3678e+41 1.0137e+42 6.6319e+41 2.7658e+42 4.8958e+42 8.162e+42 3.1872e+42 2.4025e+42 2.6935e+40 2.0684e+40 1.6593e+40 1.541e+42 8.5984e+37 2.1177e+38 8.2441e+37 6.1845e+37 5.2247e+39 3.4283e+39
-4.0 0.5 100.0 -2.0 1.4867e+42 1.1551e+42 1.3038e+41 3.9245e+41 3.2771e+41 1.5931e+42 3.575e+42 4.7011e+42 1.8743e+42 1.4184e+42 1.9686e+40 1.5839e+40 1.3691e+40 8.0714e+41 2.0953e+37 5.1602e+37 2.1237e+37 2.7083e+37 1.5082e+39 9.9271e+38
-4.0 0.5 1000.0 -1.2 8.7871e+42 2.2527e+42 2.0729e+42 6.2393e+42 2.1765e+42 7.0117e+42 6.7638e+42 2.0691e+43 5.3496e+42 5.8601e+42 3.2316e+40 5.8752e+40 3.5197e+40 3.3817e+42 3.4465e+39 8.489e+39 2.9016e+39 1.8224e+39 9.4873e+40 6.4144e+40
-4.0 0.5 1000.0 -1.4 6.6058e+42 2.052e+42 1.5266e+42 4.595e+42 1.5546e+42 5.662e+42 6.1677e+42 1.6708e+43 4.3545e+42 4.8385e+42 2.2935e+40 3.4718e+40 2.3329e+40 2.5991e+42 1.7099e+39 4.2114e+39 1.6674e+39 1.056e+39 5.2159e+40 3.5293e+40
-4.0 0.5 1000.0 -1.7 3.8544e+42 1.5961e+42 8.3388e+41 2.51e+42 8.4431e+41 3.6637e+42 4.8119e+42 1.0811e+43 2.8245e+42 3.1999e+42 1.5741e+40 1.7877e+40 1.4599e+40 1.5032e+42 5.1148e+38 1.2598e+39 6.3989e+38 4.1756e+38 1.8391e+40 1.2461e+40
-4.0 0.5 1000.0 -2.0 2.1282e+42 1.1604e+42 4.1505e+41 1.2493e+42 4.2951e+41 2.2283e+42 3.5122e+42 6.5757e+42 1.7022e+42 1.9663e+42 1.0031e+40 1.2501e+40 1.1095e+40 7.8374e+41 1.3767e+38 3.3907e+38 2.2449e+38 1.5939e+38 5.8308e+39 3.9577e+39
-4.0 0.5 10000.0 -1.2 7.0918e+42 2.2967e+42 3.1298e+42 9.4208e+42 3.2238e+42 8.716e+42 6.7661e+42 2.5721e+43 2.869e+42 4.9837e+42 6.8695e+39 2.3169e+40 1.5229e+40 3.2936e+42 8.2551e+39 2.0335e+40 7.4064e+39 6.8442e+39 1.7846e+41 1.567e+41
-4.0 0.5 10000.0 -1.4 5.4657e+42 2.0958e+42 2.3872e+42 7.1855e+42 2.3207e+42 7.1856e+42 6.1741e+42 2.1205e+43 2.2983e+42 4.051e+42 5.069e+39 1.5216e+40 1.1417e+40 2.5157e+42 4.4038e+39 1.0848e+40 4.4794e+39 4.1818e+39 1.0403e+41 9.184e+40
-4.0 0.5 10000.0 -1.7 3.3387e+42 1.6372e+42 1.3351e+42 4.0186e+42 1.2865e+42 4.8369e+42 4.8306e+42 1.4274e+43 1.4836e+42 2.6614e+42 1.8062e+39 1.0019e+40 8.3266e+39 1.4298e+42 1.3633e+39 3.3585e+39 1.6484e+39 1.568e+39 3.8846e+40 3.4537e+40
-4.0 0.5 10000.0 -2.0 1.9431e+42 1.1968e+42 6.4635e+41 1.9455e+42 6.7875e+41 3.086e+42 3.5403e+42 9.1068e+42 9.0607e+41 1.6498e+42 3.6834e+38 7.3932e+39 5.9163e+39 7.2218e+41 3.6257e+38 8.9327e+38 5.0678e+38 4.9477e+38 1.3287e+40 1.1882e+40
-1.5 0.1 100.0 -1.2 5.0676e+41 6.081e+41 4.007e+42 1.2061e+43 1.2701e+41 2.0434e+41 1.7631e+42 6.03e+41 1.3771e+41 1.0243e+41 9.6807e+41 9.2248e+41 5.6843e+41 3.5557e+42 3.3276e+40 7.7793e+40 1.9779e+40 1.2034e+40 3.8506e+41 2.5237e+41
-1.5 0.1 100.0 -1.4 2.5122e+41 5.6576e+41 3.0665e+42 9.2301e+42 2.3831e+40 9.1417e+40 1.6524e+42 2.6977e+41 6.8719e+40 5.2447e+40 4.7671e+41 4.8687e+41 3.0703e+41 2.8234e+42 1.3602e+40 3.1334e+40 7.6824e+39 5.1107e+39 1.6901e+41 1.1084e+41
-1.5 0.1 100.0 -1.7 1.3003e+41 5.2637e+41 1.6628e+42 5.005e+42 4.5807e+39 4.5742e+40 1.5731e+42 1.3498e+41 3.3711e+40 2.6421e+40 1.231e+41 1.629e+41 9.4657e+40 1.7997e+42 2.9535e+39 6.6347e+39 1.3375e+39 1.9207e+39 3.6692e+40 2.4216e+40
-1.5 0.1 100.0 -2.0 8.6733e+40 4.9731e+41 6.028e+41 1.8144e+42 2.5428e+39 2.9025e+40 1.5382e+42 8.5653e+40 2.1228e+40 1.6676e+40 2.9892e+40 4.2423e+40 2.9848e+40 1.0614e+42 7.2653e+38 1.596e+39 2.0986e+38 2.0004e+39 5.7631e+39 4.1037e+39
-1.5 0.1 1000.0 -1.2 1.6164e+42 1.7199e+42 1.404e+43 4.2261e+43 3.5123e+41 7.0044e+41 5.0583e+42 2.067e+42 3.629e+41 3.871e+41 1.3633e+41 9.682e+41 4.7217e+41 5.1447e+42 7.1269e+40 1.6585e+41 5.9857e+40 3.8638e+40 1.0691e+42 7.2261e+41
-1.5 0.1 1000.0 -1.4 1.0273e+42 1.6075e+42 9.0402e+42 2.7211e+43 9.1286e+40 4.1056e+41 4.7752e+42 1.2116e+42 1.8737e+41 2.2135e+41 3.413e+40 2.047e+41 1.064e+41 3.7963e+42 1.9886e+40 4.6187e+40 2.5871e+40 1.8118e+40 3.7725e+41 2.5575e+41
-1.5 0.1 1000.0 -1.7 6.0294e+41 1.3487e+42 3.7162e+42 1.1186e+43 2.6604e+40 2.6508e+41 4.0712e+42 7.8226e+41 1.0059e+41 1.3145e+41 2.2259e+40 3.8774e+40 2.6777e+40 2.0895e+42 2.1377e+39 4.9873e+39 6.0757e+39 6.5087e+39 5.6342e+40 3.8539e+40
-1.5 0.1 1000.0 -2.0 3.388e+41 1.0621e+42 1.2766e+42 3.8425e+42 1.3527e+40 1.8163e+41 3.2522e+42 5.3598e+41 6.651e+40 8.8476e+40 1.6404e+40 2.0231e+40 1.6373e+40 1.0442e+42 2.8766e+38 6.7762e+38 1.0815e+39 3.6222e+39 6.5619e+39 4.6969e+39
-1.5 0.1 10000.0 -1.2 4.3178e+42 2.8656e+42 1.5354e+43 4.6216e+43 1.3177e+42 3.586e+42 8.5072e+42 1.0582e+43 6.0892e+41 1.1031e+42 1.5196e+40 8.537e+40 4.9382e+40 4.7452e+42 2.9424e+40 7.1754e+40 1.3069e+41 1.2328e+41 6.8339e+41 6.1255e+41
-1.5 0.1 10000.0 -1.4 2.9596e+42 2.4994e+42 1.0417e+43 3.1355e+43 5.1678e+41 2.577e+42 7.4295e+42 7.6049e+42 3.6653e+41 7.0493e+41 1.4018e+40 3.6911e+40 2.496e+40 3.4891e+42 1.188e+40 2.9002e+40 6.5629e+40 6.3238e+40 3.0491e+41 2.7587e+41
-1.5 0.1 10000.0 -1.7 1.7666e+42 1.8825e+42 4.8638e+42 1.464e+43 1.9049e+41 1.8151e+42 5.6083e+42 5.3563e+42 2.2478e+41 4.5707e+41 8.6637e+39 1.6725e+40 1.3889e+40 1.8918e+42 2.5217e+39 6.1736e+39 1.7738e+40 1.7962e+40 7.6126e+40 6.9745e+40
-1.5 0.1 10000.0 -2.0 1.0408e+42 1.3469e+42 1.932e+42 5.8153e+42 9.597e+40 1.3013e+42 4.0253e+42 3.8401e+42 1.613e+41 3.3218e+41 2.2491e+39 1.141e+40 1.0163e+40 9.2278e+41 4.8438e+38 1.1892e+39 3.7721e+39 4.1964e+39 1.7486e+40 1.6203e+40
-1.5 0.3 100.0 -1.2 2.6458e+42 3.1848e+41 2.3457e+42 7.0605e+42 9.1153e+41 9.4183e+41 9.4129e+41 2.7793e+42 3.635e+41 2.6231e+41 1.0959e+42 7.7682e+41 5.3001e+41 2.005e+42 8.7099e+40 2.1106e+41 2.4154e+40 1.4314e+40 9.2823e+41 6.0809e+41
-1.5 0.3 100.0 -1.4 1.2128e+42 2.5966e+41 1.9791e+42 5.957e+42 4.7256e+41 4.8262e+41 7.4974e+41 1.4242e+42 2.198e+41 1.5915e+41 6.1172e+41 5.0909e+41 3.4833e+41 1.7064e+42 4.5699e+40 1.1025e+41 1.3403e+40 7.9645e+39 4.9509e+41 3.2438e+41
-1.5 0.3 100.0 -1.7 3.2143e+41 2.1538e+41 1.4239e+42 4.2859e+42 1.0923e+41 1.3972e+41 6.2083e+41 4.1231e+41 9.0983e+40 6.6864e+40 1.9784e+41 2.0758e+41 1.439e+41 1.222e+42 1.3712e+40 3.2728e+40 4.0031e+39 2.4596e+39 1.5353e+41 1.0063e+41
-1.5 0.3 100.0 -2.0 1.2686e+41 2.0472e+41 8.5956e+41 2.5873e+42 1.2897e+40 5.1348e+40 6.0354e+41 1.5153e+41 3.6691e+40 2.7998e+40 4.4848e+40 5.3832e+40 3.9272e+40 7.9874e+41 2.5809e+39 6.0678e+39 8.6015e+38 7.6634e+38 3.2988e+40 2.1675e+40
-1.5 0.3 1000.0 -1.2 3.6215e+42 1.0592e+42 1.0712e+43 3.2242e+43 1.7102e+42 1.7159e+42 3.0683e+42 5.0637e+42 8.9054e+41 8.3521e+41 2.9146e+41 8.9644e+41 4.5897e+41 4.4392e+42 1.3515e+41 3.2435e+41 4.9352e+40 3.0789e+40 1.6331e+42 1.1004e+42
-1.5 0.3 1000.0 -1.4 1.8908e+42 9.8692e+41 7.8677e+42 2.3682e+43 6.9723e+41 9.0394e+41 2.8774e+42 2.6675e+42 5.0227e+41 4.9251e+41 7.6298e+40 3.219e+41 1.6551e+41 3.3989e+42 4.8786e+40 1.1672e+41 2.4318e+40 1.5471e+40 7.0928e+41 4.7908e+41
-1.5 0.3 1000.0 -1.7 9.2047e+41 8.6884e+41 3.9615e+42 1.1924e+43 1.2623e+41 4.2381e+41 2.5739e+42 1.2507e+42 2.0132e+41 2.2721e+41 2.5786e+40 4.4465e+40 2.9701e+40 1.9624e+42 6.7839e+39 1.6212e+40 7.3048e+39 5.2353e+39 1.4102e+41 9.5662e+40
-1.5 0.3 1000.0 -2.0 5.6017e+41 7.3122e+41 1.6951e+42 5.1023e+42 4.0117e+40 2.8841e+41 2.2003e+42 8.511e+41 1.1434e+41 1.4383e+41 1.8436e+40 1.8763e+40 1.6127e+40 1.0067e+42 8.3879e+38 2.0112e+39 1.8938e+39 2.1338e+39 2.3622e+40 1.6148e+40
-1.5 0.3 10000.0 -1.2 5.9588e+42 2.4213e+42 1.4115e+43 4.2485e+43 3.2296e+42 5.2808e+42 7.1005e+42 1.5584e+43 1.3171e+42 2.1365e+42 1.6007e+40 8.6998e+40 5.4659e+40 4.6986e+42 4.2137e+40 1.0307e+41 7.708e+40 7.1522e+40 7.9584e+41 7.0358e+41
-1.5 0.3 10000.0 -1.4 4.0157e+42 2.1432e+42 9.8235e+42 2.9569e+43 1.4098e+42 3.669e+42 6.3021e+42 1.0827e+43 7.5602e+41 1.3014e+42 1.4197e+40 3.7964e+40 2.6705e+40 3.4745e+42 1.7641e+40 4.3178e+40 4.0172e+40 3.7951e+40 3.6948e+41 3.2994e+41
-1.5 0.3 10000.0 -1.7 2.4211e+42 1.6613e+42 4.7906e+42 1.442e+43 4.7448e+41 2.456e+42 4.9101e+42 7.2476e+42 3.9731e+41 7.4676e+41 8.5659e+39 1.6499e+40 1.3682e+40 1.8961e+42 3.9261e+39 9.6276e+39 1.1567e+40 1.1333e+40 1.0009e+41 9.0419e+40
-1.5 0.3 10000.0 -2.0 1.5205e+42 1.2238e+42 2.0241e+42 6.0924e+42 2.2471e+41 1.7996e+42 3.6322e+42 5.3107e+42 2.6509e+41 5.2109e+41 2.2084e+39 1.1089e+40 9.8172e+39 9.2906e+41 8.1862e+38 2.0112e+39 2.7674e+39 2.8715e+39 2.6206e+40 2.3891e+40
-1.5 0.5 100.0 -1.2 2.8571e+42 2.5858e+41 1.3048e+42 3.9274e+42 9.6492e+41 1.2231e+42 8.0791e+41 3.6094e+42 4.7276e+41 3.3797e+41 1.3032e+42 6.7394e+41 4.9566e+41 1.41e+42 8.0026e+40 1.9566e+41 8.4609e+39 5.0094e+39 8.5009e+41 5.5683e+41
-1.5 0.5 100.0 -1.4 1.5342e+42 1.9193e+41 1.1712e+42 3.5253e+42 5.705e+41 7.0309e+41 5.7264e+41 2.0748e+42 2.8847e+41 2.066e+41 7.9668e+41 4.8537e+41 3.597e+41 1.2342e+42 5.1453e+40 1.2563e+41 6.2025e+39 3.6746e+39 5.4872e+41 3.5946e+41
-1.5 0.5 100.0 -1.7 5.0694e+41 1.4086e+41 9.6947e+41 2.9181e+42 2.0106e+41 2.5109e+41 4.0333e+41 7.4096e+41 1.3259e+41 9.5904e+40 3.0362e+41 2.3815e+41 1.7879e+41 9.3588e+41 2.2376e+40 5.4412e+40 3.043e+39 1.8108e+39 2.3577e+41 1.5449e+41
-1.5 0.5 100.0 -2.0 1.7876e+41 1.239e+41 7.2917e+41 2.1948e+42 4.6035e+40 8.7129e+40 3.5646e+41 2.5712e+41 6.1336e+40 4.5385e+40 8.6322e+40 9.0424e+40 6.8403e+40 6.4197e+41 7.3964e+39 1.7865e+40 1.0584e+39 6.5648e+38 8.2014e+40 5.3763e+40
-1.5 0.5 1000.0 -1.2 4.1906e+42 7.8213e+41 7.5062e+42 2.2594e+43 2.0401e+42 2.306e+42 2.2642e+42 6.8049e+42 1.1563e+42 1.0301e+42 5.5796e+41 8.5226e+41 6.2896e+41 3.8915e+42 1.7916e+41 4.3593e+41 2.7295e+40 1.6884e+40 1.9056e+42 1.2814e+42
-1.5 0.5 1000.0 -1.4 2.326e+42 7.0794e+41 6.1123e+42 1.8398e+43 1.0339e+42 1.2926e+42 2.0406e+42 3.8145e+42 7.2396e+41 6.6607e+41 1.9311e+41 4.0108e+41 2.8609e+41 3.0627e+42 8.4116e+40 2.0427e+41 1.5677e+40 9.7634e+39 1.0043e+42 6.7663e+41
-1.5 0.5 1000.0 -1.7 1.0955e+42 6.2732e+41 3.6617e+42 1.1022e+43 2.6438e+41 5.9557e+41 1.828e+42 1.7575e+42 3.3036e+41 3.3731e+41 3.8519e+40 8.9475e+40 6.2469e+40 1.8343e+42 1.7979e+40 4.3584e+40 6.0586e+39 3.8918e+39 2.8442e+41 1.9225e+41
-1.5 0.5 1000.0 -2.0 6.5745e+41 5.4807e+41 1.8251e+42 5.4937e+42 7.0973e+40 3.8201e+41 1.6219e+42 1.1273e+42 1.738e+41 2.0236e+41 2.1039e+40 2.4867e+40 2.1397e+40 9.6939e+41 2.9511e+39 7.159e+39 2.1373e+39 1.5404e+39 6.3293e+40 4.2931e+40
-1.5 0.5 10000.0 -1.2 6.1443e+42 2.0607e+42 1.2058e+43 3.6294e+43 3.9249e+42 6.3133e+42 5.9909e+42 1.8631e+43 1.9518e+42 2.9126e+42 1.8302e+40 1.2398e+41 7.6229e+40 4.6189e+42 6.0524e+40 1.4844e+41 3.9978e+40 3.6434e+40 9.5214e+41 8.3105e+41
-1.5 0.5 10000.0 -1.4 4.2013e+42 1.8508e+42 8.5568e+42 2.5756e+43 1.8835e+42 4.5067e+42 5.3922e+42 1.3299e+43 1.1722e+42 1.8525e+42 1.4823e+40 5.1024e+40 3.3335e+40 3.4364e+42 2.625e+40 6.4403e+40 2.1662e+40 2.0054e+40 4.5745e+41 4.0338e+41
-1.5 0.5 10000.0 -1.7 2.5339e+42 1.4751e+42 4.2598e+42 1.2822e+43 6.6684e+41 3.0057e+42 4.3236e+42 8.8698e+42 5.9601e+41 1.0452e+42 8.5823e+39 1.7467e+40 1.4027e+40 1.8894e+42 5.9121e+39 1.4522e+40 6.4723e+39 6.1644e+39 1.2746e+41 1.1369e+41
-1.5 0.5 10000.0 -2.0 1.5977e+42 1.1139e+42 1.8261e+42 5.4966e+42 3.1743e+41 2.1843e+42 3.2837e+42 6.4458e+42 3.9119e+41 7.2081e+41 2.1698e+39 1.0814e+40 9.4326e+39 9.2955e+41 1.2143e+39 2.9866e+39 1.5812e+39 1.5655e+39 3.4106e+40 3.0669e+40
-5.0 0.1 100.0 -1.2 2.4367e+41 2.2759e+42 2.8178e+40 8.4815e+40 7.2522e+39 1.375e+41 7.5542e+42 4.0576e+41 1.4692e+41 1.1683e+41 6.178e+39 7.1216e+39 5.4228e+39 8.3892e+41 3.6597e+36 9.0198e+36 1.5201e+37 1.1303e+37 1.6121e+38 1.0603e+38
-5.0 0.1 100.0 -1.4 1.9479e+41 2.155e+42 1.2871e+40 3.8741e+40 3.5905e+39 8.1839e+40 7.1734e+42 2.4151e+41 8.9036e+40 7.1308e+40 6.2316e+39 7.433e+39 5.758e+39 6.3452e+41 7.4679e+35 1.8405e+36 2.1872e+36 4.1864e+36 2.879e+37 1.9249e+37
-5.0 0.1 100.0 -1.7 1.3198e+41 1.7392e+42 2.649e+39 7.9734e+39 1.0555e+39 3.1126e+40 5.8204e+42 9.1854e+40 3.4767e+40 2.8144e+40 5.3113e+39 7.0077e+39 5.4912e+39 3.5618e+41 1.9894e+35 4.903e+35 5.3957e+34 3.6543e+36 1.8275e+36 1.5997e+36
-5.0 0.1 100.0 -2.0 8.6096e+40 1.2919e+42 4.0602e+38 1.2221e+39 2.7864e+38 1.0478e+40 4.3503e+42 3.0919e+40 1.1967e+40 9.7879e+39 3.5928e+39 5.8565e+39 4.6653e+39 1.7954e+41 1.5071e+35 3.7145e+35 7.4725e+32 4.1064e+36 3.2425e+34 4.0894e+35
-5.0 0.1 1000.0 -1.2 5.4856e+41 2.2837e+42 9.7126e+40 2.9235e+41 7.1677e+40 6.2775e+41 7.351e+42 1.8525e+42 4.9253e+41 6.3499e+41 4.3332e+39 7.2113e+39 5.594e+39 8.5841e+41 4.1896e+37 1.0326e+38 2.5554e+38 1.6362e+38 1.6751e+39 1.139e+39
-5.0 0.1 1000.0 -1.4 3.9691e+41 2.1591e+42 6.7008e+40 2.017e+41 4.672e+40 4.7157e+41 6.9535e+42 1.3916e+42 3.6808e+41 4.8099e+41 3.6218e+39 7.3385e+39 5.8474e+39 6.4915e+41 1.5361e+37 3.7858e+37 1.1568e+38 7.6821e+37 6.9568e+38 4.7407e+38
-5.0 0.1 1000.0 -1.7 2.2188e+41 1.7431e+42 3.2385e+40 9.7479e+40 2.1375e+40 2.6552e+41 5.6264e+42 7.8354e+41 2.0494e+41 2.7287e+41 1.9124e+39 6.7402e+39 5.3573e+39 3.6447e+41 3.0743e+36 7.5769e+36 2.9032e+37 2.3288e+37 1.5762e+38 1.08e+38
-5.0 0.1 1000.0 -2.0 1.201e+41 1.2945e+42 1.3828e+40 4.1622e+40 8.9754e+39 1.363e+41 4.1914e+42 4.0223e+41 1.0384e+41 1.4062e+41 7.0596e+38 5.5596e+39 4.1974e+39 1.8355e+41 6.4743e+35 1.5957e+36 6.1983e+36 9.3493e+36 3.1683e+37 2.2112e+37
-5.0 0.1 10000.0 -1.2 9.2494e+41 2.2832e+42 1.8897e+41 5.688e+41 4.2736e+41 1.6625e+42 7.0728e+42 4.9062e+42 6.0489e+41 1.1928e+42 3.3317e+38 4.6344e+39 3.0494e+39 8.7007e+41 2.0089e+38 4.9513e+38 1.0962e+39 1.0389e+39 6.3259e+39 5.7195e+39
-5.0 0.1 10000.0 -1.4 7.0181e+41 2.1579e+42 1.4285e+41 4.2998e+41 3.1378e+41 1.3647e+42 6.6821e+42 4.0272e+42 4.8362e+41 9.608e+41 2.1011e+38 4.492e+39 2.8535e+39 6.5642e+41 1.0311e+38 2.5412e+38 6.2495e+38 5.9997e+38 3.5099e+39 3.1936e+39
-5.0 0.1 10000.0 -1.7 4.0811e+41 1.7388e+42 7.812e+40 2.3514e+41 1.7313e+41 8.8486e+41 5.3867e+42 2.6112e+42 3.0161e+41 6.0518e+41 6.3483e+37 3.268e+39 1.9064e+39 3.6502e+41 3.0253e+37 7.4564e+37 2.0804e+38 2.0547e+38 1.1997e+39 1.1016e+39
-5.0 0.1 10000.0 -2.0 2.2035e+41 1.2906e+42 3.6541e+40 1.0999e+41 8.8521e+40 5.2719e+41 4.0036e+42 1.5558e+42 1.7349e+41 3.5107e+41 1.2424e+37 1.7525e+39 9.5093e+38 1.8047e+41 7.2912e+36 1.797e+37 5.4625e+37 5.7122e+37 3.5547e+38 3.2935e+38
-5.0 0.3 100.0 -1.2 1.3512e+42 2.1592e+42 7.4231e+40 2.2343e+41 3.9155e+41 1.6632e+42 6.8291e+42 4.908e+42 2.7007e+42 2.0301e+42 6.6173e+39 7.0838e+39 5.1211e+39 9.0226e+41 1.7321e+37 4.269e+37 3.7194e+37 2.3163e+37 8.1637e+38 5.3558e+38
-5.0 0.3 100.0 -1.4 9.8065e+41 2.0516e+42 4.8133e+40 1.4488e+41 2.7327e+41 1.3189e+42 6.4985e+42 3.892e+42 2.1329e+42 1.6104e+42 6.6192e+39 7.4081e+39 5.4829e+39 6.8441e+41 4.9796e+36 1.2273e+37 1.1642e+37 8.256e+36 2.9662e+38 1.9483e+38
-5.0 0.3 100.0 -1.7 5.3152e+41 1.6653e+42 2.0941e+40 6.3031e+40 1.3724e+41 8.0437e+41 5.2911e+42 2.3737e+42 1.2881e+42 9.7923e+41 5.6448e+39 7.2136e+39 5.3907e+39 3.862e+41 7.6564e+35 1.887e+36 1.5783e+36 2.5567e+36 5.8842e+37 3.8938e+37
-5.0 0.3 100.0 -2.0 2.664e+41 1.2416e+42 7.9957e+39 2.4067e+40 6.2528e+40 4.4474e+41 3.9588e+42 1.3124e+42 7.0494e+41 5.3955e+41 3.8908e+39 6.3523e+39 4.7465e+39 1.9538e+41 2.1016e+35 5.1795e+35 2.1639e+35 1.9185e+36 1.1942e+37 8.1787e+36
-5.0 0.3 1000.0 -1.2 2.4986e+42 2.148e+42 1.3815e+41 4.1584e+41 8.5109e+41 2.7042e+42 6.6623e+42 7.98e+42 3.314e+42 3.7135e+42 4.6824e+39 7.4067e+39 5.3461e+39 9.0324e+41 9.461e+37 2.3318e+38 2.4444e+38 1.5452e+38 3.7247e+39 2.5259e+39
-5.0 0.3 1000.0 -1.4 1.9484e+42 2.0404e+42 1.0327e+41 3.1085e+41 6.3795e+41 2.2631e+42 6.3354e+42 6.6783e+42 2.7218e+42 3.0972e+42 3.918e+39 7.3712e+39 5.5058e+39 6.85e+41 4.2436e+37 1.0459e+38 1.2936e+38 8.2971e+37 1.9445e+39 1.3202e+39
-5.0 0.3 1000.0 -1.7 1.1723e+42 1.6541e+42 5.6978e+40 1.7151e+41 3.6143e+41 1.5085e+42 5.1474e+42 4.4515e+42 1.761e+42 2.0488e+42 2.0703e+39 6.7276e+39 5.0124e+39 3.8593e+41 1.0993e+37 2.7094e+37 4.2494e+37 2.8934e+37 6.3795e+38 4.3398e+38
-5.0 0.3 1000.0 -2.0 6.5086e+41 1.233e+42 2.8285e+40 8.5137e+40 1.8872e+41 9.2287e+41 3.8464e+42 2.7234e+42 1.0469e+42 1.2434e+42 7.5283e+38 5.4116e+39 3.7919e+39 1.9505e+41 2.746e+36 6.7678e+36 1.2574e+37 1.0317e+37 1.9685e+38 1.343e+38
-5.0 0.3 10000.0 -1.2 2.739e+42 2.1353e+42 2.1652e+41 6.5172e+41 1.9814e+42 4.0543e+42 6.4458e+42 1.1964e+43 2.4106e+42 4.3386e+42 3.3911e+38 4.0531e+39 2.4769e+39 8.946e+41 3.0439e+38 7.5022e+38 8.0378e+38 7.518e+38 1.0509e+40 9.3343e+39
-5.0 0.3 10000.0 -1.4 2.2099e+42 2.0277e+42 1.688e+41 5.0808e+41 1.5403e+42 3.4782e+42 6.1234e+42 1.0264e+43 1.9857e+42 3.6176e+42 2.1343e+38 3.772e+39 2.2478e+39 6.7633e+41 1.6569e+38 4.0837e+38 4.8624e+38 4.5952e+38 6.3682e+39 5.6852e+39
-5.0 0.3 10000.0 -1.7 1.4032e+42 1.6437e+42 9.733e+40 2.9296e+41 9.2466e+41 2.4145e+42 4.9709e+42 7.1252e+42 1.295e+42 2.4015e+42 6.4385e+37 2.5902e+39 1.4497e+39 3.7753e+41 5.4369e+37 1.34e+38 1.8473e+38 1.7795e+38 2.5792e+39 2.318e+39
-5.0 0.3 10000.0 -2.0 8.2192e+41 1.2249e+42 4.8837e+40 1.47e+41 5.1398e+41 1.5414e+42 3.7116e+42 4.5485e+42 7.7995e+41 1.4703e+42 1.263e+37 1.3403e+39 7.1178e+38 1.8736e+41 1.5563e+37 3.8357e+37 6.0688e+37 6.0129e+37 9.6201e+38 8.6945e+38
-5.0 0.5 100.0 -1.2 3.5441e+42 1.9959e+42 9.5066e+40 2.8615e+41 1.6603e+42 4.0022e+42 6.1422e+42 1.1811e+43 8.5087e+42 6.2298e+42 7.1498e+39 6.912e+39 4.6313e+39 9.1615e+41 5.5545e+37 1.369e+38 5.4199e+37 3.2552e+37 2.846e+39 1.8654e+39
-5.0 0.5 100.0 -1.4 2.8431e+42 1.9074e+42 6.8747e+40 2.0693e+41 1.2756e+42 3.4013e+42 5.8813e+42 1.0037e+43 7.1399e+42 5.2443e+42 7.0565e+39 7.1225e+39 4.9064e+39 6.9669e+41 2.2756e+37 5.6086e+37 2.5762e+37 1.5778e+37 1.5047e+39 9.8643e+38
-5.0 0.5 100.0 -1.7 1.7847e+42 1.5569e+42 3.5794e+40 1.0774e+41 7.4852e+41 2.3235e+42 4.8165e+42 6.8566e+42 4.7718e+42 3.5221e+42 6.0088e+39 6.979e+39 4.8606e+39 3.9437e+41 5.314e+36 1.3097e+37 7.4172e+36 4.9853e+36 5.2422e+38 3.4383e+38
-5.0 0.5 100.0 -2.0 1.0323e+42 1.1657e+42 1.6674e+40 5.0188e+40 4.05e+41 1.4587e+42 3.6194e+42 4.3046e+42 2.9317e+42 2.1744e+42 4.2206e+39 6.3151e+39 4.3668e+39 2.0045e+41 1.2806e+36 3.1561e+36 2.1128e+36 1.8837e+36 1.7863e+38 1.1732e+38
-5.0 0.5 1000.0 -1.2 4.4242e+42 1.9846e+42 1.3842e+41 4.1664e+41 2.3197e+42 4.8895e+42 6.0267e+42 1.4429e+43 8.3223e+42 8.3774e+42 5.1159e+39 7.4231e+39 4.8993e+39 9.1028e+41 1.7268e+38 4.256e+38 1.7883e+38 1.121e+38 6.7467e+39 4.5584e+39
-5.0 0.5 1000.0 -1.4 3.6388e+42 1.8959e+42 1.0699e+41 3.2204e+41 1.8209e+42 4.2237e+42 5.7652e+42 1.2464e+43 7.0126e+42 7.1618e+42 4.2474e+39 7.2034e+39 4.9177e+39 6.9155e+41 8.9473e+37 2.2052e+38 1.065e+38 6.7172e+37 4.0295e+39 2.7242e+39
-5.0 0.5 1000.0 -1.7 2.3756e+42 1.5472e+42 6.2288e+40 1.8749e+41 1.1065e+42 2.962e+42 4.7164e+42 8.7409e+42 4.7236e+42 4.9305e+42 2.2731e+39 6.407e+39 4.3661e+39 3.9079e+41 2.8727e+37 7.0802e+37 4.2769e+37 2.752e+37 1.6334e+39 1.1052e+39
-5.0 0.5 1000.0 -2.0 1.4317e+42 1.1587e+42 3.2727e+40 9.8507e+40 6.2144e+41 1.9124e+42 3.5419e+42 5.6434e+42 2.9311e+42 3.1254e+42 8.2504e+38 4.9936e+39 3.2099e+39 1.9811e+41 8.3714e+36 2.0633e+37 1.5736e+37 1.0673e+37 6.15e+38 4.1656e+38
-5.0 0.5 10000.0 -1.2 3.8681e+42 1.9727e+42 1.9495e+41 5.868e+41 3.685e+42 6.0784e+42 5.8696e+42 1.7937e+43 5.259e+42 8.5111e+42 3.5126e+38 3.4514e+39 1.9741e+39 8.9519e+41 4.0282e+38 9.9281e+38 4.4864e+38 4.1235e+38 1.4347e+40 1.246e+40
-5.0 0.5 10000.0 -1.4 3.2098e+42 1.8848e+42 1.5397e+41 4.6344e+41 2.9299e+42 5.2958e+42 5.613e+42 1.5628e+43 4.3798e+42 7.1874e+42 2.194e+38 3.04e+39 1.7148e+39 6.7811e+41 2.2619e+38 5.5749e+38 2.8355e+38 2.6284e+38 9.1224e+39 7.9538e+39
-5.0 0.5 10000.0 -1.7 2.1254e+42 1.5386e+42 9.0439e+40 2.7222e+41 1.8168e+42 3.7643e+42 4.59e+42 1.1109e+43 2.898e+42 4.8613e+42 6.5715e+37 1.9545e+39 1.0572e+39 3.7972e+41 7.6803e+37 1.8929e+38 1.1606e+38 1.0907e+38 3.9865e+39 3.4923e+39
-5.0 0.5 10000.0 -2.0 1.2999e+42 1.1524e+42 4.6278e+40 1.393e+41 1.0433e+42 2.4649e+42 3.4451e+42 7.2739e+42 1.7688e+42 3.0336e+42 1.2826e+37 9.6983e+38 5.0606e+38 1.8907e+41 2.2777e+37 5.6139e+37 4.2013e+37 4.012e+37 1.617e+39 1.4219e+39
