# log(Us)  xid nh alpha [OII]3727 Hbeta [OIII]4959 [OIII]5007 [OI]6300 [NII]6548 Halpha [NII]6584 [SII]6717 [SII]6731 NV1240 CIV1548 CIV1551 HeII1640 OIII]1661 OIII]1666 [SiIII]1883 SiIII]1888 [CIII]1907 CIII]1910 
-2.5 0.1 100.0 -1.2 3.5676e+41 3.6965e+42 6.4531e+41 1.9424e+42 2.2378e+41 2.4708e+39 1.1373e+43 7.2913e+39 1.7106e+41 1.1965e+41 1.339e+40 8.0715e+41 4.1157e+41 5.4213e+42 7.0496e+40 1.7375e+41 1.0997e+41 6.5065e+40 6.9914e+41 4.5786e+41
-2.5 0.1 100.0 -1.4 3.1457e+41 3.0893e+42 6.264e+41 1.8855e+42 1.2207e+41 1.8477e+39 9.3702e+42 5.4526e+39 1.0048e+41 7.0822e+40 1.1572e+40 6.9923e+41 3.5855e+41 3.9644e+42 6.6442e+40 1.6375e+41 1.2077e+41 7.1465e+40 6.55e+41 4.2895e+41
-2.5 0.1 100.0 -1.7 2.4258e+41 2.1943e+42 5.105e+41 1.5366e+42 4.3965e+40 1.22e+39 6.5516e+42 3.6003e+39 4.3803e+40 3.1406e+40 8.0443e+39 4.7319e+41 2.4586e+41 2.1435e+42 5.075e+40 1.2508e+41 1.1371e+41 6.7303e+40 4.9891e+41 3.2673e+41
-2.5 0.1 100.0 -2.0 1.8098e+41 1.5036e+42 3.7368e+41 1.1248e+42 1.5272e+40 8.3464e+38 4.4452e+42 2.463e+39 2.0352e+40 1.4914e+40 4.8391e+39 2.8442e+41 1.5099e+41 1.0553e+42 3.4351e+40 8.4658e+40 9.2181e+40 5.4583e+40 3.393e+41 2.2221e+41
-2.5 0.1 1000.0 -1.2 3.1502e+41 3.7053e+42 6.3865e+41 1.9223e+42 2.3412e+41 2.8489e+39 1.137e+43 8.407e+39 1.7013e+41 1.2664e+41 1.0184e+40 7.9599e+41 4.0571e+41 5.4199e+42 6.816e+40 1.6799e+41 1.0773e+41 6.5749e+40 6.8281e+41 4.5594e+41
-2.5 0.1 1000.0 -1.4 2.7671e+41 3.0965e+42 6.1882e+41 1.8627e+42 1.2739e+41 2.1162e+39 9.3648e+42 6.2448e+39 9.669e+40 7.4147e+40 7.3328e+39 6.6946e+41 3.4316e+41 3.965e+42 6.3708e+40 1.5701e+41 1.1861e+41 7.2399e+40 6.3748e+41 4.2569e+41
-2.5 0.1 1000.0 -1.7 2.1471e+41 2.202e+42 5.0111e+41 1.5084e+42 4.6776e+40 1.3673e+39 6.5543e+42 4.0348e+39 4.0384e+40 3.3143e+40 3.0417e+39 4.0622e+41 2.1138e+41 2.1442e+42 4.7371e+40 1.1675e+41 1.1269e+41 6.8812e+40 4.7866e+41 3.1972e+41
-2.5 0.1 1000.0 -2.0 1.6418e+41 1.5116e+42 3.6089e+41 1.0863e+42 1.6897e+40 9.301e+38 4.4561e+42 2.7447e+39 1.7826e+40 1.6064e+40 8.2059e+38 1.9293e+41 1.0345e+41 1.0565e+42 3.0323e+40 7.4731e+40 9.21e+40 5.6278e+40 3.1227e+41 2.0867e+41
-2.5 0.1 10000.0 -1.2 2.4256e+41 3.6912e+42 5.3564e+41 1.6123e+42 2.8606e+41 5.0342e+39 1.1309e+43 1.4856e+40 1.6001e+41 1.5009e+41 3.3461e+38 1.7616e+41 9.1494e+40 5.1583e+42 3.7779e+40 9.3113e+40 1.0458e+41 8.461e+40 4.0375e+41 3.2689e+41
-2.5 0.1 10000.0 -1.4 2.1868e+41 3.1034e+42 4.8643e+41 1.4641e+42 1.6688e+41 3.9192e+39 9.3763e+42 1.1566e+40 9.4157e+40 9.1177e+40 1.5616e+38 1.1589e+41 6.111e+40 3.7883e+42 3.1776e+40 7.8318e+40 1.0172e+41 8.2485e+40 3.4062e+41 2.7632e+41
-2.5 0.1 10000.0 -1.7 1.89e+41 2.2197e+42 3.3771e+41 1.0165e+42 7.0618e+40 2.7562e+39 6.6109e+42 8.1335e+39 4.098e+40 4.3113e+40 2.8108e+37 4.3086e+40 2.3154e+40 2.0446e+42 1.8395e+40 4.5337e+40 7.3875e+40 6.0286e+40 2.0637e+41 1.6818e+41
-2.5 0.1 10000.0 -2.0 1.6542e+41 1.5302e+42 1.9257e+41 5.7963e+41 3.1677e+40 2.1032e+39 4.5194e+42 6.2065e+39 1.9946e+40 2.3403e+40 3.3657e+36 1.273e+40 6.7211e+39 9.9784e+41 8.4158e+39 2.0742e+40 4.309e+40 3.5439e+40 1.0524e+41 8.6225e+40
-2.5 0.3 100.0 -1.2 3.0129e+41 3.6937e+42 5.4253e+41 1.633e+42 2.0243e+41 2.4828e+39 1.1382e+43 7.3268e+39 1.8389e+41 1.2854e+41 1.3479e+40 5.8478e+41 3.0178e+41 5.4103e+42 5.9757e+40 1.4728e+41 4.8652e+40 2.8786e+40 5.0848e+41 3.3299e+41
-2.5 0.3 100.0 -1.4 2.6563e+41 3.0858e+42 5.2733e+41 1.5873e+42 1.1079e+41 1.8543e+39 9.3731e+42 5.4721e+39 1.0792e+41 7.5973e+40 1.166e+40 5.0932e+41 2.6467e+41 3.9571e+42 5.6537e+40 1.3934e+41 5.3608e+40 3.1722e+40 4.7813e+41 3.1312e+41
-2.5 0.3 100.0 -1.7 2.0492e+41 2.1907e+42 4.3078e+41 1.2967e+42 4.0195e+40 1.2226e+39 6.5481e+42 3.608e+39 4.6872e+40 3.353e+40 8.1065e+39 3.4828e+41 1.8389e+41 2.1398e+42 4.3471e+40 1.0714e+41 5.0756e+40 3.0041e+40 3.6629e+41 2.3988e+41
-2.5 0.3 100.0 -2.0 1.5303e+41 1.4995e+42 3.1616e+41 9.5165e+41 1.3837e+40 8.3582e+38 4.4377e+42 2.4665e+39 2.1239e+40 1.5529e+40 4.8709e+39 2.124e+41 1.1499e+41 1.0535e+42 2.9639e+40 7.3048e+40 4.1396e+40 2.4511e+40 2.5063e+41 1.6414e+41
-2.5 0.3 1000.0 -1.2 2.6636e+41 3.705e+42 5.3831e+41 1.6203e+42 2.0813e+41 2.856e+39 1.1386e+43 8.428e+39 1.7889e+41 1.3282e+41 1.0272e+40 5.7831e+41 2.9797e+41 5.4131e+42 5.7921e+40 1.4276e+41 4.78e+40 2.9173e+40 4.9764e+41 3.3228e+41
-2.5 0.3 1000.0 -1.4 2.3398e+41 3.0974e+42 5.2229e+41 1.5721e+42 1.1428e+41 2.1225e+39 9.3805e+42 6.2635e+39 1.0292e+41 7.8533e+40 7.4029e+39 4.8918e+41 2.5372e+41 3.9604e+42 5.4333e+40 1.3391e+41 5.2794e+40 3.2224e+40 4.6618e+41 3.1129e+41
-2.5 0.3 1000.0 -1.7 1.8167e+41 2.2026e+42 4.2394e+41 1.276e+42 4.2288e+40 1.3716e+39 6.5628e+42 4.0476e+39 4.3121e+40 3.507e+40 3.0744e+39 3.0055e+41 1.5852e+41 2.1421e+42 4.0639e+40 1.0016e+41 5.0426e+40 3.0789e+40 3.5188e+41 2.3503e+41
-2.5 0.3 1000.0 -2.0 1.3906e+41 1.5111e+42 3.0602e+41 9.2112e+41 1.5155e+40 9.3312e+38 4.4588e+42 2.7536e+39 1.866e+40 1.6656e+40 8.3001e+38 1.4543e+41 7.9284e+40 1.0557e+42 2.6155e+40 6.4461e+40 4.1414e+40 2.5304e+40 2.3061e+41 1.541e+41
-2.5 0.3 10000.0 -1.2 2.0527e+41 3.6962e+42 4.5269e+41 1.3626e+42 2.5174e+41 5.0426e+39 1.1337e+43 1.4881e+40 1.6871e+41 1.57e+41 3.3771e+38 1.3042e+41 6.807e+40 5.1572e+42 3.2125e+40 7.9179e+40 4.6518e+40 3.7624e+40 2.9463e+41 2.385e+41
-2.5 0.3 10000.0 -1.4 1.8501e+41 3.1054e+42 4.1136e+41 1.2382e+42 1.4584e+41 3.9288e+39 9.3923e+42 1.1594e+40 9.7788e+40 9.4091e+40 1.577e+38 8.654e+40 4.5759e+40 3.7877e+42 2.7064e+40 6.6703e+40 4.5306e+40 3.6726e+40 2.4888e+41 2.0186e+41
-2.5 0.3 10000.0 -1.7 1.5995e+41 2.2212e+42 2.8588e+41 8.6049e+41 6.1686e+40 2.7665e+39 6.6204e+42 8.1638e+39 4.2519e+40 4.4364e+40 2.8377e+37 3.2596e+40 1.7351e+40 2.0444e+42 1.57e+40 3.8696e+40 3.2956e+40 2.6885e+40 1.5104e+41 1.2306e+41
-2.5 0.3 10000.0 -2.0 1.4009e+41 1.5307e+42 1.6316e+41 4.9111e+41 2.7517e+40 2.1112e+39 4.5238e+42 6.2303e+39 2.047e+40 2.3842e+40 3.3966e+36 9.561e+39 4.9913e+39 9.9774e+41 7.1961e+39 1.7736e+40 1.925e+40 1.5826e+40 7.7139e+40 6.3185e+40
-2.5 0.5 100.0 -1.2 2.2978e+41 3.689e+42 4.1253e+41 1.2417e+42 1.5966e+41 2.4886e+39 1.1384e+43 7.3438e+39 1.8928e+41 1.323e+41 1.3568e+40 3.995e+41 2.07e+41 5.401e+42 4.5792e+40 1.1286e+41 1.2035e+40 7.1206e+39 3.4139e+41 2.2357e+41
-2.5 0.5 100.0 -1.4 2.0261e+41 3.0811e+42 4.0147e+41 1.2084e+42 8.7504e+40 1.8577e+39 9.372e+42 5.4819e+39 1.11e+41 7.812e+40 1.1745e+40 3.5017e+41 1.8308e+41 3.9505e+42 4.3481e+40 1.0717e+41 1.33e+40 7.8698e+39 3.2214e+41 2.1096e+41
-2.5 0.5 100.0 -1.7 1.5643e+41 2.1867e+42 3.2869e+41 9.8936e+41 3.1934e+40 1.2243e+39 6.5444e+42 3.6129e+39 4.8311e+40 3.4529e+40 8.1679e+39 2.4264e+41 1.2941e+41 2.1365e+42 3.3641e+40 8.2914e+40 1.2659e+40 7.4925e+39 2.4824e+41 1.6257e+41
-2.5 0.5 100.0 -2.0 1.1696e+41 1.4956e+42 2.4182e+41 7.2788e+41 1.0935e+40 8.3695e+38 4.4314e+42 2.4698e+39 2.164e+40 1.5808e+40 4.9027e+39 1.5066e+41 8.2837e+40 1.0519e+42 2.3099e+40 5.693e+40 1.0384e+40 6.1483e+39 1.7088e+41 1.1191e+41
-2.5 0.5 1000.0 -1.2 2.0335e+41 3.7056e+42 4.1018e+41 1.2346e+42 1.64e+41 2.8595e+39 1.1403e+43 8.4384e+39 1.8482e+41 1.3699e+41 1.0351e+40 3.9518e+41 2.0456e+41 5.4075e+42 4.4474e+40 1.0961e+41 1.1852e+40 7.233e+39 3.3472e+41 2.2349e+41
-2.5 0.5 1000.0 -1.4 1.7868e+41 3.0978e+42 3.9843e+41 1.1993e+42 9.0238e+40 2.1254e+39 9.3932e+42 6.2722e+39 1.0645e+41 8.1017e+40 7.4677e+39 3.3634e+41 1.7563e+41 3.9566e+42 4.1852e+40 1.0315e+41 1.3126e+40 8.011e+39 3.1461e+41 2.1007e+41
-2.5 0.5 1000.0 -1.7 1.3885e+41 2.2017e+42 3.2407e+41 9.7546e+41 3.3279e+40 1.374e+39 6.5679e+42 4.0547e+39 4.4189e+40 3.5827e+40 3.1048e+39 2.0932e+41 1.116e+41 2.1403e+42 3.1473e+40 7.7569e+40 1.2597e+40 7.691e+39 2.3869e+41 1.5942e+41
-2.5 0.5 1000.0 -2.0 1.0641e+41 1.5101e+42 2.3448e+41 7.0578e+41 1.1876e+40 9.3534e+38 4.4603e+42 2.7602e+39 1.8973e+40 1.6883e+40 8.3864e+38 1.0341e+41 5.7241e+40 1.0548e+42 2.0366e+40 5.0194e+40 1.0396e+40 6.3512e+39 1.5714e+41 1.05e+41
-2.5 0.5 10000.0 -1.2 1.5677e+41 3.6962e+42 3.4566e+41 1.0404e+42 1.9485e+41 5.0411e+39 1.1348e+43 1.4876e+40 1.7065e+41 1.5853e+41 3.4048e+38 8.9867e+40 4.695e+40 5.1565e+42 2.4665e+40 6.0792e+40 1.1551e+40 9.34e+39 1.9843e+41 1.606e+41
-2.5 0.5 10000.0 -1.4 1.4137e+41 3.108e+42 3.1431e+41 9.4606e+41 1.14e+41 3.9336e+39 9.4082e+42 1.1608e+40 1.0081e+41 9.6493e+40 1.5905e+38 6.016e+40 3.1691e+40 3.7872e+42 2.0811e+40 5.1292e+40 1.1264e+40 9.1285e+39 1.6784e+41 1.361e+41
-2.5 0.5 10000.0 -1.7 1.2227e+41 2.2227e+42 2.1866e+41 6.5817e+41 4.8042e+40 2.773e+39 6.6293e+42 8.183e+39 4.3512e+40 4.5174e+40 2.8644e+37 2.2827e+40 1.1993e+40 2.0442e+42 1.2102e+40 2.9829e+40 8.2093e+39 6.6947e+39 1.0206e+41 8.3134e+40
-2.5 0.5 10000.0 -2.0 1.0714e+41 1.5318e+42 1.2488e+41 3.7589e+41 2.1462e+40 2.1173e+39 4.5292e+42 6.2482e+39 2.0988e+40 2.4267e+40 3.4263e+36 6.6156e+39 3.416e+39 9.9767e+41 5.5551e+39 1.3692e+40 4.7996e+39 3.9447e+39 5.2175e+40 4.2728e+40
-2.0 0.1 100.0 -1.2 1.914e+41 3.8824e+42 8.9213e+41 2.6853e+42 1.9014e+41 1.7571e+39 1.1841e+43 5.1851e+39 1.4227e+41 9.9112e+40 3.7141e+40 1.8346e+42 9.305e+41 5.6465e+42 1.4895e+41 3.6708e+41 1.1752e+41 6.954e+40 9.2749e+41 6.0733e+41
-2.0 0.1 100.0 -1.4 1.5967e+41 3.1823e+42 8.6598e+41 2.6066e+42 9.8105e+40 1.1208e+39 9.5386e+42 3.3075e+39 7.8357e+40 5.4869e+40 3.1846e+40 1.6531e+42 8.4093e+41 4.0763e+42 1.3645e+41 3.3627e+41 1.3385e+41 7.9221e+40 8.8405e+41 5.7889e+41
-2.0 0.1 100.0 -1.7 1.1666e+41 2.2266e+42 7.0133e+41 2.111e+42 3.193e+40 6.1818e+38 6.5415e+42 1.8242e+39 3.0185e+40 2.1416e+40 2.2162e+40 1.1548e+42 5.9152e+41 2.1737e+42 9.9199e+40 2.4445e+41 1.3071e+41 7.74e+40 6.8002e+41 4.453e+41
-2.0 0.1 100.0 -2.0 8.413e+40 1.5191e+42 5.1001e+41 1.5351e+42 9.7286e+39 3.8385e+38 4.4112e+42 1.1328e+39 1.2014e+40 8.705e+39 1.3381e+40 6.9587e+41 3.6056e+41 1.0609e+42 6.4026e+40 1.5777e+41 1.0861e+41 6.4358e+40 4.6454e+41 3.042e+41
-2.0 0.1 1000.0 -1.2 1.8053e+41 3.894e+42 8.5279e+41 2.5669e+42 2.0266e+41 2.5108e+39 1.1887e+43 7.4095e+39 1.4334e+41 1.0528e+41 2.5023e+40 1.6943e+42 8.5893e+41 5.658e+42 1.3085e+41 3.2248e+41 1.1169e+41 6.8101e+40 9.1777e+41 6.1184e+41
-2.0 0.1 1000.0 -1.4 1.5215e+41 3.2036e+42 8.2391e+41 2.48e+42 1.0742e+41 1.6617e+39 9.6104e+42 4.9036e+39 7.9775e+40 5.9705e+40 1.6822e+40 1.4197e+42 7.2215e+41 4.0888e+42 1.1746e+41 2.8947e+41 1.283e+41 7.824e+40 8.6834e+41 5.7904e+41
-2.0 0.1 1000.0 -1.7 1.175e+41 2.2525e+42 6.5372e+41 1.9677e+42 3.7489e+40 9.2883e+38 6.6256e+42 2.741e+39 3.1032e+40 2.4484e+40 5.9581e+39 7.9993e+41 4.1102e+41 2.1827e+42 7.9676e+40 1.9635e+41 1.2864e+41 7.8488e+40 6.4823e+41 4.3253e+41
-2.0 0.1 1000.0 -2.0 9.4721e+40 1.543e+42 4.5564e+41 1.3715e+42 1.3164e+40 5.9128e+38 4.4887e+42 1.7449e+39 1.3013e+40 1.1206e+40 1.326e+39 3.3216e+41 1.7489e+41 1.0672e+42 4.5742e+40 1.1272e+41 1.0947e+41 6.6853e+40 4.0886e+41 2.7303e+41
-2.0 0.1 10000.0 -1.2 2.284e+41 3.8137e+42 5.7388e+41 1.7274e+42 3.0675e+41 6.1624e+39 1.1682e+43 1.8185e+40 1.6548e+41 1.5547e+41 3.9613e+38 2.0154e+41 1.0453e+41 5.2426e+42 4.2165e+40 1.0392e+41 1.1008e+41 8.8888e+40 4.3837e+41 3.544e+41
-2.0 0.1 10000.0 -1.4 2.0435e+41 3.1774e+42 5.1739e+41 1.5573e+42 1.7865e+41 4.5107e+39 9.5714e+42 1.3311e+40 9.841e+40 9.4679e+40 1.7891e+38 1.2949e+41 6.8241e+40 3.8286e+42 3.4866e+40 8.5933e+40 1.0698e+41 8.6614e+40 3.6513e+41 2.9588e+41
-2.0 0.1 10000.0 -1.7 1.8008e+41 2.2576e+42 3.5348e+41 1.064e+42 7.4737e+40 2.9224e+39 6.6824e+42 8.6239e+39 4.2687e+40 4.424e+40 3.0608e+37 4.6187e+40 2.4935e+40 2.0511e+42 1.9561e+40 4.8212e+40 7.6745e+40 6.2576e+40 2.1616e+41 1.7606e+41
-2.0 0.1 10000.0 -2.0 1.616e+41 1.5471e+42 1.981e+41 5.963e+41 3.2946e+40 2.1307e+39 4.5468e+42 6.2877e+39 2.06e+40 2.3727e+40 3.5231e+36 1.3266e+40 7.0302e+39 9.9494e+41 8.7102e+39 2.1468e+40 4.404e+40 3.6208e+40 1.08e+41 8.8465e+40
-2.0 0.3 100.0 -1.2 1.6109e+41 3.8468e+42 7.4069e+41 2.2295e+42 1.7117e+41 1.7614e+39 1.1766e+43 5.198e+39 1.5219e+41 1.0599e+41 3.7292e+40 1.2796e+42 6.6879e+41 5.6169e+42 1.2532e+41 3.0884e+41 5.1052e+40 3.021e+40 6.6788e+41 4.3733e+41
-2.0 0.3 100.0 -1.4 1.3425e+41 3.1489e+42 7.211e+41 2.1705e+42 8.9406e+40 1.122e+39 9.4661e+42 3.311e+39 8.4912e+40 5.9401e+40 3.2064e+40 1.1544e+42 6.068e+41 4.0565e+42 1.1565e+41 2.85e+41 5.8565e+40 3.4662e+40 6.4106e+41 4.1978e+41
-2.0 0.3 100.0 -1.7 9.809e+40 2.1983e+42 5.8712e+41 1.7672e+42 2.9239e+40 6.1723e+38 6.4758e+42 1.8215e+39 3.2359e+40 2.2918e+40 2.2366e+40 8.1454e+41 4.3158e+41 2.1645e+42 8.5162e+40 2.0987e+41 5.7947e+40 3.4311e+40 4.9911e+41 3.2683e+41
-2.0 0.3 100.0 -2.0 7.0808e+40 1.4974e+42 4.2914e+41 1.2917e+42 8.8389e+39 3.827e+38 4.3578e+42 1.1294e+39 1.2529e+40 9.06e+39 1.3497e+40 4.9911e+41 2.6744e+41 1.0569e+42 5.5646e+40 1.3713e+41 4.8754e+40 2.8888e+40 3.447e+41 2.2573e+41
-2.0 0.3 1000.0 -1.2 1.5267e+41 3.8845e+42 7.1656e+41 2.1568e+42 1.8018e+41 2.4948e+39 1.1886e+43 7.3621e+39 1.5155e+41 1.1104e+41 2.526e+40 1.1969e+42 6.2315e+41 5.6455e+42 1.1127e+41 2.7422e+41 4.9321e+40 3.0069e+40 6.682e+41 4.4544e+41
-2.0 0.3 1000.0 -1.4 1.2864e+41 3.1927e+42 6.9395e+41 2.0888e+42 9.5059e+40 1.6534e+39 9.601e+42 4.8792e+39 8.3188e+40 6.2112e+40 1.7011e+40 1.0114e+42 5.2725e+41 4.0812e+42 1.0044e+41 2.4753e+41 5.6983e+40 3.4746e+40 6.3603e+41 4.241e+41
-2.0 0.3 1000.0 -1.7 9.9425e+40 2.2447e+42 5.528e+41 1.6639e+42 3.3501e+40 9.279e+38 6.6173e+42 2.7382e+39 3.2657e+40 2.5629e+40 6.0308e+39 5.8037e+41 3.0461e+41 2.1796e+42 6.8692e+40 1.6929e+41 5.766e+40 3.5177e+40 4.7852e+41 3.1926e+41
-2.0 0.3 1000.0 -2.0 8.0233e+40 1.5381e+42 3.8655e+41 1.1635e+42 1.1762e+40 5.9258e+38 4.482e+42 1.7487e+39 1.3585e+40 1.161e+40 1.3422e+39 2.4665e+41 1.3279e+41 1.0661e+42 3.9654e+40 9.7726e+40 4.9388e+40 3.0157e+40 3.0316e+41 2.0243e+41
-2.0 0.3 10000.0 -1.2 1.9325e+41 3.8143e+42 4.8499e+41 1.4598e+42 2.6795e+41 6.1352e+39 1.1703e+43 1.8105e+40 1.7294e+41 1.6133e+41 3.9966e+38 1.4907e+41 7.7768e+40 5.2413e+42 3.585e+40 8.8359e+40 4.8956e+40 3.9519e+40 3.1985e+41 2.5853e+41
-2.0 0.3 10000.0 -1.4 1.729e+41 3.1774e+42 4.3757e+41 1.3171e+42 1.5608e+41 4.5105e+39 9.5861e+42 1.3311e+40 1.0252e+41 9.7961e+40 1.8066e+38 9.6648e+40 5.117e+40 3.8279e+42 2.9696e+40 7.3192e+40 4.7646e+40 3.8565e+40 2.6681e+41 2.1616e+41
-2.0 0.3 10000.0 -1.7 1.5241e+41 2.2588e+42 2.9931e+41 9.0092e+41 6.5551e+40 2.9346e+39 6.6929e+42 8.6599e+39 4.474e+40 4.5891e+40 3.0928e+37 3.5033e+40 1.8753e+40 2.0508e+42 1.6708e+40 4.1179e+40 3.4256e+40 2.7922e+40 1.5829e+41 1.289e+41
-2.0 0.3 10000.0 -2.0 1.3688e+41 1.5479e+42 1.6785e+41 5.0524e+41 2.8759e+40 2.1412e+39 4.5519e+42 6.3186e+39 2.1326e+40 2.4325e+40 3.5546e+36 9.9814e+39 5.2269e+39 9.9484e+41 7.4473e+39 1.8355e+40 1.9674e+40 1.6169e+40 7.9161e+40 6.4825e+40
-2.0 0.5 100.0 -1.2 1.2246e+41 3.8174e+42 5.5712e+41 1.6769e+42 1.3469e+41 1.7625e+39 1.1705e+43 5.2012e+39 1.5616e+41 1.0875e+41 3.75e+40 8.764e+41 4.5596e+41 5.5914e+42 9.5382e+40 2.3508e+41 1.2431e+40 7.3558e+39 4.451e+41 2.9145e+41
-2.0 0.5 100.0 -1.4 1.0204e+41 3.1211e+42 5.4399e+41 1.6374e+42 7.0581e+40 1.1214e+39 9.4073e+42 3.3092e+39 8.7191e+40 6.0985e+40 3.2322e+40 7.9744e+41 4.181e+41 4.0395e+42 8.8731e+40 2.1868e+41 1.4354e+40 8.4951e+39 4.304e+41 2.8183e+41
-2.0 0.5 100.0 -1.7 7.4591e+40 2.1745e+42 4.4499e+41 1.3394e+42 2.3081e+40 6.1585e+38 6.4223e+42 1.8174e+39 3.3009e+40 2.3369e+40 2.2582e+40 5.6918e+41 3.0277e+41 2.1566e+42 6.6102e+40 1.6291e+41 1.4369e+40 8.5079e+39 3.3863e+41 2.2175e+41
-2.0 0.5 100.0 -2.0 5.3936e+40 1.4799e+42 3.2696e+41 9.8416e+41 6.9978e+39 3.8184e+38 4.3163e+42 1.1268e+39 1.2757e+40 9.2175e+39 1.3622e+40 3.5358e+41 1.9173e+41 1.0537e+42 4.3725e+40 1.0776e+41 1.2244e+40 7.2546e+39 2.3644e+41 1.5483e+41
-2.0 0.5 1000.0 -1.2 1.1656e+41 3.8775e+42 5.4454e+41 1.6391e+42 1.4191e+41 2.4787e+39 1.1888e+43 7.3146e+39 1.5679e+41 1.1472e+41 2.5488e+40 8.2441e+41 4.2774e+41 5.6349e+42 8.5525e+40 2.1079e+41 1.2178e+40 7.4239e+39 4.4936e+41 2.9954e+41
-2.0 0.5 1000.0 -1.4 9.8249e+40 3.1867e+42 5.2852e+41 1.5909e+42 7.5507e+40 1.6458e+39 9.6029e+42 4.8567e+39 8.7067e+40 6.483e+40 1.7193e+40 6.9903e+41 3.6483e+41 4.0745e+42 7.7598e+40 1.9125e+41 1.4148e+40 8.6258e+39 4.3012e+41 2.8678e+41
-2.0 0.5 1000.0 -1.7 7.6e+40 2.2381e+42 4.2255e+41 1.2719e+42 2.625e+40 9.2545e+38 6.6114e+42 2.731e+39 3.3313e+40 2.6092e+40 6.1002e+39 4.0443e+41 2.1383e+41 2.1771e+42 5.3484e+40 1.3181e+41 1.4435e+40 8.8055e+39 3.259e+41 2.1742e+41
-2.0 0.5 1000.0 -2.0 6.1413e+40 1.5341e+42 2.9638e+41 8.9211e+41 9.2599e+39 5.9311e+38 4.4774e+42 1.7503e+39 1.3901e+40 1.1835e+40 1.3575e+39 1.7495e+41 9.5378e+40 1.0651e+42 3.1034e+40 7.6484e+40 1.2441e+40 7.5954e+39 2.074e+41 1.3847e+41
-2.0 0.5 10000.0 -1.2 1.4759e+41 3.8129e+42 3.7034e+41 1.1147e+42 2.0803e+41 6.1044e+39 1.1716e+43 1.8014e+40 1.7649e+41 1.6412e+41 4.0297e+38 1.0271e+41 5.3734e+40 5.2406e+42 2.753e+40 6.7853e+40 1.2157e+40 9.8114e+39 2.1544e+41 1.7411e+41
-2.0 0.5 10000.0 -1.4 1.3208e+41 3.1768e+42 3.3436e+41 1.0064e+42 1.2116e+41 4.5018e+39 9.5966e+42 1.3285e+40 1.0442e+41 9.9472e+40 1.8225e+38 6.7237e+40 3.5563e+40 3.8275e+42 2.2842e+40 5.6299e+40 1.1848e+40 9.5873e+39 1.7996e+41 1.4577e+41
-2.0 0.5 10000.0 -1.7 1.1649e+41 2.2592e+42 2.289e+41 6.8899e+41 5.1132e+40 2.9401e+39 6.7003e+42 8.6763e+39 4.5947e+40 4.6866e+40 3.1189e+37 2.4601e+40 1.2992e+40 2.0506e+42 1.2873e+40 3.1728e+40 8.5293e+39 6.9499e+39 1.0691e+41 8.7043e+40
-2.0 0.5 10000.0 -2.0 1.0467e+41 1.5475e+42 1.2848e+41 3.8672e+41 2.2243e+40 2.1469e+39 4.5544e+42 6.3356e+39 2.1539e+40 2.4511e+40 3.5853e+36 6.9203e+39 3.5815e+39 9.9478e+41 5.749e+39 1.417e+40 4.9053e+39 4.0301e+39 5.3544e+40 4.3838e+40
-3.5 0.1 100.0 -1.2 8.3855e+41 3.2558e+42 2.6003e+41 7.827e+41 2.4206e+41 5.3252e+39 1.0034e+43 1.5715e+40 2.2738e+41 1.623e+41 6.6173e+38 8.1774e+40 4.2751e+40 4.1889e+42 1.3661e+40 3.367e+40 6.4812e+40 3.8361e+40 2.0328e+41 1.3315e+41
-3.5 0.1 100.0 -1.4 7.8244e+41 2.8466e+42 2.3994e+41 7.2222e+41 1.6282e+41 4.7314e+39 8.6875e+42 1.3962e+40 1.7434e+41 1.2528e+41 5.7458e+38 7.1411e+40 3.777e+40 3.184e+42 1.2501e+40 3.0811e+40 6.3897e+40 3.782e+40 1.8533e+41 1.2139e+41
-3.5 0.1 100.0 -1.7 6.299e+41 2.1003e+42 1.8245e+41 5.4917e+41 7.9232e+40 3.6067e+39 6.3306e+42 1.0643e+40 1.0394e+41 7.565e+40 3.9712e+38 5.0419e+40 2.7249e+40 1.8096e+42 9.32e+39 2.2971e+40 5.2752e+40 3.1226e+40 1.383e+41 9.0586e+40
-3.5 0.1 100.0 -2.0 4.7354e+41 1.4666e+42 1.251e+41 3.7656e+41 3.6395e+40 2.6072e+39 4.3778e+42 7.6937e+39 5.9569e+40 4.3994e+40 2.3705e+38 3.2871e+40 1.8207e+40 9.2767e+41 6.2287e+39 1.5352e+40 3.872e+40 2.2923e+40 9.3132e+40 6.1001e+40
-3.5 0.1 1000.0 -1.2 7.2659e+41 3.3109e+42 2.592e+41 7.8021e+41 2.8236e+41 5.3678e+39 1.0163e+43 1.5841e+40 2.4637e+41 1.9586e+41 5.3869e+38 8.2124e+40 4.2902e+40 4.1828e+42 1.356e+40 3.3421e+40 6.3268e+40 3.8758e+40 2.0085e+41 1.3449e+41
-3.5 0.1 1000.0 -1.4 6.7476e+41 2.8688e+42 2.3908e+41 7.1962e+41 1.7951e+41 4.7493e+39 8.7179e+42 1.4015e+40 1.6845e+41 1.3911e+41 4.0884e+38 7.0845e+40 3.7413e+40 3.1792e+42 1.2387e+40 3.0529e+40 6.2362e+40 3.8204e+40 1.8287e+41 1.2245e+41
-3.5 0.1 1000.0 -1.7 5.4068e+41 2.1069e+42 1.8167e+41 5.4682e+41 8.2864e+40 3.6067e+39 6.3211e+42 1.0643e+40 8.9191e+40 7.8732e+40 1.9608e+38 4.7677e+40 2.5623e+40 1.8066e+42 9.1995e+39 2.2674e+40 5.1469e+40 3.1533e+40 1.36e+41 9.107e+40
-3.5 0.1 1000.0 -2.0 4.0517e+41 1.4704e+42 1.244e+41 3.7444e+41 3.7619e+40 2.6018e+39 4.3676e+42 7.6778e+39 4.7745e+40 4.5165e+40 6.7974e+37 2.7664e+40 1.5047e+40 9.2578e+41 6.0975e+39 1.5029e+40 3.77e+40 2.3103e+40 9.0727e+40 6.076e+40
-3.5 0.1 10000.0 -1.2 3.721e+41 3.3312e+42 2.5118e+41 7.5606e+41 3.0064e+41 5.4309e+39 1.0174e+43 1.6026e+40 1.9282e+41 1.9091e+41 4.7918e+37 3.9062e+40 2.0098e+40 4.0995e+42 1.2163e+40 2.9979e+40 5.3046e+40 4.3621e+40 1.6449e+41 1.346e+41
-3.5 0.1 10000.0 -1.4 3.4004e+41 2.8865e+42 2.2821e+41 6.8691e+41 1.9232e+41 4.7774e+39 8.7255e+42 1.4098e+40 1.2623e+41 1.2978e+41 2.6201e+37 2.8973e+40 1.4938e+40 3.1086e+42 1.0692e+40 2.6353e+40 5.0888e+40 4.1876e+40 1.4481e+41 1.186e+41
-3.5 0.1 10000.0 -1.7 2.7095e+41 2.1201e+42 1.6463e+41 4.9552e+41 8.997e+40 3.6314e+39 6.326e+42 1.0716e+40 6.1044e+40 6.762e+40 6.3575e+36 1.342e+40 6.9053e+39 1.7503e+42 7.0407e+39 1.7353e+40 3.8841e+40 3.2044e+40 9.8471e+40 8.0812e+40
-3.5 0.1 10000.0 -2.0 2.0575e+41 1.4809e+42 1.0076e+41 3.033e+41 4.2119e+40 2.6663e+39 4.3756e+42 7.8684e+39 2.9752e+40 3.5979e+40 1.0066e+36 4.776e+39 2.4416e+39 8.8128e+41 3.751e+39 9.2451e+39 2.5098e+40 2.0791e+40 5.7466e+40 4.7294e+40
-3.5 0.3 100.0 -1.2 7.0949e+41 3.2658e+42 2.1973e+41 6.614e+41 2.1689e+41 5.3443e+39 1.0074e+43 1.5771e+40 2.4065e+41 1.7149e+41 6.661e+38 6.078e+40 3.1677e+40 4.1876e+42 1.1611e+40 2.8617e+40 2.8822e+40 1.7059e+40 1.4829e+41 9.7131e+40
-3.5 0.3 100.0 -1.4 6.6224e+41 2.8533e+42 2.0286e+41 6.1062e+41 1.471e+41 4.7474e+39 8.7154e+42 1.4009e+40 1.8482e+41 1.3254e+41 5.7859e+38 5.3442e+40 2.8126e+40 3.1829e+42 1.0641e+40 2.6227e+40 2.8452e+40 1.684e+40 1.3537e+41 8.8667e+40
-3.5 0.3 100.0 -1.7 5.3338e+41 2.1044e+42 1.5437e+41 4.6466e+41 7.1894e+40 3.6178e+39 6.3481e+42 1.0676e+40 1.095e+41 7.9506e+40 3.9977e+38 3.8202e+40 2.0454e+40 1.8088e+42 7.9524e+39 1.96e+40 2.3534e+40 1.3931e+40 1.0122e+41 6.6297e+40
-3.5 0.3 100.0 -2.0 4.0142e+41 1.4686e+42 1.0596e+41 3.1895e+41 3.2705e+40 2.6158e+39 4.387e+42 7.7191e+39 6.1787e+40 4.5537e+40 2.3843e+38 2.5265e+40 1.3773e+40 9.2728e+41 5.3313e+39 1.314e+40 1.7319e+40 1.0253e+40 6.8341e+40 4.4763e+40
-3.5 0.3 1000.0 -1.2 6.1483e+41 3.3176e+42 2.1902e+41 6.5926e+41 2.5414e+41 5.3876e+39 1.0194e+43 1.5899e+40 2.6089e+41 2.0612e+41 5.4262e+38 6.1018e+40 3.1777e+40 4.1816e+42 1.1522e+40 2.8399e+40 2.8129e+40 1.7231e+40 1.4649e+41 9.8089e+40
-3.5 0.3 1000.0 -1.4 5.7101e+41 2.8735e+42 2.0212e+41 6.0837e+41 1.6085e+41 4.7642e+39 8.7396e+42 1.4059e+40 1.7713e+41 1.4526e+41 4.1209e+38 5.2983e+40 2.7839e+40 3.1783e+42 1.054e+40 2.5979e+40 2.776e+40 1.7005e+40 1.3353e+41 8.9416e+40
-3.5 0.3 1000.0 -1.7 4.5779e+41 2.1099e+42 1.5371e+41 4.6266e+41 7.4019e+40 3.6171e+39 6.3348e+42 1.0674e+40 9.3217e+40 8.1592e+40 1.9773e+38 3.604e+40 1.9181e+40 1.8061e+42 7.8472e+39 1.9341e+40 2.2957e+40 1.4064e+40 9.9508e+40 6.6634e+40
-3.5 0.3 1000.0 -2.0 3.4346e+41 1.472e+42 1.0536e+41 3.1713e+41 3.3397e+40 2.6102e+39 4.3753e+42 7.7027e+39 4.9424e+40 4.6372e+40 6.8602e+37 2.1081e+40 1.1296e+40 9.2545e+41 5.2167e+39 1.2858e+40 1.6858e+40 1.033e+40 6.6552e+40 4.4569e+40
-3.5 0.3 10000.0 -1.2 3.1495e+41 3.3373e+42 2.1223e+41 6.3881e+41 2.6692e+41 5.4485e+39 1.0201e+43 1.6078e+40 2.0393e+41 1.9983e+41 4.8274e+37 2.8827e+40 1.4769e+40 4.099e+42 1.0329e+40 2.5458e+40 2.3571e+40 1.9379e+40 1.1989e+41 9.8096e+40
-3.5 0.3 10000.0 -1.4 2.8776e+41 2.8892e+42 1.929e+41 5.8064e+41 1.692e+41 4.7905e+39 8.7403e+42 1.4137e+40 1.3153e+41 1.3406e+41 2.6408e+37 2.1422e+40 1.0988e+40 3.1082e+42 9.0902e+39 2.2405e+40 2.2634e+40 1.8621e+40 1.0565e+41 8.6512e+40
-3.5 0.3 10000.0 -1.7 2.2936e+41 2.1225e+42 1.3926e+41 4.1916e+41 7.9342e+40 3.6416e+39 6.3374e+42 1.0747e+40 6.4022e+40 7.0034e+40 6.4099e+36 9.9225e+39 5.0782e+39 1.7501e+42 5.9969e+39 1.4781e+40 1.7302e+40 1.427e+40 7.1951e+40 5.9036e+40
-3.5 0.3 10000.0 -2.0 1.7424e+41 1.4817e+42 8.5301e+40 2.5676e+41 3.6713e+40 2.6737e+39 4.3803e+42 7.89e+39 3.0682e+40 3.6751e+40 1.0148e+36 3.5211e+39 1.7928e+39 8.8121e+41 3.2013e+39 7.8902e+39 1.1198e+40 9.2731e+39 4.2055e+40 3.4604e+40
-3.5 0.5 100.0 -1.2 5.4211e+41 3.2749e+42 1.6778e+41 5.0503e+41 1.7288e+41 5.3587e+39 1.011e+43 1.5814e+40 2.5159e+41 1.7907e+41 6.7017e+38 4.187e+40 2.1675e+40 4.1865e+42 8.9147e+39 2.1972e+40 7.1573e+39 4.2361e+39 9.9875e+40 6.5418e+40
-3.5 0.5 100.0 -1.4 5.0614e+41 2.8603e+42 1.5496e+41 4.6644e+41 1.1783e+41 4.7595e+39 8.743e+42 1.4045e+40 1.9321e+41 1.3836e+41 5.8222e+38 3.7073e+40 1.9332e+40 3.1818e+42 8.1804e+39 2.0162e+40 7.0725e+39 4.1861e+39 9.1268e+40 5.978e+40
-3.5 0.5 100.0 -1.7 4.0796e+41 2.1065e+42 1.1803e+41 3.5526e+41 5.6938e+40 3.6267e+39 6.3588e+42 1.0702e+40 1.1216e+41 8.1364e+40 4.0239e+38 2.6837e+40 1.4166e+40 1.8082e+42 6.1295e+39 1.5108e+40 5.8626e+39 3.4703e+39 6.8394e+40 4.4798e+40
-3.5 0.5 100.0 -2.0 3.0722e+41 1.4694e+42 8.1086e+40 2.4407e+41 2.5722e+40 2.6224e+39 4.3922e+42 7.7387e+39 6.2768e+40 4.6226e+40 2.3965e+38 1.7956e+40 9.5943e+39 9.2697e+41 4.1199e+39 1.0154e+40 4.3229e+39 2.5592e+39 4.6273e+40 3.0309e+40
-3.5 0.5 1000.0 -1.2 4.6974e+41 3.3211e+42 1.6723e+41 5.0337e+41 2.0044e+41 5.4002e+39 1.0212e+43 1.5936e+40 2.6818e+41 2.1128e+41 5.4606e+38 4.2008e+40 2.1733e+40 4.1806e+42 8.8442e+39 2.1799e+40 6.9835e+39 4.2778e+39 9.864e+40 6.6049e+40
-3.5 0.5 1000.0 -1.4 4.3628e+41 2.8751e+42 1.5439e+41 4.647e+41 1.2617e+41 4.7738e+39 8.7509e+42 1.4087e+40 1.8065e+41 1.4777e+41 4.1497e+38 3.6718e+40 1.9119e+40 3.1776e+42 8.1011e+39 1.9967e+40 6.8989e+39 4.226e+39 9.0012e+40 6.0272e+40
-3.5 0.5 1000.0 -1.7 3.5001e+41 2.1115e+42 1.175e+41 3.5368e+41 5.8145e+40 3.625e+39 6.3436e+42 1.0697e+40 9.5194e+40 8.3011e+40 1.9926e+38 2.5211e+40 1.3241e+40 1.8056e+42 6.0448e+39 1.4899e+40 5.7157e+39 3.5015e+39 6.7201e+40 4.4999e+40
-3.5 0.5 1000.0 -2.0 2.628e+41 1.4728e+42 8.0611e+40 2.4264e+41 2.6139e+40 2.6165e+39 4.3801e+42 7.7213e+39 5.0223e+40 4.6958e+40 6.9164e+37 1.4822e+40 7.8088e+39 9.2518e+41 4.0288e+39 9.9298e+39 4.2057e+39 2.577e+39 4.5038e+40 3.016e+40
-3.5 0.5 10000.0 -1.2 2.4065e+41 3.3431e+42 1.6203e+41 4.877e+41 2.1076e+41 5.4606e+39 1.0226e+43 1.6114e+40 2.1253e+41 2.0661e+41 4.8605e+37 1.9642e+40 1.0014e+40 4.0986e+42 7.9229e+39 1.9528e+40 5.8478e+39 4.8069e+39 8.0676e+40 6.6e+40
-3.5 0.5 10000.0 -1.4 2.1986e+41 2.892e+42 1.4733e+41 4.4345e+41 1.3264e+41 4.8e+39 8.754e+42 1.4165e+40 1.3546e+41 1.3721e+41 2.6602e+37 1.4617e+40 7.4566e+39 3.108e+42 6.98e+39 1.7204e+40 5.6201e+39 4.6227e+39 7.1151e+40 5.8256e+40
-3.5 0.5 10000.0 -1.7 1.7525e+41 2.1227e+42 1.0642e+41 3.2034e+41 6.1355e+40 3.6482e+39 6.3411e+42 1.0766e+40 6.4506e+40 7.0467e+40 6.4605e+36 6.7669e+39 3.4454e+39 1.7499e+42 4.6133e+39 1.1371e+40 4.302e+39 3.5474e+39 4.8523e+40 3.9807e+40
-3.5 0.5 10000.0 -2.0 1.3327e+41 1.4825e+42 6.5232e+40 1.9635e+41 2.8583e+40 2.68e+39 4.3849e+42 7.9087e+39 3.1325e+40 3.7288e+40 1.0227e+36 2.3939e+39 1.2144e+39 8.8113e+41 2.4665e+39 6.0792e+39 2.7881e+39 2.3082e+39 2.8401e+40 2.3364e+40
-3.0 0.1 100.0 -1.2 6.0415e+41 3.4676e+42 4.4666e+41 1.3445e+42 2.3606e+41 3.7209e+39 1.0716e+43 1.098e+40 1.902e+41 1.3432e+41 3.356e+39 2.9092e+41 1.5035e+41 4.9677e+42 3.3103e+40 8.1589e+40 9.9994e+40 5.9172e+40 4.153e+41 2.72e+41
-3.0 0.1 100.0 -1.4 5.5446e+41 2.9654e+42 4.2364e+41 1.2752e+42 1.4464e+41 3.133e+39 9.0569e+42 9.2456e+39 1.3147e+41 9.3565e+40 2.8997e+39 2.4898e+41 1.3002e+41 3.6986e+42 3.0866e+40 7.6075e+40 1.0265e+41 6.0746e+40 3.8347e+41 2.5115e+41
-3.0 0.1 100.0 -1.7 4.4305e+41 2.1445e+42 3.3612e+41 1.0117e+42 5.9616e+40 2.2956e+39 6.4539e+42 6.7743e+39 6.7075e+40 4.856e+40 2.0004e+39 1.6821e+41 8.9896e+40 2.0442e+42 2.3545e+40 5.803e+40 8.8998e+40 5.2675e+40 2.8971e+41 1.8975e+41
-3.0 0.1 100.0 -2.0 3.3589e+41 1.4843e+42 2.4063e+41 7.243e+41 2.3861e+40 1.6451e+39 4.4168e+42 4.8546e+39 3.5487e+40 2.6173e+40 1.1943e+39 1.0316e+41 5.7065e+40 1.0235e+42 1.6035e+40 3.9521e+40 6.7745e+40 4.0105e+40 1.9671e+41 1.2883e+41
-3.0 0.1 1000.0 -1.2 5.2428e+41 3.4967e+42 4.4456e+41 1.3381e+42 2.5847e+41 3.8806e+39 1.0765e+43 1.1452e+40 1.9787e+41 1.5191e+41 2.692e+39 2.9154e+41 1.5057e+41 4.965e+42 3.2698e+40 8.0591e+40 9.7548e+40 5.9643e+40 4.0835e+41 2.731e+41
-3.0 0.1 1000.0 -1.4 4.7862e+41 2.9744e+42 4.214e+41 1.2684e+42 1.5124e+41 3.2405e+39 9.0496e+42 9.5628e+39 1.2319e+41 9.8227e+40 2.0071e+39 2.4547e+41 1.2808e+41 3.6967e+42 3.0402e+40 7.493e+40 1.0022e+41 6.128e+40 3.7641e+41 2.5174e+41
-3.0 0.1 1000.0 -1.7 3.8097e+41 2.1498e+42 3.3383e+41 1.0048e+42 6.1897e+40 2.3507e+39 6.4425e+42 6.9369e+39 5.8446e+40 5.0143e+40 9.2227e+38 1.5576e+41 8.3156e+40 2.0433e+42 2.2993e+40 5.667e+40 8.7084e+40 5.3257e+40 2.8263e+41 1.8904e+41
-3.0 0.1 1000.0 -2.0 2.8905e+41 1.4877e+42 2.3795e+41 7.1624e+41 2.4803e+40 1.6766e+39 4.4076e+42 4.9477e+39 2.8697e+40 2.6805e+40 2.958e+38 8.2448e+40 4.5604e+40 1.0224e+42 1.5363e+40 3.7864e+40 6.6352e+40 4.0595e+40 1.8835e+41 1.26e+41
-3.0 0.1 10000.0 -1.2 2.9557e+41 3.5139e+42 4.2055e+41 1.2658e+42 2.8437e+41 4.7694e+39 1.0777e+43 1.4075e+40 1.6719e+41 1.5946e+41 1.7475e+38 1.0719e+41 5.5826e+40 4.8218e+42 2.5838e+40 6.3683e+40 8.5282e+40 6.9434e+40 2.9953e+41 2.4358e+41
-3.0 0.1 10000.0 -1.4 2.6819e+41 2.9956e+42 3.8451e+41 1.1574e+42 1.7182e+41 3.9796e+39 9.0784e+42 1.1744e+40 1.0314e+41 1.018e+41 8.8277e+37 7.4656e+40 3.9268e+40 3.5881e+42 2.2367e+40 5.5127e+40 8.2519e+40 6.7278e+40 2.5887e+41 2.1078e+41
-3.0 0.1 10000.0 -1.7 2.2116e+41 2.1678e+42 2.7503e+41 8.2785e+41 7.4082e+40 2.9511e+39 6.4738e+42 8.7087e+39 4.5666e+40 4.9146e+40 1.8248e+37 3.0834e+40 1.6288e+40 1.9694e+42 1.39e+40 3.426e+40 6.1506e+40 5.0373e+40 1.6619e+41 1.3576e+41
-3.0 0.1 10000.0 -2.0 1.8034e+41 1.5044e+42 1.6299e+41 4.906e+41 3.3446e+40 2.2423e+39 4.4451e+42 6.6171e+39 2.2123e+40 2.6343e+40 2.4516e+36 9.8351e+39 5.1248e+39 9.7214e+41 6.8192e+39 1.6807e+40 3.7462e+40 3.0875e+40 8.9785e+40 7.3661e+40
-3.0 0.3 100.0 -1.2 5.1082e+41 3.4777e+42 3.7705e+41 1.1349e+42 2.1422e+41 3.7373e+39 1.0757e+43 1.1029e+40 2.0589e+41 1.4518e+41 3.3797e+39 2.144e+41 1.1153e+41 4.9639e+42 2.8129e+40 6.9328e+40 4.4441e+40 2.6298e+40 3.0288e+41 1.9837e+41
-3.0 0.3 100.0 -1.4 4.6891e+41 2.9705e+42 3.5788e+41 1.0772e+42 1.3141e+41 3.1438e+39 9.0812e+42 9.2774e+39 1.4066e+41 9.9938e+40 2.9211e+39 1.8465e+41 9.7194e+40 3.6956e+42 2.6287e+40 6.4789e+40 4.5711e+40 2.7051e+40 2.8022e+41 1.8353e+41
-3.0 0.3 100.0 -1.7 3.7492e+41 2.1465e+42 2.843e+41 8.5575e+41 5.3944e+40 2.3019e+39 6.466e+42 6.7929e+39 7.0599e+40 5.1006e+40 2.0147e+39 1.2636e+41 6.8228e+40 2.0426e+42 2.0124e+40 4.96e+40 3.975e+40 2.3526e+40 2.1237e+41 1.3909e+41
-3.0 0.3 100.0 -2.0 2.8456e+41 1.4847e+42 2.0385e+41 6.1358e+41 2.1478e+40 1.6495e+39 4.4221e+42 4.8678e+39 3.6799e+40 2.7086e+40 1.2016e+39 7.8889e+40 4.4172e+40 1.0226e+42 1.3768e+40 3.3933e+40 3.0368e+40 1.7978e+40 1.4474e+41 9.4797e+40
-3.0 0.3 1000.0 -1.2 4.4345e+41 3.5024e+42 3.7544e+41 1.1301e+42 2.3165e+41 3.8953e+39 1.0794e+43 1.1495e+40 2.0993e+41 1.6041e+41 2.7131e+39 2.1488e+41 1.1168e+41 4.9622e+42 2.7795e+40 6.8505e+40 4.3372e+40 2.6518e+40 2.9791e+41 1.9923e+41
-3.0 0.3 1000.0 -1.4 4.0485e+41 2.9781e+42 3.5612e+41 1.0719e+42 1.3522e+41 3.251e+39 9.0698e+42 9.5938e+39 1.2985e+41 1.0294e+41 2.0244e+39 1.8206e+41 9.5712e+40 3.6946e+42 2.5893e+40 6.3818e+40 4.4636e+40 2.7291e+40 2.751e+41 1.8398e+41
-3.0 0.3 1000.0 -1.7 3.2249e+41 2.1525e+42 2.8249e+41 8.5029e+41 5.5616e+40 2.3577e+39 6.457e+42 6.9575e+39 6.1692e+40 5.2438e+40 9.3097e+38 1.1702e+41 6.3057e+40 2.0422e+42 1.9656e+40 4.8446e+40 3.8906e+40 2.3792e+40 2.0722e+41 1.3859e+41
-3.0 0.3 1000.0 -2.0 2.4488e+41 1.4892e+42 2.0165e+41 6.0697e+41 2.224e+40 1.6815e+39 4.4157e+42 4.9622e+39 3.0012e+40 2.7741e+40 2.9878e+38 6.3083e+40 3.5181e+40 1.0219e+42 1.3186e+40 3.2498e+40 2.9739e+40 1.8193e+40 1.3854e+41 9.2672e+40
-3.0 0.3 10000.0 -1.2 2.501e+41 3.5173e+42 3.5536e+41 1.0696e+42 2.4941e+41 4.7828e+39 1.0797e+43 1.4114e+40 1.7401e+41 1.6492e+41 1.762e+38 7.9487e+40 4.1387e+40 4.821e+42 2.1954e+40 5.411e+40 3.791e+40 3.0858e+40 2.1844e+41 1.7761e+41
-3.0 0.3 10000.0 -1.4 2.2692e+41 2.9977e+42 3.2509e+41 9.7852e+41 1.5045e+41 3.991e+39 9.0924e+42 1.1777e+40 1.0689e+41 1.0484e+41 8.9054e+37 5.5724e+40 2.9194e+40 3.5876e+42 1.9032e+40 4.6909e+40 3.6727e+40 2.9935e+40 1.8901e+41 1.5387e+41
-3.0 0.3 10000.0 -1.7 1.8718e+41 2.1714e+42 2.3276e+41 7.0061e+41 6.5829e+40 2.961e+39 6.4895e+42 8.738e+39 4.8734e+40 5.1603e+40 1.8418e+37 2.3133e+40 1.2105e+40 1.9692e+42 1.1856e+40 2.9222e+40 2.7424e+40 2.2453e+40 1.2156e+41 9.9282e+40
-3.0 0.3 10000.0 -2.0 1.5272e+41 1.5055e+42 1.3806e+41 4.1556e+41 2.9257e+40 2.2494e+39 4.451e+42 6.6381e+39 2.2945e+40 2.7021e+40 2.4734e+36 7.3324e+39 3.788e+39 9.7205e+41 5.8276e+39 1.4363e+40 1.6729e+40 1.3783e+40 6.5776e+40 5.3951e+40
-3.0 0.5 100.0 -1.2 3.9018e+41 3.4867e+42 2.8766e+41 8.6586e+41 1.716e+41 3.7488e+39 1.0794e+43 1.1063e+40 2.1752e+41 1.5322e+41 3.4017e+39 1.4726e+41 7.7057e+40 4.9609e+42 2.159e+40 5.3212e+40 1.1032e+40 6.5279e+39 2.0395e+41 1.3357e+41
-3.0 0.5 100.0 -1.4 3.5826e+41 2.9729e+42 2.7323e+41 8.2241e+41 1.0416e+41 3.1513e+39 9.0969e+42 9.2996e+39 1.4516e+41 1.0306e+41 2.9408e+39 1.2785e+41 6.7779e+40 3.6934e+42 2.0219e+40 4.9834e+40 1.1368e+40 6.727e+39 1.8904e+41 1.2381e+41
-3.0 0.5 100.0 -1.7 2.8666e+41 2.1473e+42 2.1733e+41 6.5417e+41 4.2543e+40 2.3069e+39 6.474e+42 6.8076e+39 7.2102e+40 5.2057e+40 2.0281e+39 8.8965e+40 4.8453e+40 2.0415e+42 1.5536e+40 3.8291e+40 9.9152e+39 5.8683e+39 1.4373e+41 9.4134e+40
-3.0 0.5 100.0 -2.0 2.1776e+41 1.4851e+42 1.5603e+41 4.6964e+41 1.6968e+40 1.6535e+39 4.4266e+42 4.8793e+39 3.7504e+40 2.7579e+40 1.2082e+39 5.6801e+40 3.2075e+40 1.0219e+42 1.0671e+40 2.63e+40 7.5974e+39 4.4975e+39 9.8266e+40 6.4359e+40
-3.0 0.5 1000.0 -1.2 3.3862e+41 3.5031e+42 2.8653e+41 8.6244e+41 1.8093e+41 3.9029e+39 1.0806e+43 1.1517e+40 2.133e+41 1.6282e+41 2.732e+39 1.4753e+41 7.7126e+40 4.9599e+42 2.134e+40 5.2597e+40 1.0769e+40 6.5839e+39 2.0064e+41 1.3418e+41
-3.0 0.5 1000.0 -1.4 3.0925e+41 2.9827e+42 2.7197e+41 8.1864e+41 1.0746e+41 3.2584e+39 9.0909e+42 9.6155e+39 1.3538e+41 1.0683e+41 2.0399e+39 1.2598e+41 6.6694e+40 3.6931e+42 1.9917e+40 4.909e+40 1.1101e+40 6.7868e+39 1.856e+41 1.2412e+41
-3.0 0.5 1000.0 -1.7 2.4656e+41 2.1543e+42 2.1599e+41 6.5013e+41 4.3921e+40 2.3629e+39 6.4675e+42 6.9729e+39 6.3468e+40 5.3701e+40 9.3888e+38 8.2285e+40 4.4657e+40 2.0413e+42 1.5172e+40 3.7394e+40 9.7034e+39 5.9335e+39 1.4021e+41 9.3775e+40
-3.0 0.5 1000.0 -2.0 1.8742e+41 1.4898e+42 1.544e+41 4.6474e+41 1.7459e+40 1.6858e+39 4.4209e+42 4.9747e+39 3.0566e+40 2.8144e+40 3.0151e+38 4.5333e+40 2.5301e+40 1.0214e+42 1.0216e+40 2.5179e+40 7.4394e+39 4.5507e+39 9.4025e+40 6.2894e+40
-3.0 0.5 10000.0 -1.2 1.9108e+41 3.5203e+42 2.713e+41 8.1661e+41 1.9471e+41 4.7912e+39 1.0814e+43 1.4139e+40 1.784e+41 1.6841e+41 1.7756e+38 5.4719e+40 2.8349e+40 4.82e+42 1.6848e+40 4.1525e+40 9.41e+39 7.6578e+39 1.4707e+41 1.1956e+41
-3.0 0.5 10000.0 -1.4 1.7333e+41 2.9989e+42 2.4836e+41 7.4757e+41 1.1674e+41 3.9982e+39 9.1021e+42 1.1799e+40 1.0828e+41 1.06e+41 8.98e+37 3.8562e+40 2.0038e+40 3.5872e+42 1.4629e+40 3.6056e+40 9.1277e+39 7.4378e+39 1.2741e+41 1.037e+41
-3.0 0.5 10000.0 -1.7 1.4307e+41 2.1725e+42 1.7797e+41 5.3568e+41 5.1166e+40 2.9677e+39 6.4965e+42 8.7577e+39 4.9531e+40 5.2274e+40 1.8578e+37 1.6017e+40 8.2936e+39 1.969e+42 9.1311e+39 2.2505e+40 6.8259e+39 5.5869e+39 8.207e+40 6.7016e+40
-3.0 0.5 10000.0 -2.0 1.168e+41 1.5064e+42 1.0564e+41 3.1798e+41 2.2783e+40 2.2551e+39 4.4559e+42 6.6547e+39 2.3428e+40 2.7424e+40 2.4944e+36 5.0374e+39 2.5815e+39 9.7198e+41 4.4962e+39 1.1082e+40 4.1692e+39 3.4339e+39 4.4468e+40 3.6466e+40
-4.5 0.1 100.0 -1.2 7.6164e+41 2.7725e+42 2.5592e+40 7.7031e+40 3.0137e+41 6.1288e+39 8.5146e+42 1.8086e+40 3.4751e+41 2.4898e+41 2.0972e+37 3.2153e+39 1.6221e+39 1.6322e+42 8.4104e+38 2.0729e+39 9.2306e+39 5.4645e+39 2.5414e+40 1.6645e+40
-4.5 0.1 100.0 -1.4 7.1437e+41 2.5285e+42 2.3291e+40 7.0107e+40 2.3237e+41 5.617e+39 7.7115e+42 1.6576e+40 2.8434e+41 2.0478e+41 1.839e+37 2.9224e+39 1.475e+39 1.2571e+42 7.65e+38 1.8855e+39 8.9996e+39 5.3279e+39 2.2828e+40 1.4952e+40
-4.5 0.1 100.0 -1.7 5.6693e+41 1.9548e+42 1.719e+40 5.1741e+40 1.4233e+41 4.3395e+39 5.9083e+42 1.2806e+40 1.908e+41 1.3842e+41 1.2821e+37 2.1927e+39 1.1077e+39 7.2716e+41 5.6381e+38 1.3896e+39 7.3697e+39 4.3632e+39 1.6692e+40 1.0933e+40
-4.5 0.1 100.0 -2.0 4.1301e+41 1.4053e+42 1.1342e+40 3.414e+40 8.248e+40 3.0998e+39 4.2165e+42 9.1475e+39 1.2117e+41 8.8533e+40 7.6827e+36 1.5095e+39 7.632e+38 3.7845e+41 3.7111e+38 9.1467e+38 5.4083e+39 3.2022e+39 1.102e+40 7.218e+39
-4.5 0.1 1000.0 -1.2 6.7069e+41 2.8373e+42 2.5506e+40 7.6773e+40 3.5778e+41 6.1085e+39 8.6785e+42 1.8026e+40 3.7033e+41 3.0267e+41 1.7045e+37 3.2246e+39 1.6267e+39 1.6289e+42 8.3517e+38 2.0585e+39 9.0262e+39 5.5388e+39 2.529e+40 1.6941e+40
-4.5 0.1 1000.0 -1.4 6.2662e+41 2.5715e+42 2.3208e+40 6.9857e+40 2.7082e+41 5.5881e+39 7.8098e+42 1.6491e+40 2.9019e+41 2.4307e+41 1.3097e+37 2.8929e+39 1.4601e+39 1.2544e+42 7.5892e+38 1.8705e+39 8.7963e+39 5.3983e+39 2.2698e+40 1.5207e+40
-4.5 0.1 1000.0 -1.7 4.949e+41 1.9733e+42 1.7114e+40 5.1513e+40 1.5954e+41 4.3073e+39 5.9372e+42 1.2711e+40 1.7989e+41 1.5687e+41 6.3921e+36 2.0582e+39 1.0394e+39 7.2532e+41 5.5773e+38 1.3747e+39 7.1928e+39 4.4151e+39 1.656e+40 1.1097e+40
-4.5 0.1 1000.0 -2.0 3.593e+41 1.4124e+42 1.1277e+40 3.3942e+40 8.8136e+40 3.0728e+39 4.2174e+42 9.0679e+39 1.0483e+41 9.5608e+40 2.2705e+36 1.2461e+39 6.2931e+38 3.7719e+41 3.6514e+38 8.9996e+38 5.2663e+39 3.2333e+39 1.089e+40 7.2987e+39
-4.5 0.1 10000.0 -1.2 3.5339e+41 2.8719e+42 2.4597e+40 7.4038e+40 3.8574e+41 5.6978e+39 8.7267e+42 1.6814e+40 2.8513e+41 2.9641e+41 1.5087e+36 1.6123e+39 8.1277e+38 1.6124e+42 7.7463e+38 1.9092e+39 7.5699e+39 6.2877e+39 2.2249e+40 1.823e+40
-4.5 0.1 10000.0 -1.4 3.2475e+41 2.5921e+42 2.2198e+40 6.6816e+40 2.8599e+41 5.1938e+39 7.8184e+42 1.5327e+40 2.0894e+41 2.2443e+41 8.6116e+35 1.2554e+39 6.3287e+38 1.2386e+42 6.8744e+38 1.6944e+39 7.2994e+39 6.0696e+39 1.9714e+40 1.618e+40
-4.5 0.1 10000.0 -1.7 2.5179e+41 1.9838e+42 1.5883e+40 4.7809e+40 1.6477e+41 3.9904e+39 5.9263e+42 1.1776e+40 1.1763e+41 1.336e+41 2.2603e+35 6.3694e+38 3.2106e+38 7.1041e+41 4.6712e+38 1.1513e+39 5.798e+39 4.8306e+39 1.3919e+40 1.145e+40
-4.5 0.1 10000.0 -2.0 1.8033e+41 1.419e+42 9.8021e+39 2.9504e+40 9.0483e+40 2.8415e+39 4.2061e+42 8.3851e+39 6.2995e+40 7.6196e+40 3.9367e+34 2.5352e+38 1.2778e+38 3.6333e+41 2.6382e+38 6.5024e+38 4.057e+39 3.388e+39 8.7033e+39 7.1758e+39
-4.5 0.3 100.0 -1.2 6.4533e+41 2.7821e+42 2.1626e+40 6.5095e+40 2.6473e+41 6.1532e+39 8.5532e+42 1.8158e+40 3.5963e+41 2.574e+41 2.1106e+37 2.3484e+39 1.1837e+39 1.6321e+42 7.1433e+38 1.7606e+39 4.1085e+39 2.4322e+39 1.8546e+40 1.2147e+40
-4.5 0.3 100.0 -1.4 6.0538e+41 2.5342e+42 1.9693e+40 5.9277e+40 2.0401e+41 5.6386e+39 7.736e+42 1.6639e+40 2.9392e+41 2.1143e+41 1.8516e+37 2.1365e+39 1.0773e+39 1.2569e+42 6.5073e+38 1.6039e+39 4.0109e+39 2.3745e+39 1.6676e+40 1.0923e+40
-4.5 0.3 100.0 -1.7 4.8067e+41 1.9578e+42 1.4539e+40 4.3761e+40 1.2427e+41 4.3559e+39 5.9225e+42 1.2854e+40 1.9582e+41 1.4192e+41 1.2903e+37 1.6042e+39 8.093e+38 7.2708e+41 4.8016e+38 1.1835e+39 3.2887e+39 1.9471e+39 1.2208e+40 7.9964e+39
-4.5 0.3 100.0 -2.0 3.5037e+41 1.407e+42 9.5984e+39 2.8891e+40 7.1819e+40 3.1121e+39 4.225e+42 9.1839e+39 1.2387e+41 9.0421e+40 7.725e+36 1.1048e+39 5.5764e+38 3.7839e+41 3.167e+38 7.8058e+38 2.4177e+39 1.4315e+39 8.0726e+39 5.2876e+39
-4.5 0.3 1000.0 -1.2 5.684e+41 2.8577e+42 2.1551e+40 6.4869e+40 3.2628e+41 6.1374e+39 8.7511e+42 1.8112e+40 4.0153e+41 3.2462e+41 1.716e+37 2.3544e+39 1.1868e+39 1.6288e+42 7.0903e+38 1.7476e+39 4.0154e+39 2.4639e+39 1.8447e+40 1.2357e+40
-4.5 0.3 1000.0 -1.4 5.3096e+41 2.5804e+42 1.9617e+40 5.9046e+40 2.4214e+41 5.6099e+39 7.8449e+42 1.6555e+40 3.0644e+41 2.5454e+41 1.3194e+37 2.1142e+39 1.066e+39 1.2544e+42 6.4506e+38 1.5899e+39 3.9171e+39 2.4039e+39 1.6571e+40 1.1102e+40
-4.5 0.3 1000.0 -1.7 4.1947e+41 1.9759e+42 1.4472e+40 4.356e+40 1.393e+41 4.3228e+39 5.9502e+42 1.2756e+40 1.8468e+41 1.6032e+41 6.4443e+36 1.5056e+39 7.5938e+38 7.2527e+41 4.7477e+38 1.1702e+39 3.2077e+39 1.9689e+39 1.2106e+40 8.1122e+39
-4.5 0.3 1000.0 -2.0 3.0466e+41 1.4134e+42 9.5411e+39 2.8719e+40 7.5952e+40 3.0838e+39 4.2233e+42 9.1002e+39 1.0629e+41 9.6702e+40 2.2895e+36 9.1152e+38 4.5978e+38 3.7714e+41 3.1142e+38 7.6755e+38 2.3526e+39 1.4443e+39 7.9723e+39 5.3433e+39
-4.5 0.3 10000.0 -1.2 2.9935e+41 2.8748e+42 2.0778e+40 6.2542e+40 3.3725e+41 5.7168e+39 8.7444e+42 1.687e+40 2.9457e+41 3.0411e+41 1.5184e+36 1.1757e+39 5.9249e+38 1.6121e+42 6.5713e+38 1.6197e+39 3.3648e+39 2.7944e+39 1.6217e+40 1.3286e+40
-4.5 0.3 10000.0 -1.4 2.7511e+41 2.5977e+42 1.8754e+40 5.645e+40 2.5171e+41 5.2113e+39 7.8428e+42 1.5379e+40 2.192e+41 2.3268e+41 8.6705e+35 9.1599e+38 4.616e+38 1.2384e+42 5.836e+38 1.4384e+39 3.2465e+39 2.6991e+39 1.4377e+40 1.1798e+40
-4.5 0.3 10000.0 -1.7 2.133e+41 1.9855e+42 1.3427e+40 4.0417e+40 1.4276e+41 4.0028e+39 5.9361e+42 1.1812e+40 1.2088e+41 1.3627e+41 2.2766e+35 4.651e+38 2.3438e+38 7.1033e+41 3.9727e+38 9.7916e+38 2.583e+39 2.1516e+39 1.0165e+40 8.3611e+39
-4.5 0.3 10000.0 -2.0 1.528e+41 1.4191e+42 8.2903e+39 2.4954e+40 7.7083e+40 2.8503e+39 4.2091e+42 8.4113e+39 6.3186e+40 7.6424e+40 3.9643e+34 1.8517e+38 9.3308e+37 3.6329e+41 2.2465e+38 5.537e+38 1.81e+39 1.5112e+39 6.3639e+39 5.2462e+39
-4.5 0.5 100.0 -1.2 4.9338e+41 2.789e+42 1.6508e+40 4.9689e+40 2.0893e+41 6.1705e+39 8.5803e+42 1.8209e+40 3.7145e+41 2.6559e+41 2.1227e+37 1.5824e+39 7.9701e+38 1.632e+42 5.4769e+38 1.3499e+39 1.02e+39 6.0381e+38 1.2483e+40 8.1757e+39
-4.5 0.5 100.0 -1.4 4.6291e+41 2.5397e+42 1.5037e+40 4.5261e+40 1.6026e+41 5.6535e+39 7.7582e+42 1.6684e+40 3.017e+41 2.1683e+41 1.8627e+37 1.4407e+39 7.2574e+38 1.2568e+42 4.9941e+38 1.2309e+39 9.9657e+38 5.8998e+38 1.1233e+40 7.3572e+39
-4.5 0.5 100.0 -1.7 3.6768e+41 1.9602e+42 1.1107e+40 3.3432e+40 9.7179e+40 4.3675e+39 5.9332e+42 1.2888e+40 1.9976e+41 1.4467e+41 1.2982e+37 1.083e+39 5.4571e+38 7.2701e+41 3.6919e+38 9.0994e+38 8.1829e+38 4.8447e+38 8.2338e+39 5.3931e+39
-4.5 0.5 100.0 -2.0 2.6812e+41 1.4088e+42 7.3366e+39 2.2083e+40 5.6098e+40 3.1207e+39 4.2326e+42 9.2092e+39 1.2615e+41 9.2011e+40 7.7642e+36 7.4589e+38 3.7596e+38 3.7835e+41 2.4391e+38 6.0116e+38 6.0238e+38 3.5667e+38 5.4511e+39 3.5705e+39
-4.5 0.5 1000.0 -1.2 4.3453e+41 2.8631e+42 1.645e+40 4.9513e+40 2.5815e+41 6.154e+39 8.7748e+42 1.816e+40 4.1438e+41 3.337e+41 1.7264e+37 1.5866e+39 7.9914e+38 1.6287e+42 5.4356e+38 1.3397e+39 9.965e+38 6.1145e+38 1.2413e+40 8.3149e+39
-4.5 0.5 1000.0 -1.4 4.0592e+41 2.5843e+42 1.4977e+40 4.508e+40 1.905e+41 5.6239e+39 7.8626e+42 1.6596e+40 3.1468e+41 2.6038e+41 1.3282e+37 1.4258e+39 7.1827e+38 1.2542e+42 4.9496e+38 1.2199e+39 9.7283e+38 5.97e+38 1.1158e+40 7.4753e+39
-4.5 0.5 1000.0 -1.7 3.2072e+41 1.9767e+42 1.1053e+40 3.3271e+40 1.0791e+41 4.3325e+39 5.9562e+42 1.2785e+40 1.8657e+41 1.6171e+41 6.4916e+36 1.0162e+39 5.1201e+38 7.2514e+41 3.6484e+38 8.9923e+38 7.9754e+38 4.8951e+38 8.1596e+39 5.4678e+39
-4.5 0.5 1000.0 -2.0 2.3303e+41 1.4141e+42 7.2909e+39 2.1946e+40 5.8748e+40 3.0912e+39 4.2278e+42 9.1221e+39 1.0741e+41 9.7527e+40 2.307e+36 6.1533e+38 3.1004e+38 3.7709e+41 2.3972e+38 5.9085e+38 5.8572e+38 3.5957e+38 5.3801e+39 3.6059e+39
-4.5 0.5 10000.0 -1.2 2.2878e+41 2.8788e+42 1.5854e+40 4.772e+40 2.643e+41 5.7293e+39 8.7632e+42 1.6907e+40 3.0344e+41 3.112e+41 1.5274e+36 7.914e+38 3.9869e+38 1.612e+42 5.0329e+38 1.2405e+39 8.3402e+38 6.9256e+38 1.0902e+40 8.9306e+39
-4.5 0.5 10000.0 -1.4 2.1018e+41 2.5964e+42 1.4314e+40 4.3084e+40 1.9359e+41 5.2203e+39 7.8436e+42 1.5405e+40 2.1948e+41 2.3302e+41 8.7257e+35 6.1693e+38 3.108e+38 1.2382e+42 4.4738e+38 1.1027e+39 8.0539e+38 6.6949e+38 9.6715e+39 7.936e+39
-4.5 0.5 10000.0 -1.7 1.63e+41 1.9848e+42 1.0252e+40 3.0859e+40 1.0932e+41 4.0097e+39 5.9369e+42 1.1833e+40 1.206e+41 1.3612e+41 2.2918e+35 3.1341e+38 1.579e+38 7.103e+41 3.0489e+38 7.5147e+38 6.4146e+38 5.3423e+38 6.8442e+39 5.629e+39
-4.5 0.5 10000.0 -2.0 1.1683e+41 1.4201e+42 6.3324e+39 1.9061e+40 5.9777e+40 2.8565e+39 4.2141e+42 8.4295e+39 6.4551e+40 7.7528e+40 3.9902e+34 1.2481e+38 6.2883e+37 3.6326e+41 1.7262e+38 4.2546e+38 4.4998e+38 3.7561e+38 4.2887e+39 3.535e+39
-1.5 0.1 100.0 -1.2 1.0066e+41 3.8537e+42 1.1932e+42 3.5915e+42 1.3746e+41 1.3023e+39 1.1578e+43 3.8431e+39 9.9418e+40 6.9203e+40 6.9113e+40 3.082e+42 1.5706e+42 5.7666e+42 2.856e+41 7.0354e+41 1.2662e+41 7.4952e+40 8.4975e+41 5.5639e+41
-1.5 0.1 100.0 -1.4 7.8552e+40 3.1282e+42 1.1275e+42 3.3937e+42 7.0116e+40 7.4875e+38 9.2368e+42 2.2096e+39 5.4953e+40 3.8357e+40 5.8174e+40 2.9744e+42 1.5157e+42 4.1226e+42 2.4458e+41 6.0256e+41 1.3353e+41 7.9075e+40 8.3836e+41 5.4894e+41
-1.5 0.1 100.0 -1.7 5.4156e+40 2.1843e+42 8.8964e+41 2.6778e+42 2.155e+40 3.507e+38 6.322e+42 1.0349e+39 1.976e+40 1.3913e+40 3.9694e+40 2.2197e+42 1.1345e+42 2.1767e+42 1.6463e+41 4.0553e+41 1.2054e+41 7.1447e+40 6.7628e+41 4.4283e+41
-4.0 0.1 100.0 -1.2 9.1849e+41 3.031e+42 1.0306e+41 3.102e+41 2.5742e+41 6.3955e+39 9.3227e+42 1.8873e+40 2.842e+41 2.0391e+41 1.1864e+38 1.7669e+40 9.0173e+39 2.9806e+42 4.0775e+39 1.005e+40 2.8782e+40 1.7038e+40 7.99e+40 5.2335e+40
-4.0 0.1 100.0 -1.4 8.5774e+41 2.7053e+42 9.4064e+40 2.8313e+41 1.856e+41 5.7919e+39 8.2527e+42 1.7092e+40 2.2585e+41 1.6308e+41 1.0369e+38 1.5865e+40 8.1235e+39 2.3023e+42 3.7053e+39 9.1325e+39 2.8026e+40 1.6591e+40 7.2263e+40 4.7333e+40
-4.0 0.1 100.0 -1.7 6.8203e+41 2.0412e+42 6.9896e+40 2.1039e+41 1.0305e+41 4.4453e+39 6.162e+42 1.3118e+40 1.4546e+41 1.0606e+41 7.2059e+37 1.1713e+40 6.0295e+39 1.3388e+42 2.7309e+39 6.7309e+39 2.2844e+40 1.3524e+40 5.3374e+40 3.4961e+40
-4.0 0.1 100.0 -2.0 5.0116e+41 1.4432e+42 4.6565e+40 1.4016e+41 5.4443e+40 3.1837e+39 4.3201e+42 9.3952e+39 8.9082e+40 6.5624e+40 4.3116e+37 7.9626e+39 4.1194e+39 7.0129e+41 1.8004e+39 4.4376e+39 1.6644e+40 9.8545e+39 3.5582e+40 2.3307e+40
-4.0 0.1 1000.0 -1.2 7.9945e+41 3.0951e+42 1.0276e+41 3.0931e+41 3.0588e+41 6.3867e+39 9.4797e+42 1.8847e+40 3.0393e+41 2.4776e+41 9.6607e+37 1.7731e+40 9.0472e+39 2.9747e+42 4.0509e+39 9.9844e+39 2.8145e+40 1.7264e+40 7.9263e+40 5.3109e+40
-4.0 0.1 1000.0 -1.4 7.4325e+41 2.7414e+42 9.3723e+40 2.8211e+41 2.1366e+41 5.7682e+39 8.3259e+42 1.7022e+40 2.258e+41 1.8993e+41 7.3958e+37 1.5724e+40 8.0462e+39 2.2968e+42 3.6756e+39 9.0593e+39 2.738e+40 1.6796e+40 7.1585e+40 4.7968e+40
-4.0 0.1 1000.0 -1.7 5.8845e+41 2.0538e+42 6.9586e+40 2.0945e+41 1.125e+41 4.4177e+39 6.1703e+42 1.3037e+40 1.305e+41 1.1588e+41 3.597e+37 1.1033e+40 5.6661e+39 1.3355e+42 2.6997e+39 6.6541e+39 2.2286e+40 1.3672e+40 5.2726e+40 3.5334e+40
-4.0 0.1 1000.0 -2.0 4.3113e+41 1.4485e+42 4.6303e+40 1.3937e+41 5.7142e+40 3.1604e+39 4.3142e+42 9.3264e+39 7.3351e+40 6.8955e+40 1.2732e+37 6.6263e+39 3.4057e+39 6.9897e+41 1.7702e+39 4.363e+39 1.6204e+40 9.9428e+39 3.4967e+40 2.3435e+40
-4.0 0.1 10000.0 -1.2 4.0577e+41 3.1292e+42 9.912e+40 2.9835e+41 3.3229e+41 6.0549e+39 9.5265e+42 1.7868e+40 2.3792e+41 2.4303e+41 8.8465e+36 8.9165e+39 4.517e+39 2.9304e+42 3.7353e+39 9.2064e+39 2.3524e+40 1.9501e+40 6.8034e+40 5.5884e+40
-4.0 0.1 10000.0 -1.4 3.7121e+41 2.7599e+42 8.9481e+40 2.6934e+41 2.2738e+41 5.4468e+39 8.33e+42 1.6073e+40 1.6327e+41 1.7329e+41 5.006e+36 6.8543e+39 3.4732e+39 2.2556e+42 3.2986e+39 8.1302e+39 2.2529e+40 1.869e+40 6.0266e+40 4.9555e+40
-4.0 0.1 10000.0 -1.7 2.8962e+41 2.0653e+42 6.4112e+40 1.9298e+41 1.1898e+41 4.1633e+39 6.1645e+42 1.2286e+40 8.6162e+40 9.7222e+40 1.3014e+36 3.402e+39 1.7226e+39 1.298e+42 2.2203e+39 5.4725e+39 1.7549e+40 1.4585e+40 4.218e+40 3.4744e+40
-4.0 0.1 10000.0 -2.0 2.1086e+41 1.4557e+42 3.9409e+40 1.1862e+41 6.0307e+40 2.9857e+39 4.307e+42 8.8108e+39 4.3543e+40 5.2988e+40 2.2457e+35 1.3157e+39 6.6521e+38 6.6572e+41 1.2323e+39 3.0374e+39 1.188e+40 9.8998e+39 2.5838e+40 2.1328e+40
-4.0 0.3 100.0 -1.2 7.7763e+41 3.041e+42 8.7107e+40 2.6219e+41 2.2908e+41 6.4191e+39 9.3614e+42 1.8943e+40 2.9778e+41 2.1332e+41 1.194e+38 1.2985e+40 6.6032e+39 2.9804e+42 3.464e+39 8.5378e+39 1.2802e+40 7.5783e+39 5.8279e+40 3.8173e+40
-4.0 0.3 100.0 -1.4 7.2628e+41 2.712e+42 7.9519e+40 2.3935e+41 1.6543e+41 5.8114e+39 8.2801e+42 1.715e+40 2.3629e+41 1.7032e+41 1.0439e+38 1.169e+40 5.959e+39 2.3018e+42 3.1514e+39 7.7674e+39 1.2476e+40 7.3858e+39 5.2757e+40 3.4556e+40
-4.0 0.3 100.0 -1.7 5.7767e+41 2.0444e+42 5.9116e+40 1.7794e+41 9.1748e+40 4.4593e+39 6.1763e+42 1.3159e+40 1.5126e+41 1.1009e+41 7.2532e+37 8.661e+39 4.4317e+39 1.3384e+42 2.3268e+39 5.7349e+39 1.0184e+40 6.0291e+39 3.9021e+40 2.556e+40
-4.0 0.3 100.0 -2.0 4.2492e+41 1.4456e+42 3.942e+40 1.1865e+41 4.8497e+40 3.1952e+39 4.3305e+42 9.4289e+39 9.2357e+40 6.7901e+40 4.3358e+37 5.9047e+39 3.0319e+39 7.0114e+41 1.5379e+39 3.7906e+39 7.4367e+39 4.4031e+39 2.6071e+40 1.7077e+40
-4.0 0.3 1000.0 -1.2 6.7689e+41 3.1136e+42 8.683e+40 2.6136e+41 2.8181e+41 6.4136e+39 9.5453e+42 1.8927e+40 3.3254e+41 2.6788e+41 9.7266e+37 1.3029e+40 6.625e+39 2.9742e+42 3.4402e+39 8.479e+39 1.2511e+40 7.6743e+39 5.7788e+40 3.872e+40
-4.0 0.3 1000.0 -1.4 6.2936e+41 2.7496e+42 7.9216e+40 2.3844e+41 1.9367e+41 5.7889e+39 8.3583e+42 1.7083e+40 2.4085e+41 2.0056e+41 7.4534e+37 1.1581e+40 5.901e+39 2.2964e+42 3.1248e+39 7.7017e+39 1.2183e+40 7.4733e+39 5.2242e+40 3.5006e+40
-4.0 0.3 1000.0 -1.7 4.9843e+41 2.0572e+42 5.8856e+40 1.7716e+41 1.0044e+41 4.4319e+39 6.1852e+42 1.3079e+40 1.3652e+41 1.2016e+41 3.6267e+37 8.1481e+39 4.1619e+39 1.3352e+42 2.2996e+39 5.6678e+39 9.9331e+39 6.0938e+39 3.854e+40 2.5827e+40
-4.0 0.3 1000.0 -2.0 3.6537e+41 1.4501e+42 3.9191e+40 1.1796e+41 5.0374e+40 3.1706e+39 4.3215e+42 9.3565e+39 7.569e+40 7.064e+40 1.2842e+37 4.897e+39 2.5024e+39 6.9883e+41 1.5112e+39 3.7246e+39 7.2355e+39 4.4396e+39 2.5604e+40 1.716e+40
-4.0 0.3 10000.0 -1.2 3.435e+41 3.1328e+42 8.3733e+40 2.5204e+41 2.9382e+41 6.0733e+39 9.5456e+42 1.7922e+40 2.4896e+41 2.5195e+41 8.9054e+36 6.522e+39 3.2987e+39 2.9302e+42 3.1697e+39 7.8124e+39 1.0449e+40 8.661e+39 4.9568e+40 4.071e+40
-4.0 0.3 10000.0 -1.4 3.143e+41 2.7649e+42 7.5618e+40 2.2761e+41 2.0181e+41 5.4633e+39 8.3514e+42 1.6122e+40 1.7261e+41 1.808e+41 5.0417e+36 5.0175e+39 2.5382e+39 2.2555e+42 2.802e+39 6.9061e+39 1.0017e+40 8.308e+39 4.3946e+40 3.6131e+40
-4.0 0.3 10000.0 -1.7 2.4521e+41 2.0669e+42 5.4198e+40 1.6314e+41 1.0448e+41 4.1746e+39 6.1732e+42 1.2319e+40 8.9794e+40 1.0017e+41 1.3111e+36 2.4911e+39 1.2595e+39 1.2978e+42 1.8888e+39 4.6553e+39 7.8123e+39 6.4912e+39 3.0795e+40 2.5363e+40
-4.0 0.3 10000.0 -2.0 1.7859e+41 1.4564e+42 3.3345e+40 1.0037e+41 5.2262e+40 2.9941e+39 4.3113e+42 8.8355e+39 4.4621e+40 5.3887e+40 2.2621e+35 9.6312e+38 4.8644e+38 6.6578e+41 1.0501e+39 2.5883e+39 5.2967e+39 4.4129e+39 1.8891e+40 1.5591e+40
-4.0 0.5 100.0 -1.2 5.9425e+41 3.0481e+42 6.6502e+40 2.0017e+41 1.8167e+41 6.4353e+39 9.3897e+42 1.8991e+40 3.0866e+41 2.2087e+41 1.201e+38 8.8063e+39 4.4632e+39 2.9799e+42 2.6582e+39 6.5517e+39 3.1779e+39 1.8812e+39 3.9233e+40 2.5698e+40
-4.0 0.5 100.0 -1.4 5.5509e+41 2.7167e+42 6.0727e+40 1.8279e+41 1.3112e+41 5.8251e+39 8.2996e+42 1.719e+40 2.4411e+41 1.7574e+41 1.0503e+38 7.9441e+39 4.0324e+39 2.3013e+42 2.4205e+39 5.9658e+39 3.0996e+39 1.8349e+39 3.5542e+40 2.328e+40
-4.0 0.5 100.0 -1.7 4.4196e+41 2.0471e+42 4.5195e+40 1.3604e+41 7.2693e+40 4.4719e+39 6.1879e+42 1.3197e+40 1.5552e+41 1.1305e+41 7.2968e+37 5.9032e+39 3.0038e+39 1.3384e+42 1.791e+39 4.4142e+39 2.5352e+39 1.5009e+39 2.6337e+40 1.7251e+40
-4.0 0.5 100.0 -2.0 3.252e+41 1.4475e+42 3.0146e+40 9.0739e+40 3.8467e+40 3.2039e+39 4.3387e+42 9.4548e+39 9.483e+40 6.962e+40 4.3585e+37 4.0345e+39 2.0575e+39 7.01e+41 1.186e+39 2.9231e+39 1.8537e+39 1.0975e+39 1.7621e+40 1.1542e+40
-4.0 0.5 1000.0 -1.2 5.1726e+41 3.1179e+42 6.6288e+40 1.9953e+41 2.2355e+41 6.4296e+39 9.5657e+42 1.8974e+40 3.4335e+41 2.7554e+41 9.7863e+37 8.8335e+39 4.4766e+39 2.9738e+42 2.6387e+39 6.5037e+39 3.1047e+39 1.9043e+39 3.8889e+40 2.6056e+40
-4.0 0.5 1000.0 -1.4 4.8098e+41 2.7522e+42 6.0495e+40 1.8209e+41 1.5276e+41 5.8016e+39 8.3715e+42 1.712e+40 2.4714e+41 2.0502e+41 7.502e+37 7.8672e+39 3.9923e+39 2.296e+42 2.3992e+39 5.9135e+39 3.0258e+39 1.8561e+39 3.5186e+40 2.3577e+40
-4.0 0.5 1000.0 -1.7 3.8114e+41 2.0593e+42 4.4976e+40 1.3538e+41 7.9092e+40 4.4424e+39 6.1949e+42 1.3109e+40 1.3991e+41 1.2259e+41 3.6536e+37 5.5482e+39 2.8198e+39 1.3351e+42 1.7689e+39 4.3598e+39 2.4709e+39 1.5158e+39 2.5997e+40 1.7421e+40
-1.5 0.1 100.0 -2.0 3.8239e+40 1.5025e+42 6.3471e+41 1.9105e+42 6.0549e+39 1.9342e+38 4.2974e+42 5.7078e+38 7.0305e+39 5.0361e+39 2.3398e+40 1.3624e+42 7.0079e+41 1.0581e+42 1.0006e+41 2.4645e+41 9.8039e+40 5.8198e+40 4.858e+41 3.1812e+41
-4.0 0.5 1000.0 -2.0 2.795e+41 1.4508e+42 2.9964e+40 9.0192e+40 3.9305e+40 3.178e+39 4.3257e+42 9.3784e+39 7.6851e+40 7.1487e+40 1.2944e+37 3.3362e+39 1.696e+39 6.9869e+41 1.1648e+39 2.8708e+39 1.8027e+39 1.1061e+39 1.7298e+40 1.1593e+40
-4.0 0.5 10000.0 -1.2 2.6245e+41 3.1345e+42 6.3904e+40 1.9235e+41 2.2956e+41 6.0856e+39 9.557e+42 1.7959e+40 2.544e+41 2.5636e+41 8.9602e+36 4.4028e+39 2.2235e+39 2.9298e+42 2.4291e+39 5.987e+39 2.5907e+39 2.147e+39 3.3331e+40 2.7372e+40
-4.0 0.5 10000.0 -1.4 2.4016e+41 2.7687e+42 5.7731e+40 1.7377e+41 1.5924e+41 5.4746e+39 8.368e+42 1.6156e+40 1.7945e+41 1.8625e+41 5.0751e+36 3.3895e+39 1.712e+39 2.2552e+42 2.1494e+39 5.2977e+39 2.4856e+39 2.0612e+39 2.9573e+40 2.4311e+40
-4.0 0.5 10000.0 -1.7 1.8738e+41 2.0672e+42 4.1396e+40 1.246e+41 8.1102e+40 4.1823e+39 6.1771e+42 1.2342e+40 9.1104e+40 1.0128e+41 1.3203e+36 1.6833e+39 8.4989e+38 1.2977e+42 1.4508e+39 3.5759e+39 1.9406e+39 1.6121e+39 2.0745e+40 1.7083e+40
-4.0 0.5 10000.0 -2.0 1.3653e+41 1.457e+42 2.5481e+40 7.6699e+40 4.0561e+40 3.0002e+39 4.3148e+42 8.8536e+39 4.5427e+40 5.4557e+40 2.2777e+35 6.5057e+38 3.2825e+38 6.6575e+41 8.0775e+38 1.9909e+39 1.3173e+39 1.0973e+39 1.274e+40 1.0513e+40
-1.5 0.1 1000.0 -1.2 1.1968e+41 4.0011e+42 1.0464e+42 3.1497e+42 1.6883e+41 2.7369e+39 1.2158e+43 8.0767e+39 1.1268e+41 8.2697e+40 3.9164e+40 2.6217e+42 1.3279e+42 5.7591e+42 2.041e+41 5.0295e+41 1.1782e+41 7.178e+40 1.0095e+42 6.7227e+41
-1.5 0.1 1000.0 -1.4 9.8942e+40 3.2599e+42 9.813e+41 2.9537e+42 9.2035e+40 1.752e+39 9.7288e+42 5.1703e+39 6.5227e+40 4.8462e+40 2.4369e+40 2.1494e+42 1.0912e+42 4.1341e+42 1.6888e+41 4.1614e+41 1.3399e+41 8.1655e+40 9.7292e+41 6.4824e+41
-1.5 0.1 1000.0 -1.7 8.0148e+40 2.281e+42 7.4477e+41 2.2418e+42 3.3588e+40 9.0799e+38 6.669e+42 2.6795e+39 2.6554e+40 2.0549e+40 7.6707e+39 1.1068e+42 5.6647e+41 2.1968e+42 1.0226e+41 2.5197e+41 1.3569e+41 8.2761e+40 7.2717e+41 4.8497e+41
-1.5 0.1 1000.0 -2.0 7.1136e+40 1.5645e+42 4.9974e+41 1.5042e+42 1.2274e+40 5.3717e+38 4.5182e+42 1.5852e+39 1.156e+40 9.683e+39 1.5551e+39 4.1605e+41 2.1771e+41 1.0721e+42 5.3817e+40 1.3262e+41 1.1682e+41 7.1334e+40 4.4946e+41 3.0007e+41
-1.5 0.1 10000.0 -1.2 2.2826e+41 3.8894e+42 5.8117e+41 1.7493e+42 3.3085e+41 7.3375e+39 1.1915e+43 2.1653e+40 1.7634e+41 1.6617e+41 4.083e+38 2.0654e+41 1.0711e+41 5.2608e+42 4.3025e+40 1.0604e+41 1.1098e+41 8.9581e+40 4.4492e+41 3.5958e+41
-5.0 0.1 100.0 -1.2 5.274e+41 2.5243e+42 4.9738e+39 1.4971e+40 3.7652e+41 5.0693e+39 7.7228e+42 1.496e+40 4.1495e+41 2.9529e+41 3.7183e+36 5.6563e+38 2.8463e+38 6.7202e+41 1.4826e+38 3.6542e+38 2.3804e+39 1.4091e+39 6.9247e+39 4.5347e+39
-5.0 0.1 100.0 -1.4 4.9879e+41 2.355e+42 4.5327e+39 1.3643e+40 3.074e+41 4.7086e+39 7.1644e+42 1.3895e+40 3.5314e+41 2.5212e+41 3.2647e+36 5.1638e+38 2.5984e+38 5.1072e+41 1.3541e+38 3.3374e+38 2.3327e+39 1.3809e+39 6.1963e+39 4.0578e+39
-5.0 0.1 100.0 -1.7 3.9888e+41 1.8652e+42 3.3474e+39 1.0076e+40 2.0102e+41 3.6839e+39 5.6332e+42 1.0871e+40 2.4504e+41 1.7579e+41 2.2778e+36 3.8949e+38 1.9599e+38 2.8895e+41 1.0028e+38 2.4717e+38 1.9265e+39 1.1405e+39 4.5011e+39 2.9478e+39
-5.0 0.1 100.0 -2.0 2.9156e+41 1.3639e+42 2.2082e+39 6.6468e+39 1.2333e+41 2.6487e+39 4.0948e+42 7.8164e+39 1.5931e+41 1.1481e+41 1.3655e+36 2.6926e+38 1.355e+38 1.4679e+41 6.6287e+37 1.6338e+38 1.4267e+39 8.4472e+38 2.9507e+39 1.9325e+39
-5.0 0.1 1000.0 -1.2 4.7415e+41 2.5753e+42 4.9563e+39 1.4919e+40 4.4195e+41 5.057e+39 7.8551e+42 1.4923e+40 4.3947e+41 3.5332e+41 3.0197e+36 5.6715e+38 2.8541e+38 6.7137e+41 1.4723e+38 3.6288e+38 2.3293e+39 1.428e+39 6.916e+39 4.6274e+39
-5.0 0.1 1000.0 -1.4 4.4657e+41 2.3883e+42 4.5158e+39 1.3593e+40 3.5096e+41 4.6871e+39 7.2413e+42 1.3832e+40 3.5788e+41 2.9318e+41 2.3227e+36 5.1094e+38 2.5712e+38 5.1021e+41 1.3437e+38 3.312e+38 2.2815e+39 1.399e+39 6.1833e+39 4.1382e+39
-5.0 0.1 1000.0 -1.7 3.5542e+41 1.8821e+42 3.3323e+39 1.003e+40 2.2296e+41 3.6604e+39 5.663e+42 1.0802e+40 2.3573e+41 1.9861e+41 1.1348e+36 3.6519e+38 1.8377e+38 2.8848e+41 9.924e+37 2.446e+38 1.8816e+39 1.1542e+39 4.4833e+39 3.0015e+39
-5.0 0.1 1000.0 -2.0 2.5886e+41 1.3717e+42 2.1955e+39 6.6086e+39 1.3243e+41 2.6285e+39 4.1013e+42 7.7566e+39 1.4504e+41 1.2583e+41 4.0295e+35 2.2149e+38 1.1147e+38 1.4644e+41 6.5243e+37 1.608e+38 1.3909e+39 8.5343e+38 2.9301e+39 1.9622e+39
-5.0 0.1 10000.0 -1.2 2.7056e+41 2.5889e+42 4.7872e+39 1.4409e+40 4.5069e+41 4.7248e+39 7.8434e+42 1.3943e+40 3.1509e+41 3.3406e+41 2.6238e+35 2.803e+38 1.4116e+38 6.6646e+41 1.3666e+38 3.3684e+38 1.9652e+39 1.6201e+39 6.1931e+39 5.0224e+39
-5.0 0.1 10000.0 -1.4 2.5087e+41 2.3998e+42 4.3298e+39 1.3033e+40 3.5658e+41 4.3694e+39 7.2256e+42 1.2894e+40 2.4786e+41 2.7027e+41 1.5002e+35 2.1901e+38 1.103e+38 5.0567e+41 1.2188e+38 3.0039e+38 1.9091e+39 1.5766e+39 5.4852e+39 4.4586e+39
-5.0 0.1 10000.0 -1.7 1.9586e+41 1.8895e+42 3.1112e+39 9.3648e+39 2.2426e+41 3.4023e+39 5.6436e+42 1.004e+40 1.5372e+41 1.7516e+41 3.9342e+34 1.1155e+38 5.6182e+37 2.8449e+41 8.3446e+37 2.0567e+38 1.5416e+39 1.2762e+39 3.8865e+39 3.1687e+39
-5.0 0.1 10000.0 -2.0 1.4056e+41 1.3775e+42 1.9342e+39 5.822e+39 1.3395e+41 2.4392e+39 4.0879e+42 7.1981e+39 9.072e+40 1.0774e+41 6.8297e+33 4.4562e+37 2.2447e+37 1.4287e+41 4.7546e+37 1.1719e+38 1.1039e+39 9.1609e+38 2.4542e+39 2.0063e+39
-5.0 0.3 100.0 -1.2 4.4757e+41 2.5343e+42 4.2033e+39 1.2652e+40 3.3017e+41 5.0955e+39 7.7648e+42 1.5037e+40 4.2916e+41 3.0517e+41 3.7417e+36 4.1248e+38 2.0754e+38 6.7209e+41 1.2591e+38 3.1033e+38 1.0612e+39 6.2816e+38 5.0602e+39 3.3137e+39
-5.0 0.3 100.0 -1.4 4.234e+41 2.3622e+42 3.8324e+39 1.1536e+40 2.6823e+41 4.7324e+39 7.1958e+42 1.3965e+40 3.632e+41 2.5912e+41 3.2862e+36 3.7683e+38 1.8958e+38 5.1086e+41 1.1518e+38 2.8388e+38 1.0412e+39 6.1639e+38 4.5324e+39 2.9682e+39
-5.0 0.3 100.0 -1.7 3.3876e+41 1.8695e+42 2.8312e+39 8.522e+39 1.7521e+41 3.703e+39 5.6525e+42 1.0928e+40 2.5169e+41 1.8042e+41 2.2925e+36 2.8436e+38 1.4305e+38 2.8902e+41 8.5411e+37 2.1051e+38 8.6117e+38 5.0982e+38 3.2962e+39 2.1587e+39
-5.0 0.3 100.0 -2.0 2.4776e+41 1.3661e+42 1.8686e+39 5.6245e+39 1.068e+41 2.6629e+39 4.1054e+42 7.8581e+39 1.6241e+41 1.1699e+41 1.3731e+36 1.9652e+38 9.8864e+37 1.4682e+41 5.655e+37 1.3938e+38 6.3885e+38 3.7824e+38 2.1638e+39 1.4171e+39
-5.0 0.3 1000.0 -1.2 4.022e+41 2.5809e+42 4.1878e+39 1.2605e+40 3.8498e+41 5.0802e+39 7.884e+42 1.4992e+40 4.5067e+41 3.6133e+41 3.0402e+36 4.1348e+38 2.0805e+38 6.713e+41 1.2497e+38 3.0802e+38 1.0376e+39 6.3608e+38 5.0506e+39 3.3792e+39
-5.0 0.3 1000.0 -1.4 3.7886e+41 2.3924e+42 3.8165e+39 1.1488e+40 3.047e+41 4.7083e+39 7.2637e+42 1.3894e+40 3.6602e+41 2.9904e+41 2.3397e+36 3.7272e+38 1.8753e+38 5.1014e+41 1.1416e+38 2.8137e+38 1.0172e+39 6.2373e+38 4.5188e+39 3.0242e+39
-5.0 0.3 1000.0 -1.7 3.0163e+41 1.8842e+42 2.8177e+39 8.4812e+39 1.9233e+41 3.6768e+39 5.6756e+42 1.085e+40 2.3962e+41 2.0146e+41 1.1439e+36 2.6658e+38 1.3412e+38 2.8844e+41 8.4459e+37 2.0817e+38 8.4026e+38 5.1539e+38 3.2805e+39 2.1962e+39
-5.0 0.3 1000.0 -2.0 2.198e+41 1.3725e+42 1.8574e+39 5.5909e+39 1.1327e+41 2.6408e+39 4.1074e+42 7.7929e+39 1.4619e+41 1.2674e+41 4.064e+35 1.6171e+38 8.1362e+37 1.4641e+41 5.5628e+37 1.3711e+38 6.2217e+38 3.8172e+38 2.1469e+39 1.4377e+39
-5.0 0.3 10000.0 -1.2 2.2941e+41 2.5926e+42 4.0436e+39 1.2171e+40 3.8945e+41 4.743e+39 7.8649e+42 1.3997e+40 3.2237e+41 3.4001e+41 2.6404e+35 2.0426e+38 1.0286e+38 6.6635e+41 1.1591e+38 2.8568e+38 8.7441e+38 7.207e+38 4.5187e+39 3.6639e+39
-5.0 0.3 10000.0 -1.4 2.128e+41 2.405e+42 3.6583e+39 1.1012e+40 3.1056e+41 4.3875e+39 7.2502e+42 1.2948e+40 2.5713e+41 2.7774e+41 1.5103e+35 1.5969e+38 8.0415e+37 5.0564e+41 1.0346e+38 2.5499e+38 8.5018e+38 7.0196e+38 4.0049e+39 3.2548e+39
-5.0 0.3 10000.0 -1.7 1.6609e+41 1.8901e+42 2.6298e+39 7.9158e+39 1.9125e+41 3.415e+39 5.6508e+42 1.0078e+40 1.547e+41 1.7613e+41 3.962e+34 8.139e+37 4.099e+37 2.8443e+41 7.0929e+37 1.7482e+38 6.8745e+38 5.69e+38 2.8406e+39 2.3156e+39
-5.0 0.3 10000.0 -2.0 1.1924e+41 1.3774e+42 1.6358e+39 4.9236e+39 1.1343e+41 2.4487e+39 4.0908e+42 7.226e+39 9.038e+40 1.0761e+41 6.8768e+33 3.2531e+37 1.6386e+37 1.4284e+41 4.0475e+37 9.976e+37 4.9306e+38 4.0908e+38 1.796e+39 1.4679e+39
-5.0 0.5 100.0 -1.2 3.4247e+41 2.5412e+42 3.2087e+39 9.6583e+39 2.5851e+41 5.1131e+39 7.7938e+42 1.5089e+40 4.3938e+41 3.1227e+41 3.7634e+36 2.7766e+38 1.3968e+38 6.7211e+41 9.6565e+37 2.3801e+38 2.6366e+38 1.5608e+38 3.4082e+39 2.2319e+39
-5.0 0.5 100.0 -1.4 3.2399e+41 2.3668e+42 2.9261e+39 8.8076e+39 2.0916e+41 4.7476e+39 7.2163e+42 1.401e+40 3.7013e+41 2.6395e+41 3.3063e+36 2.5375e+38 1.2764e+38 5.1091e+41 8.8382e+37 2.1784e+38 2.5889e+38 1.5325e+38 3.0543e+39 2.0002e+39
-5.0 0.5 100.0 -1.7 2.5933e+41 1.8724e+42 2.1626e+39 6.5095e+39 1.3666e+41 3.7156e+39 5.6654e+42 1.0965e+40 2.565e+41 1.8378e+41 2.3063e+36 1.9158e+38 9.6356e+37 2.8901e+41 6.5649e+37 1.6181e+38 2.1439e+38 1.2692e+38 2.2237e+39 1.4563e+39
-5.0 0.5 100.0 -2.0 1.8975e+41 1.3677e+42 1.428e+39 4.2983e+39 8.3362e+40 2.6724e+39 4.1131e+42 7.8864e+39 1.6559e+41 1.192e+41 1.3801e+36 1.3238e+38 6.6582e+37 1.4682e+41 4.3542e+37 1.0732e+38 1.5926e+38 9.4291e+37 1.4614e+39 9.5713e+38
-5.0 0.5 1000.0 -1.2 3.076e+41 2.5836e+42 3.1962e+39 9.6205e+39 2.9916e+41 5.0942e+39 7.9006e+42 1.5033e+40 4.5734e+41 3.661e+41 3.0585e+36 2.7829e+38 1.4e+38 6.7123e+41 9.5788e+37 2.3609e+38 2.5762e+38 1.5793e+38 3.3999e+39 2.2747e+39
-5.0 0.5 1000.0 -1.4 2.8981e+41 2.3952e+42 2.9136e+39 8.7699e+39 2.368e+41 4.7219e+39 7.279e+42 1.3934e+40 3.718e+41 3.0318e+41 2.3551e+36 2.5099e+38 1.2626e+38 5.1006e+41 8.758e+37 2.1586e+38 2.5275e+38 1.5498e+38 3.0437e+39 2.037e+39
-5.0 0.5 1000.0 -1.7 2.3075e+41 1.8841e+42 2.1519e+39 6.4772e+39 1.4718e+41 3.6865e+39 5.6791e+42 1.0879e+40 2.3945e+41 2.0143e+41 1.1524e+36 1.7961e+38 9.0348e+37 2.8837e+41 6.4884e+37 1.5992e+38 2.0903e+38 1.2821e+38 2.2118e+39 1.4807e+39
-5.0 0.5 1000.0 -2.0 1.6826e+41 1.3735e+42 1.4192e+39 4.2717e+39 8.7705e+40 2.6491e+39 4.113e+42 7.8174e+39 1.4807e+41 1.2811e+41 4.0953e+35 1.0897e+38 5.4815e+37 1.464e+41 4.2806e+37 1.0551e+38 1.5498e+38 9.5083e+37 1.4491e+39 9.7036e+38
-5.0 0.5 10000.0 -1.2 1.7535e+41 2.5927e+42 3.0852e+39 9.2865e+39 2.9925e+41 4.753e+39 7.8722e+42 1.4026e+40 3.2374e+41 3.4123e+41 2.6558e+35 1.3741e+38 6.9191e+37 6.6624e+41 8.876e+37 2.1877e+38 2.1687e+38 1.7872e+38 3.0391e+39 2.4639e+39
-5.0 0.5 10000.0 -1.4 1.6261e+41 2.4029e+42 2.7917e+39 8.4029e+39 2.3601e+41 4.3955e+39 7.2489e+42 1.2971e+40 2.5421e+41 2.7558e+41 1.5198e+35 1.0746e+38 5.4113e+37 5.0552e+41 7.9262e+37 1.9536e+38 2.1097e+38 1.7416e+38 2.6946e+39 2.1897e+39
-5.0 0.5 10000.0 -1.7 1.2701e+41 1.8907e+42 2.0077e+39 6.0431e+39 1.4703e+41 3.423e+39 5.6561e+42 1.0101e+40 1.5586e+41 1.7711e+41 3.9882e+34 5.4815e+37 2.7605e+37 2.8439e+41 5.4422e+37 1.3413e+38 1.7078e+38 1.4133e+38 1.913e+39 1.5592e+39
-5.0 0.5 10000.0 -2.0 9.1232e+40 1.3782e+42 1.2492e+39 3.7602e+39 8.7612e+40 2.4552e+39 4.0953e+42 7.2454e+39 9.1793e+40 1.0877e+41 6.921e+33 2.1917e+37 1.1039e+37 1.4285e+41 3.1089e+37 7.6627e+37 1.2262e+38 1.0172e+38 1.2105e+39 9.8928e+38
-1.5 0.1 10000.0 -1.4 2.0256e+41 3.2219e+42 5.2404e+41 1.5774e+42 1.9201e+41 5.1234e+39 9.6942e+42 1.5119e+40 1.0539e+41 1.012e+41 1.8373e+38 1.324e+41 6.977e+40 3.8333e+42 3.5544e+40 8.7604e+40 1.0807e+41 8.7474e+40 3.7041e+41 3.0008e+41
-1.5 0.1 10000.0 -1.7 1.786e+41 2.2795e+42 3.5628e+41 1.0724e+42 8.019e+40 3.0929e+39 6.7282e+42 9.1273e+39 4.692e+40 4.7756e+40 3.0974e+37 4.6684e+40 2.523e+40 2.0487e+42 1.9769e+40 4.8724e+40 7.7219e+40 6.2954e+40 2.1783e+41 1.7741e+41
-1.5 0.1 10000.0 -2.0 1.6093e+41 1.5541e+42 1.9868e+41 5.9804e+41 3.3735e+40 2.1587e+39 4.5549e+42 6.3704e+39 2.111e+40 2.4127e+40 3.5275e+36 1.3305e+40 7.0561e+39 9.9128e+41 8.7372e+39 2.1534e+40 4.4109e+40 3.6262e+40 1.0825e+41 8.8664e+40
-1.5 0.3 100.0 -1.2 8.3943e+40 3.7227e+42 9.546e+41 2.8734e+42 1.2272e+41 1.2845e+39 1.1243e+43 3.7906e+39 1.0498e+41 7.3055e+40 6.8494e+40 1.9984e+42 1.0634e+42 5.7003e+42 2.3332e+41 5.748e+41 5.2626e+40 3.115e+40 5.8731e+41 3.8455e+41
-1.5 0.3 100.0 -1.4 6.5271e+40 3.0093e+42 9.0865e+41 2.735e+42 6.3463e+40 7.3229e+38 8.9332e+42 2.161e+39 5.8768e+40 4.0993e+40 5.8104e+40 1.9207e+42 1.0252e+42 4.0819e+42 2.0273e+41 4.9951e+41 5.6613e+40 3.3522e+40 5.8962e+41 3.8607e+41
-1.5 0.3 100.0 -1.7 4.498e+40 2.0941e+42 7.2673e+41 2.1874e+42 1.9635e+40 3.4e+38 6.0905e+42 1.0033e+39 2.0963e+40 1.4743e+40 3.9986e+40 1.4489e+42 7.7275e+41 2.1608e+42 1.3983e+41 3.4449e+41 5.2659e+40 3.1209e+40 4.887e+41 3.2e+41
-1.5 0.3 100.0 -2.0 3.1865e+40 1.4427e+42 5.2519e+41 1.5808e+42 5.5957e+39 1.8831e+38 4.1423e+42 5.5569e+38 7.4471e+39 5.3221e+39 2.3651e+40 9.1163e+41 4.8609e+41 1.0528e+42 8.6816e+40 2.1387e+41 4.3809e+40 2.6e+40 3.5873e+41 2.349e+41
-1.5 0.3 1000.0 -1.2 1.0136e+41 3.9755e+42 8.7653e+41 2.6384e+42 1.4958e+41 2.64e+39 1.212e+43 7.7907e+39 1.1956e+41 8.7514e+40 3.955e+40 1.7983e+42 9.4775e+41 5.7424e+42 1.7375e+41 4.2815e+41 5.1799e+40 3.1555e+40 7.3192e+41 4.874e+41
-1.5 0.3 1000.0 -1.4 8.3761e+40 3.2362e+42 8.2492e+41 2.483e+42 8.1003e+40 1.6971e+39 9.6916e+42 5.0083e+39 6.7913e+40 5.0351e+40 2.466e+40 1.4893e+42 7.8332e+41 4.1244e+42 1.4476e+41 3.5674e+41 5.9461e+40 3.6232e+40 7.1225e+41 4.7452e+41
-1.5 0.3 1000.0 -1.7 6.7884e+40 2.2659e+42 6.2946e+41 1.8947e+42 2.9991e+40 8.9186e+38 6.6457e+42 2.6319e+39 2.8116e+40 2.1647e+40 7.7654e+39 7.9182e+41 4.1533e+41 2.1933e+42 8.8391e+40 2.1782e+41 6.0929e+40 3.7156e+40 5.3792e+41 3.5872e+41
-1.5 0.3 1000.0 -2.0 6.0292e+40 1.5558e+42 4.2414e+41 1.2767e+42 1.0903e+40 5.3473e+38 4.5042e+42 1.578e+39 1.2027e+40 1.0013e+40 1.5739e+39 3.0664e+41 1.6442e+41 1.0709e+42 4.679e+40 1.1531e+41 5.284e+40 3.2259e+40 3.3408e+41 2.2301e+41
-1.5 0.3 10000.0 -1.2 1.9302e+41 3.8799e+42 4.9116e+41 1.4784e+42 2.8461e+41 7.2231e+39 1.1918e+43 2.1316e+40 1.7886e+41 1.6815e+41 4.1197e+38 1.5277e+41 7.9703e+40 5.2593e+42 3.6585e+40 9.0169e+40 4.9359e+40 3.9829e+40 3.2464e+41 2.6232e+41
-1.5 0.3 10000.0 -1.4 1.7142e+41 3.2197e+42 4.4323e+41 1.3341e+42 1.6779e+41 5.0982e+39 9.7073e+42 1.5045e+40 1.1004e+41 1.0492e+41 1.8551e+38 9.8814e+40 5.2336e+40 3.8325e+42 3.028e+40 7.4631e+40 4.8143e+40 3.8954e+40 2.7071e+41 2.1926e+41
-1.5 0.3 10000.0 -1.7 1.5116e+41 2.2782e+42 3.0165e+41 9.0798e+41 6.9995e+40 3.1025e+39 6.7342e+42 9.1555e+39 4.8612e+40 4.9125e+40 3.1275e+37 3.5404e+40 1.8976e+40 2.0485e+42 1.6879e+40 4.1602e+40 3.4459e+40 2.8083e+40 1.5948e+41 1.2986e+41
-1.5 0.3 10000.0 -2.0 1.3628e+41 1.5542e+42 1.6835e+41 5.0672e+41 2.9403e+40 2.1698e+39 4.5589e+42 6.4031e+39 2.1785e+40 2.4687e+40 3.5595e+36 1.0016e+40 5.248e+39 9.912e+41 7.471e+39 1.8414e+40 1.9705e+40 1.6194e+40 7.9343e+40 6.4972e+40
-1.0 0.1 100.0 -1.2 4.9267e+40 3.5513e+42 1.3003e+42 3.914e+42 7.9789e+40 1.0222e+39 1.0478e+43 3.0165e+39 5.4222e+40 3.7764e+40 7.975e+40 4.0738e+42 2.0943e+42 5.9406e+42 3.6074e+41 8.8688e+41 8.2835e+40 4.9079e+40 6.2983e+41 4.1239e+41
-1.0 0.1 100.0 -1.4 3.7318e+40 2.9215e+42 1.2597e+42 3.7918e+42 4.1618e+40 6.0279e+38 8.4951e+42 1.7788e+39 3.126e+40 2.18e+40 7.0855e+40 4.056e+42 2.0892e+42 4.193e+42 3.1743e+41 7.8047e+41 7.9599e+40 4.7203e+40 6.3064e+41 4.1292e+41
-1.0 0.1 100.0 -1.7 2.5997e+40 2.094e+42 1.0113e+42 3.0439e+42 1.3521e+40 2.8121e+38 5.9906e+42 8.2984e+38 1.211e+40 8.4854e+39 5.0021e+40 3.1532e+42 1.6253e+42 2.1974e+42 2.1574e+41 5.3062e+41 7.013e+40 4.1663e+40 5.4593e+41 3.5747e+41
-1.0 0.1 100.0 -2.0 1.9541e+40 1.4729e+42 7.186e+41 2.163e+42 4.0289e+39 1.44e+38 4.174e+42 4.2494e+38 4.4372e+39 3.1483e+39 2.8968e+40 1.9582e+42 1.0103e+42 1.0643e+42 1.2848e+41 3.1618e+41 6.3262e+40 3.7666e+40 4.3542e+41 2.8513e+41
-1.0 0.1 1000.0 -1.2 1.0101e+41 4.0311e+42 1.1328e+42 3.4097e+42 1.4478e+41 3.2077e+39 1.2228e+43 9.466e+39 8.7338e+40 6.4583e+40 4.5275e+40 3.0575e+42 1.5491e+42 5.807e+42 2.4125e+41 5.9385e+41 1.1769e+41 7.1671e+40 1.0244e+42 6.8199e+41
-1.0 0.1 1000.0 -1.4 8.3757e+40 3.2822e+42 1.0435e+42 3.1409e+42 8.4057e+40 2.0556e+39 9.7776e+42 6.066e+39 5.5764e+40 4.1545e+40 2.7209e+40 2.4658e+42 1.2516e+42 4.1568e+42 1.9108e+41 4.7054e+41 1.3371e+41 8.1465e+40 9.997e+41 6.6591e+41
-1.0 0.1 1000.0 -1.7 7.0619e+40 2.2956e+42 7.737e+41 2.3288e+42 3.3333e+40 1.024e+39 6.6969e+42 3.0218e+39 2.5664e+40 1.9731e+40 8.2005e+39 1.2149e+42 6.2126e+41 2.2028e+42 1.0975e+41 2.7043e+41 1.37e+41 8.3549e+40 7.48e+41 4.988e+41
-1.5 0.5 100.0 -1.2 6.3391e+40 3.6264e+42 6.9575e+41 2.0942e+42 9.7351e+40 1.2736e+39 1.0997e+43 3.7584e+39 1.0921e+41 7.5978e+40 6.8169e+40 1.3257e+42 7.0721e+41 5.6443e+42 1.7314e+41 4.2658e+41 1.2325e+40 7.2952e+39 3.7712e+41 2.4692e+41
-1.0 0.1 1000.0 -2.0 6.5723e+40 1.5743e+42 5.1111e+41 1.5385e+42 1.2514e+40 5.6123e+38 4.5344e+42 1.6562e+39 1.1604e+40 9.5981e+39 1.6168e+39 4.4044e+41 2.3017e+41 1.0747e+42 5.599e+40 1.3797e+41 1.1856e+41 7.2394e+40 4.5928e+41 3.0661e+41
-1.0 0.1 10000.0 -1.2 2.291e+41 3.9162e+42 5.8228e+41 1.7527e+42 3.4203e+41 7.9503e+39 1.2001e+43 2.3461e+40 1.8108e+41 1.7112e+41 4.0784e+38 2.0669e+41 1.0718e+41 5.248e+42 4.3177e+40 1.0642e+41 1.111e+41 8.9669e+40 4.4581e+41 3.6027e+41
-1.0 0.1 10000.0 -1.4 2.0263e+41 3.2373e+42 5.2458e+41 1.579e+42 1.9928e+41 5.4183e+39 9.7372e+42 1.5989e+40 1.1012e+41 1.0546e+41 1.8315e+38 1.3228e+41 6.9708e+40 3.824e+42 3.5606e+40 8.7757e+40 1.081e+41 8.7492e+40 3.7066e+41 3.0027e+41
-1.0 0.1 10000.0 -1.7 1.7841e+41 2.2843e+42 3.5638e+41 1.0727e+42 8.1928e+40 3.1561e+39 6.7377e+42 9.3137e+39 4.8222e+40 4.8867e+40 3.0865e+37 4.6617e+40 2.5198e+40 2.044e+42 1.9778e+40 4.8745e+40 7.7211e+40 6.2946e+40 2.1784e+41 1.7741e+41
-1.0 0.1 10000.0 -2.0 1.6084e+41 1.5576e+42 1.9867e+41 5.98e+41 3.4301e+40 2.1692e+39 4.5596e+42 6.4013e+39 2.1681e+40 2.4579e+40 3.5143e+36 1.3281e+40 7.0444e+39 9.8903e+41 8.7327e+39 2.1523e+40 4.4089e+40 3.6246e+40 1.0821e+41 8.863e+40
-1.0 0.3 100.0 -1.2 4.0775e+40 3.2583e+42 9.5194e+41 2.8653e+42 7.1334e+40 9.3069e+38 9.6984e+42 2.7465e+39 5.6339e+40 3.9231e+40 7.6635e+40 2.207e+42 1.1931e+42 5.8123e+42 2.7333e+41 6.7229e+41 3.2805e+40 1.9434e+40 3.9732e+41 2.6015e+41
-1.0 0.3 100.0 -1.4 3.0514e+40 2.6649e+42 9.4593e+41 2.8473e+42 3.7567e+40 5.304e+38 7.8143e+42 1.5652e+39 3.2716e+40 2.2808e+40 6.934e+40 2.2461e+42 1.2142e+42 4.1224e+42 2.4863e+41 6.1159e+41 3.269e+40 1.938e+40 4.1741e+41 2.733e+41
-1.0 0.3 100.0 -1.7 2.1259e+40 1.9153e+42 7.8998e+41 2.3778e+42 1.2357e+40 2.4324e+38 5.5187e+42 7.1781e+38 1.2719e+40 8.9067e+39 5.001e+40 1.8171e+42 9.814e+41 2.1744e+42 1.7766e+41 4.3717e+41 3.0165e+40 1.7913e+40 3.8403e+41 2.5146e+41
-1.0 0.3 100.0 -2.0 1.6159e+40 1.3659e+42 5.8007e+41 1.746e+42 3.7504e+39 1.2963e+38 3.893e+42 3.8253e+38 4.7118e+39 3.3373e+39 2.9244e+40 1.189e+42 6.3905e+41 1.0574e+42 1.0998e+41 2.7076e+41 2.8173e+40 1.6765e+40 3.1871e+41 2.0869e+41
-1.0 0.3 1000.0 -1.2 8.559e+40 3.9908e+42 9.4677e+41 2.8498e+42 1.2551e+41 2.977e+39 1.2156e+43 8.7852e+39 8.977e+40 6.6292e+40 4.57e+40 2.064e+42 1.0937e+42 5.7886e+42 2.051e+41 5.0494e+41 5.1682e+40 3.1471e+40 7.4072e+41 4.9308e+41
-1.5 0.5 100.0 -1.4 4.9143e+40 2.9193e+42 6.6715e+41 2.0081e+42 4.973e+40 7.2038e+38 8.7038e+42 2.1259e+39 5.9453e+40 4.1472e+40 5.824e+40 1.2843e+42 6.9714e+41 4.0476e+42 1.5254e+41 3.759e+41 1.3502e+40 7.9943e+39 3.844e+41 2.5169e+41
-1.0 0.3 1000.0 -1.4 7.0992e+40 3.2497e+42 8.7629e+41 2.6376e+42 7.3233e+40 1.9219e+39 9.7214e+42 5.6715e+39 5.7508e+40 4.2772e+40 2.753e+40 1.688e+42 8.8968e+41 4.1464e+42 1.6383e+41 4.0347e+41 5.9353e+40 3.6157e+40 7.3133e+41 4.8711e+41
-1.0 0.3 1000.0 -1.7 5.9842e+40 2.2751e+42 6.5373e+41 1.9677e+42 2.926e+40 9.8126e+38 6.6625e+42 2.8957e+39 2.6544e+40 2.0353e+40 8.301e+39 8.6458e+41 4.5331e+41 2.1991e+42 9.494e+40 2.3395e+41 6.1564e+40 3.7539e+40 5.537e+41 3.6919e+41
-1.0 0.3 1000.0 -2.0 5.5707e+40 1.5634e+42 4.337e+41 1.3054e+42 1.106e+40 5.5401e+38 4.5163e+42 1.6349e+39 1.2004e+40 9.8818e+39 1.6359e+39 3.2379e+41 1.7347e+41 1.0735e+42 4.8677e+40 1.1996e+41 5.3625e+40 3.2737e+40 3.4139e+41 2.2788e+41
-1.0 0.3 10000.0 -1.2 1.938e+41 3.9076e+42 4.921e+41 1.4812e+42 2.9638e+41 7.7703e+39 1.201e+43 2.293e+40 1.8694e+41 1.7572e+41 4.1151e+38 1.5287e+41 7.9756e+40 5.2465e+42 3.6712e+40 9.0488e+40 4.9409e+40 3.9867e+40 3.2529e+41 2.6282e+41
-1.0 0.3 10000.0 -1.4 1.7144e+41 3.2319e+42 4.437e+41 1.3355e+42 1.7278e+41 5.3628e+39 9.7437e+42 1.5826e+40 1.1319e+41 1.0792e+41 1.8498e+38 9.8746e+40 5.2305e+40 3.8233e+42 3.0335e+40 7.4766e+40 4.8157e+40 3.8964e+40 2.709e+41 2.1941e+41
-1.0 0.3 10000.0 -1.7 1.51e+41 2.2824e+42 3.0175e+41 9.0828e+41 7.1457e+40 3.1643e+39 6.7429e+42 9.3378e+39 4.9859e+40 5.0199e+40 3.1169e+37 3.536e+40 1.8957e+40 2.0438e+42 1.6888e+40 4.1624e+40 3.4457e+40 2.8081e+40 1.595e+41 1.2987e+41
-1.0 0.3 10000.0 -2.0 1.3622e+41 1.5559e+42 1.6834e+41 5.0672e+41 2.9637e+40 2.179e+39 4.5608e+42 6.4304e+39 2.2e+40 2.486e+40 3.5462e+36 9.9993e+39 5.2399e+39 9.8893e+41 7.4677e+39 1.8406e+40 1.9698e+40 1.6188e+40 7.932e+40 6.4954e+40
-1.0 0.5 100.0 -1.2 3.0709e+40 3.0652e+42 6.4866e+41 1.9525e+42 5.6323e+40 8.9008e+38 9.1889e+42 2.6266e+39 5.7334e+40 3.9922e+40 7.43e+40 1.3274e+42 7.5234e+41 5.7083e+42 1.9092e+41 4.6981e+41 7.3831e+39 4.3731e+39 2.3664e+41 1.5494e+41
-1.0 0.5 100.0 -1.4 2.2753e+40 2.4939e+42 6.5731e+41 1.9785e+42 2.9819e+40 4.9359e+38 7.3634e+42 1.4566e+39 3.3365e+40 2.3258e+40 6.8336e+40 1.3711e+42 8.0011e+41 4.065e+42 1.7853e+41 4.3935e+41 7.5976e+39 4.5033e+39 2.5868e+41 1.6937e+41
-1.0 0.5 100.0 -1.7 1.5868e+40 1.7925e+42 5.6755e+41 1.7083e+42 9.9956e+39 2.2079e+38 5.1956e+42 6.5156e+38 1.3261e+40 9.2805e+39 5.0255e+40 1.1385e+42 6.798e+41 2.1552e+42 1.3358e+41 3.2886e+41 7.3342e+39 4.3537e+39 2.5184e+41 1.649e+41
-1.5 0.5 100.0 -1.7 3.3896e+40 2.0262e+42 5.4008e+41 1.6256e+42 1.5733e+40 3.3213e+38 5.917e+42 9.8012e+38 2.1765e+40 1.5295e+40 4.0405e+40 9.7634e+41 5.4343e+41 2.1477e+42 1.0764e+41 2.6524e+41 1.2912e+40 7.6513e+39 3.2686e+41 2.1402e+41
-1.0 0.5 100.0 -2.0 1.2171e+40 1.2883e+42 4.2841e+41 1.2895e+42 3.0373e+39 1.1954e+38 3.6895e+42 3.5277e+38 4.8801e+39 3.4531e+39 2.9619e+40 7.6547e+41 4.5899e+41 1.0518e+42 8.5812e+40 2.1135e+41 7.0746e+39 4.2077e+39 2.1707e+41 1.4213e+41
-1.0 0.5 1000.0 -1.2 6.5462e+40 3.9594e+42 7.1625e+41 2.1559e+42 9.7644e+40 2.8152e+39 1.2114e+43 8.3078e+39 9.1963e+40 6.7819e+40 4.6173e+40 1.4207e+42 7.5298e+41 5.7731e+42 1.5772e+41 3.8837e+41 1.27e+40 7.7325e+39 4.9511e+41 3.2956e+41
-1.0 0.5 1000.0 -1.4 5.4319e+40 3.2245e+42 6.659e+41 2.0044e+42 5.6796e+40 1.8259e+39 9.6862e+42 5.3881e+39 5.8281e+40 4.3315e+40 2.7861e+40 1.1657e+42 6.1991e+41 4.1374e+42 1.2701e+41 3.1283e+41 1.4732e+40 8.9734e+39 4.9432e+41 3.2921e+41
-1.0 0.5 1000.0 -1.7 4.5803e+40 2.2594e+42 4.9955e+41 1.5036e+42 2.2802e+40 9.4679e+38 6.6389e+42 2.794e+39 2.7008e+40 2.068e+40 8.3987e+39 6.0043e+41 3.1957e+41 2.1959e+42 7.4195e+40 1.8285e+41 1.5459e+40 9.4243e+39 3.7824e+41 2.5218e+41
-1.0 0.5 1000.0 -2.0 4.2665e+40 1.5554e+42 3.3266e+41 1.0013e+42 8.7705e+39 5.474e+38 4.5042e+42 1.6154e+39 1.245e+40 1.0196e+40 1.6542e+39 2.2928e+41 1.2444e+41 1.0725e+42 3.8211e+40 9.417e+40 1.3546e+40 8.2681e+39 2.3416e+41 1.5629e+41
-1.0 0.5 10000.0 -1.2 1.4797e+41 3.8985e+42 3.758e+41 1.1311e+42 2.2864e+41 7.6144e+39 1.2018e+43 2.247e+40 1.8869e+41 1.7705e+41 4.1496e+38 1.0535e+41 5.5143e+40 5.2457e+42 2.8196e+40 6.9498e+40 1.2272e+40 9.8993e+39 2.1914e+41 1.7702e+41
-1.0 0.5 10000.0 -1.4 1.3097e+41 3.2271e+42 3.3907e+41 1.0206e+42 1.34e+41 5.3055e+39 9.7525e+42 1.5657e+40 1.153e+41 1.0959e+41 1.8666e+38 6.8727e+40 3.6392e+40 3.8228e+42 2.3338e+40 5.7522e+40 1.1978e+40 9.6883e+39 1.8276e+41 1.4799e+41
-1.0 0.5 10000.0 -1.7 1.1541e+41 2.2812e+42 2.3081e+41 6.9473e+41 5.5592e+40 3.1634e+39 6.7482e+42 9.3352e+39 5.093e+40 5.1054e+40 3.1455e+37 2.4868e+40 1.3151e+40 2.0436e+42 1.3018e+40 3.2087e+40 8.5827e+39 6.9922e+39 1.0777e+41 8.7727e+40
-1.0 0.5 10000.0 -2.0 1.0418e+41 1.5574e+42 1.2886e+41 3.8786e+41 2.3262e+40 2.1878e+39 4.5668e+42 6.4561e+39 2.2803e+40 2.5507e+40 3.5769e+36 6.936e+39 3.5915e+39 9.8888e+41 5.7651e+39 1.4209e+40 4.9114e+39 4.0349e+39 5.3654e+40 4.3926e+40
-1.5 0.5 100.0 -2.0 2.4114e+40 1.397e+42 3.9532e+41 1.1899e+42 4.5309e+39 1.8441e+38 4.0249e+42 5.4419e+38 7.7441e+39 5.5259e+39 2.3955e+40 6.2192e+41 3.5238e+41 1.048e+42 6.8336e+40 1.6838e+41 1.1005e+40 6.5299e+39 2.4557e+41 1.608e+41
-1.5 0.5 1000.0 -1.2 7.746e+40 3.9534e+42 6.6434e+41 1.9997e+42 1.1639e+41 2.5655e+39 1.2092e+43 7.5708e+39 1.2146e+41 8.8854e+40 3.9966e+40 1.2408e+42 6.5195e+41 5.7282e+42 1.3373e+41 3.2957e+41 1.2746e+40 7.7639e+39 4.9071e+41 3.2675e+41
-1.5 0.5 1000.0 -1.4 6.4031e+40 3.2181e+42 6.2744e+41 1.8886e+42 6.3137e+40 1.6526e+39 9.6675e+42 4.8769e+39 6.913e+40 5.1206e+40 2.4953e+40 1.0314e+42 5.4439e+41 4.116e+42 1.1217e+41 2.7644e+41 1.4755e+40 8.9899e+39 4.8174e+41 3.2092e+41
-1.5 0.5 1000.0 -1.7 5.1928e+40 2.2535e+42 4.8102e+41 1.4479e+42 2.3482e+40 8.7603e+38 6.6277e+42 2.5852e+39 2.8732e+40 2.2081e+40 7.8564e+39 5.5076e+41 2.9229e+41 2.1902e+42 6.9006e+40 1.7006e+41 1.5283e+40 9.3188e+39 3.6715e+41 2.4481e+41
-1.5 0.5 1000.0 -2.0 4.6161e+40 1.5486e+42 3.2521e+41 9.7889e+41 8.5271e+39 5.3121e+38 4.4932e+42 1.5676e+39 1.2233e+40 1.016e+40 1.5921e+39 2.1721e+41 1.1793e+41 1.0699e+42 3.6687e+40 9.0414e+40 1.3331e+40 8.1375e+39 2.2893e+41 1.5281e+41
-1.5 0.5 10000.0 -1.2 1.4739e+41 3.874e+42 3.7505e+41 1.1289e+42 2.202e+41 7.1275e+39 1.1928e+43 2.1033e+40 1.8158e+41 1.703e+41 4.1537e+38 1.0527e+41 5.5091e+40 5.2585e+42 2.8093e+40 6.9241e+40 1.2257e+40 9.8881e+39 2.1866e+41 1.7666e+41
-1.5 0.5 10000.0 -1.4 1.3094e+41 3.2159e+42 3.3869e+41 1.0194e+42 1.2985e+41 5.0598e+39 9.7149e+42 1.4931e+40 1.1152e+41 1.0608e+41 1.8715e+38 6.8755e+40 3.64e+40 3.8321e+42 2.3292e+40 5.7407e+40 1.1972e+40 9.684e+39 1.8259e+41 1.4786e+41
-1.5 0.5 10000.0 -1.7 1.1553e+41 2.2768e+42 2.3073e+41 6.9449e+41 5.428e+40 3.1022e+39 6.7387e+42 9.1546e+39 4.9354e+40 4.9728e+40 3.156e+37 2.4894e+40 1.3163e+40 2.0483e+42 1.3011e+40 3.2069e+40 8.5828e+39 6.9925e+39 1.0776e+41 8.7718e+40
-1.5 0.5 10000.0 -2.0 1.0424e+41 1.5542e+42 1.2886e+41 3.8787e+41 2.2817e+40 2.1765e+39 4.5624e+42 6.4228e+39 2.2135e+40 2.4982e+40 3.5904e+36 6.9474e+39 3.5971e+39 9.9112e+41 5.7679e+39 1.4216e+40 4.9136e+39 4.0367e+39 5.3674e+40 4.3942e+40
