# log(Us)  xid nh alpha [OII]3727 Hbeta [OIII]4959 [OIII]5007 [OI]6300 [NII]6548 Halpha [NII]6584 [SII]6717 [SII]6731 NV1240 CIV1548 CIV1551 HeII1640 OIII]1661 OIII]1666 [SiIII]1883 SiIII]1888 [CIII]1907 CIII]1910 
-1.0 0.1 100.0 -1.2 5.5932e+41 5.0449e+41 3.1833e+42 9.5817e+42 1.9274e+41 1.5802e+41 1.4415e+42 4.6632e+41 1.2301e+41 9.02e+40 9.3614e+41 1.0189e+42 6.2585e+41 3.2635e+42 5.2052e+40 1.2217e+41 2.8326e+40 1.6963e+40 4.4715e+41 2.9298e+41
-1.0 0.1 100.0 -1.4 2.6419e+41 4.8177e+41 2.9558e+42 8.8971e+42 4.8578e+40 6.6817e+40 1.3814e+42 1.9718e+41 6.6541e+40 4.9628e+40 4.8124e+41 6.023e+41 3.7346e+41 2.6811e+42 2.7365e+40 6.3084e+40 1.3792e+40 8.5495e+39 2.394e+41 1.5692e+41
-1.0 0.1 100.0 -1.7 1.47e+41 4.7596e+41 2.1756e+42 6.5486e+42 5.7126e+39 3.1437e+40 1.3944e+42 9.2771e+40 3.0412e+40 2.3643e+40 1.3246e+41 2.2234e+41 1.246e+41 1.7535e+42 7.321e+39 1.6391e+40 4.1515e+39 3.3668e+39 7.554e+40 4.9637e+40
-1.0 0.1 100.0 -2.0 1.1001e+41 4.7309e+41 1.0913e+42 3.2847e+42 3.5206e+39 2.4017e+40 1.4297e+42 7.0873e+40 2.3222e+40 1.8126e+40 3.0595e+40 4.9008e+40 3.3805e+40 1.033e+42 1.5338e+39 3.3806e+39 1.1841e+39 2.4393e+39 1.622e+40 1.0922e+40
-1.0 0.1 1000.0 -1.2 2.0956e+42 1.7831e+42 1.5127e+43 4.5531e+43 5.927e+41 6.6574e+41 5.2024e+42 1.9646e+42 4.3527e+41 4.4244e+41 1.6799e+41 1.424e+42 6.8639e+41 5.2266e+42 1.1266e+41 2.6369e+41 9.57e+40 6.0718e+40 1.4969e+42 1.0099e+42
-1.0 0.1 1000.0 -1.4 1.3429e+42 1.6657e+42 1.0336e+43 3.1111e+43 1.6623e+41 3.6783e+41 4.9059e+42 1.0855e+42 2.2677e+41 2.5326e+41 4.1663e+40 3.6502e+41 1.8266e+41 3.8425e+42 3.6159e+40 8.4477e+40 4.7059e+40 3.1175e+40 6.1583e+41 4.1653e+41
-1.0 0.1 1000.0 -1.7 8.4596e+41 1.3947e+42 4.7721e+42 1.4364e+43 4.2703e+40 2.3413e+41 4.1687e+42 6.9092e+41 1.1706e+41 1.4881e+41 2.3387e+40 5.1817e+40 3.3424e+40 2.1087e+42 4.8831e+39 1.1459e+40 1.4093e+40 1.1433e+40 1.2196e+41 8.2922e+40
-1.0 0.1 1000.0 -2.0 5.359e+41 1.0927e+42 1.9585e+42 5.8951e+42 2.5524e+40 1.7615e+41 3.3056e+42 5.1981e+41 8.6184e+40 1.1161e+41 1.7027e+40 2.229e+40 1.7891e+40 1.05e+42 6.9862e+38 1.6547e+39 3.5959e+39 5.1685e+39 2.1615e+40 1.4895e+40
-1.0 0.1 10000.0 -1.2 5.4729e+42 2.9221e+42 1.5875e+43 4.7784e+43 1.8306e+42 3.0488e+42 8.6323e+42 8.997e+42 6.79e+41 1.1979e+42 1.5061e+40 1.2292e+41 6.8989e+40 4.7992e+42 4.4769e+40 1.0941e+41 1.8878e+41 1.7455e+41 9.9802e+41 8.8213e+41
-1.0 0.1 10000.0 -1.4 3.8494e+42 2.5425e+42 1.1067e+43 3.3312e+43 7.7209e+41 2.1654e+42 7.5164e+42 6.39e+42 4.1266e+41 7.7494e+41 1.3431e+40 4.9835e+40 3.1694e+40 3.5297e+42 1.9246e+40 4.7039e+40 1.006e+41 9.4647e+40 4.7472e+41 4.2331e+41
-1.0 0.1 10000.0 -1.7 2.3955e+42 1.9082e+42 5.4017e+42 1.6259e+43 3.0033e+41 1.5288e+42 5.6489e+42 4.5116e+42 2.5422e+41 5.0881e+41 7.5613e+39 1.8674e+40 1.5248e+40 1.913e+42 4.5315e+39 1.1105e+40 3.0451e+40 2.9657e+40 1.3317e+41 1.2009e+41
-1.0 0.1 10000.0 -2.0 1.4814e+42 1.3625e+42 2.2615e+42 6.8073e+42 1.5879e+41 1.1241e+42 4.0436e+42 3.3173e+42 1.8658e+41 3.7971e+41 1.7076e+39 1.2016e+40 1.0548e+40 9.3252e+41 9.7469e+38 2.3943e+39 7.4911e+39 7.6975e+39 3.4809e+40 3.1702e+40
-1.0 0.3 100.0 -1.2 2.4677e+42 3.1255e+41 1.6676e+42 5.0195e+42 8.3212e+41 6.3198e+41 9.4362e+41 1.865e+42 2.9383e+41 2.1135e+41 1.0626e+42 7.6937e+41 5.3752e+41 1.8529e+42 9.5736e+40 2.3268e+41 2.4509e+40 1.4514e+40 9.2741e+41 6.0744e+41
-1.0 0.3 100.0 -1.4 1.2403e+42 2.5011e+41 1.6085e+42 4.8415e+42 4.8387e+41 3.5244e+41 7.2594e+41 1.0401e+42 1.9013e+41 1.3698e+41 6.2458e+41 5.519e+41 3.7944e+41 1.6231e+42 6.0333e+40 1.459e+41 1.7172e+40 1.0184e+40 5.7267e+41 3.7514e+41
-1.0 0.3 100.0 -1.7 3.7257e+41 2.0906e+41 1.4377e+42 4.3276e+42 1.4203e+41 1.1244e+41 5.9658e+41 3.318e+41 8.9849e+40 6.5444e+40 2.1762e+41 2.5605e+41 1.7419e+41 1.2055e+42 2.3559e+40 5.6345e+40 6.8412e+39 4.1246e+39 2.1824e+41 1.4301e+41
-1.0 0.3 100.0 -2.0 1.5703e+41 2.0339e+41 1.0578e+42 3.1839e+42 1.9172e+40 4.0107e+40 5.9167e+41 1.1836e+41 3.8312e+40 2.89e+40 5.1431e+40 7.569e+40 5.2178e+40 7.923e+41 5.6621e+39 1.3345e+40 2.0811e+39 1.4675e+39 6.1944e+40 4.0642e+40
-1.0 0.3 1000.0 -1.2 4.0797e+42 1.1301e+42 1.1012e+43 3.3147e+43 1.9756e+42 1.3908e+42 3.2631e+42 4.1041e+42 9.1577e+41 8.3897e+41 3.4237e+41 1.133e+42 5.8405e+41 4.5336e+42 1.8815e+41 4.5278e+41 7.186e+40 4.4627e+40 2.0771e+42 1.3974e+42
-1.0 0.3 1000.0 -1.4 2.2727e+42 1.0484e+42 8.4836e+42 2.5536e+43 8.7113e+41 7.56e+41 3.0382e+42 2.231e+42 5.351e+41 5.1056e+41 9.9709e+40 4.7082e+41 2.3808e+41 3.4571e+42 7.5597e+40 1.814e+41 3.8888e+40 2.4465e+40 9.9493e+41 6.7082e+41
-1.0 0.3 1000.0 -1.7 1.1923e+42 9.2e+41 4.6538e+42 1.4008e+43 1.7309e+41 3.5684e+41 2.7048e+42 1.053e+42 2.2248e+41 2.4327e+41 2.8029e+40 7.2255e+40 4.3768e+40 1.986e+42 1.309e+40 3.138e+40 1.4028e+40 9.4084e+39 2.4636e+41 1.667e+41
-1.0 0.3 1000.0 -2.0 7.7904e+41 7.7018e+41 2.2071e+42 6.6434e+42 5.5292e+40 2.4845e+41 2.2968e+42 7.3318e+41 1.2877e+41 1.5824e+41 1.8852e+40 2.2234e+40 1.8344e+40 1.0165e+42 2.0324e+39 4.8871e+39 4.5583e+39 3.8029e+39 5.3429e+40 3.6306e+40
-1.0 0.3 10000.0 -1.2 7.1439e+42 2.5111e+42 1.4665e+43 4.4141e+43 3.8003e+42 4.3084e+42 7.3381e+42 1.2714e+43 1.3703e+42 2.171e+42 1.607e+40 1.2837e+41 7.8217e+40 4.7495e+42 6.3172e+40 1.5469e+41 1.1627e+41 1.0583e+41 1.1548e+42 1.007e+42
-1.0 0.3 10000.0 -1.4 4.9947e+42 2.2147e+42 1.0458e+43 3.148e+43 1.7451e+42 3.0146e+42 6.4835e+42 8.8961e+42 8.0152e+41 1.3503e+42 1.3662e+40 5.3297e+40 3.555e+40 3.5117e+42 2.8185e+40 6.9054e+40 6.4436e+40 5.9561e+40 5.7296e+41 5.0421e+41
-1.0 0.3 10000.0 -1.7 3.1388e+42 1.7077e+42 5.2954e+42 1.5939e+43 6.2343e+41 2.0188e+42 5.0201e+42 5.9576e+42 4.3085e+41 7.9502e+41 7.486e+39 1.9205e+40 1.5319e+40 1.9153e+42 6.9505e+39 1.7056e+40 2.0805e+40 1.9758e+40 1.7399e+41 1.5464e+41
-1.0 0.3 10000.0 -2.0 2.04e+42 1.2506e+42 2.3317e+42 7.0184e+42 3.1292e+41 1.4946e+42 3.6894e+42 4.4106e+42 2.9093e+41 5.6362e+41 1.6847e+39 1.1713e+40 1.0215e+40 9.3668e+41 1.6209e+39 3.9845e+39 5.7534e+39 5.6541e+39 5.1555e+40 4.6161e+40
-1.0 0.5 100.0 -1.2 2.5061e+42 2.7666e+41 9.3276e+41 2.8076e+42 8.4679e+41 7.9826e+41 8.8941e+41 2.3557e+42 3.8143e+41 2.7247e+41 1.2103e+42 6.5222e+41 4.7842e+41 1.3289e+42 7.405e+40 1.8118e+41 6.5789e+39 3.8941e+39 7.5659e+41 4.9552e+41
-1.0 0.5 100.0 -1.4 1.4251e+42 2.0216e+41 9.0876e+41 2.7354e+42 5.4036e+41 4.8746e+41 6.1731e+41 1.4385e+42 2.4752e+41 1.7679e+41 7.873e+41 5.0862e+41 3.7701e+41 1.1875e+42 5.4141e+40 1.3232e+41 5.679e+39 3.363e+39 5.4506e+41 3.5702e+41
-1.0 0.5 100.0 -1.7 5.2519e+41 1.4489e+41 9.0298e+41 2.718e+42 2.165e+41 1.8794e+41 4.1624e+41 5.546e+41 1.2303e+41 8.8496e+40 3.2574e+41 2.747e+41 2.0758e+41 9.2838e+41 3.0598e+40 7.4491e+40 3.9291e+39 2.3333e+39 2.8795e+41 1.8865e+41
-1.0 0.5 100.0 -2.0 2.101e+41 1.2757e+41 7.9929e+41 2.4059e+42 5.8958e+40 6.7975e+40 3.6408e+41 2.0059e+41 6.2225e+40 4.5684e+40 1.0025e+41 1.1342e+41 8.5323e+40 6.4701e+41 1.236e+40 2.9892e+40 1.7523e+39 1.0647e+39 1.1834e+41 7.7559e+40
-1.0 0.5 1000.0 -1.2 4.3827e+42 8.5653e+41 7.5212e+42 2.2639e+43 2.2002e+42 1.766e+42 2.4907e+42 5.2114e+42 1.1563e+42 1.0096e+42 6.4301e+41 1.0416e+42 7.7764e+41 3.9898e+42 2.3058e+41 5.6173e+41 3.4578e+40 2.1333e+40 2.2716e+42 1.5254e+42
-1.0 0.5 1000.0 -1.4 2.6037e+42 7.6617e+41 6.4138e+42 1.9305e+43 1.1683e+42 1.0158e+42 2.2046e+42 2.9975e+42 7.4235e+41 6.6774e+41 2.3957e+41 5.2424e+41 3.8062e+41 3.1307e+42 1.1847e+41 2.8808e+41 2.1848e+40 1.3551e+40 1.2928e+42 8.697e+41
-1.0 0.5 1000.0 -1.7 1.3575e+42 6.7385e+41 4.1098e+42 1.2371e+43 3.3448e+41 4.8669e+41 1.9521e+42 1.4362e+42 3.5501e+41 3.5244e+41 4.6139e+40 1.338e+41 9.272e+40 1.8639e+42 2.9436e+40 7.1464e+40 9.5694e+39 6.0569e+39 4.2113e+41 2.8414e+41
-1.0 0.5 1000.0 -2.0 8.7524e+41 5.8602e+41 2.2003e+42 6.6229e+42 9.301e+40 3.1905e+41 1.7215e+42 9.4153e+41 1.9108e+41 2.1649e+41 2.1587e+40 3.3685e+40 2.7461e+40 9.8117e+41 5.7541e+39 1.3979e+40 3.8627e+39 2.6066e+39 1.1169e+41 7.5565e+40
-1.0 0.5 10000.0 -1.2 7.1618e+42 2.1704e+42 1.2623e+43 3.7995e+43 4.4475e+42 5.0285e+42 6.3003e+42 1.4839e+43 2.0327e+42 2.9508e+42 1.8904e+40 1.8233e+41 1.0948e+41 4.6729e+42 8.9082e+40 2.1862e+41 5.6844e+40 5.088e+40 1.3403e+42 1.1553e+42
-1.0 0.5 10000.0 -1.4 5.1245e+42 1.9379e+42 9.1804e+42 2.7633e+43 2.2451e+42 3.6565e+42 5.6271e+42 1.079e+43 1.2423e+42 1.9114e+42 1.4425e+40 7.4004e+40 4.6334e+40 3.4734e+42 4.1296e+40 1.0138e+41 3.2868e+40 2.9829e+40 6.907e+41 6.0079e+41
-1.0 0.5 10000.0 -1.7 3.2591e+42 1.5328e+42 4.7449e+42 1.4282e+43 8.3073e+41 2.4662e+42 4.471e+42 7.2777e+42 6.4303e+41 1.1014e+42 7.529e+39 2.1423e+40 1.6184e+40 1.9071e+42 1.0388e+40 2.5526e+40 1.1112e+40 1.0315e+40 2.1731e+41 1.9086e+41
-1.0 0.5 10000.0 -2.0 2.1454e+42 1.1491e+42 2.1239e+42 6.3931e+42 4.0647e+41 1.8153e+42 3.3684e+42 5.357e+42 4.267e+41 7.7167e+41 1.6729e+39 1.1578e+40 9.9056e+39 9.3673e+41 2.4242e+39 5.9638e+39 3.1947e+39 3.0397e+39 6.657e+40 5.8826e+40
-2.5 0.1 100.0 -1.2 2.4615e+42 2.0203e+42 7.0049e+42 2.1085e+43 2.2876e+41 7.0052e+41 6.1219e+42 2.0672e+42 4.7969e+41 3.6812e+41 4.3105e+41 7.8552e+41 4.2067e+41 4.9782e+42 1.6963e+40 4.091e+40 2.3442e+40 1.4645e+40 4.0181e+41 2.6346e+41
-2.5 0.1 100.0 -1.4 1.4597e+42 1.748e+42 3.9514e+42 1.1894e+43 9.7959e+40 4.5375e+41 5.3211e+42 1.339e+42 3.2512e+41 2.5226e+41 2.1235e+41 3.5674e+41 1.9718e+41 3.7102e+42 5.012e+39 1.2062e+40 7.4787e+39 5.4936e+39 1.3337e+41 8.7532e+40
-2.5 0.1 100.0 -1.7 6.5426e+41 1.3267e+42 1.2888e+42 3.8794e+42 4.2938e+40 2.3249e+41 4.0998e+42 6.8608e+41 1.8146e+41 1.4118e+41 6.6971e+40 1.0587e+41 6.4502e+40 2.0922e+42 7.864e+38 1.8828e+39 1.1658e+39 2.2012e+39 2.2004e+40 1.4561e+40
-2.5 0.1 100.0 -2.0 2.9146e+41 9.7924e+41 3.6182e+41 1.0891e+42 1.9132e+40 1.1249e+41 3.0826e+42 3.3195e+41 9.2429e+40 7.1931e+40 2.8427e+40 3.5718e+40 2.7005e+40 1.0816e+42 1.7742e+38 4.2148e+38 1.8938e+38 1.9463e+39 3.1621e+39 2.2344e+39
-2.5 0.1 1000.0 -1.2 3.6609e+42 2.3208e+42 1.1829e+43 3.5607e+43 3.9003e+41 1.0435e+42 6.9371e+42 3.0795e+42 4.95e+41 5.8248e+41 1.0313e+41 7.4114e+41 3.7164e+41 5.1051e+42 4.1211e+40 9.9303e+40 6.7609e+40 4.3069e+40 8.8098e+41 5.9556e+41
-2.5 0.1 1000.0 -1.4 2.4298e+42 2.0344e+42 7.9458e+42 2.3917e+43 1.6828e+41 7.313e+41 6.0882e+42 2.1581e+42 3.3786e+41 4.2167e+41 3.4368e+40 2.0002e+41 1.0576e+41 3.774e+42 1.4554e+40 3.4986e+40 3.1958e+40 2.132e+40 3.6044e+41 2.4416e+41
-2.5 0.1 1000.0 -1.7 1.3015e+42 1.568e+42 3.7583e+42 1.1313e+43 7.7587e+40 4.4739e+41 4.721e+42 1.3202e+42 2.14e+41 2.7418e+41 2.137e+40 4.002e+40 2.7231e+40 2.0837e+42 2.513e+39 6.0312e+39 9.3291e+39 7.7747e+39 7.7486e+40 5.2722e+40
-2.5 0.1 1000.0 -2.0 6.8503e+41 1.1617e+42 1.6006e+42 4.8178e+42 3.7706e+40 2.7302e+41 3.5278e+42 8.0569e+41 1.3332e+41 1.7268e+41 1.5366e+40 2.032e+40 1.6786e+40 1.046e+42 4.2891e+38 1.0309e+39 2.4655e+39 3.7853e+39 1.4918e+40 1.0282e+40
-2.5 0.1 10000.0 -1.2 5.4402e+42 2.9289e+42 1.5082e+43 4.5396e+43 1.485e+42 2.9375e+42 8.6855e+42 8.6686e+42 5.9066e+41 1.0778e+42 1.442e+40 1.1669e+41 6.5174e+40 4.7956e+42 4.1232e+40 1.0082e+41 1.7626e+41 1.6315e+41 9.2945e+41 8.2252e+41
-2.5 0.1 10000.0 -1.4 3.8965e+42 2.5414e+42 1.0615e+43 3.195e+43 7.0757e+41 2.2019e+42 7.5229e+42 6.4979e+42 3.9971e+41 7.66e+41 1.2972e+40 4.7116e+40 2.9759e+40 3.5408e+42 1.8066e+40 4.4203e+40 9.5169e+40 8.9595e+40 4.4936e+41 4.0099e+41
-2.5 0.1 10000.0 -1.7 2.4101e+42 1.909e+42 5.2566e+42 1.5822e+43 3.0497e+41 1.5633e+42 5.652e+42 4.6133e+42 2.613e+41 5.2477e+41 7.3896e+39 1.7246e+40 1.4146e+40 1.9312e+42 4.3399e+39 1.0639e+40 2.9274e+40 2.8516e+40 1.2803e+41 1.1552e+41
-2.5 0.1 10000.0 -2.0 1.4744e+42 1.3663e+42 2.2296e+42 6.7111e+42 1.6148e+41 1.132e+42 4.0575e+42 3.3406e+42 1.9037e+41 3.8735e+41 1.6928e+39 1.1316e+40 1.0165e+40 9.4596e+41 9.4803e+38 2.329e+39 7.3056e+39 7.5087e+39 3.3837e+40 3.0829e+40
-2.5 0.3 100.0 -1.2 4.5985e+42 1.2171e+42 6.7075e+42 2.0189e+43 1.2075e+42 1.2712e+42 3.6172e+42 3.7513e+42 8.7718e+41 6.4845e+41 5.7191e+41 7.1709e+41 4.4649e+41 4.0418e+42 5.1858e+40 1.2634e+41 3.3886e+40 2.0211e+40 8.7817e+41 5.7552e+41
-2.5 0.3 100.0 -1.4 2.6706e+42 1.0146e+42 4.5416e+42 1.367e+43 4.8048e+41 7.453e+41 3.0146e+42 2.1994e+42 5.4604e+41 4.0983e+41 3.068e+41 3.7788e+41 2.3895e+41 3.0753e+42 1.9975e+40 4.8575e+40 1.495e+40 9.0548e+39 3.803e+41 2.4928e+41
-2.5 0.3 100.0 -1.7 1.2385e+42 7.5462e+41 2.0961e+42 6.3092e+42 1.1771e+41 3.6647e+41 2.2608e+42 1.0815e+42 2.7896e+41 2.1368e+41 1.0789e+41 1.3147e+41 8.7606e+40 1.7847e+42 3.9394e+39 9.5487e+39 3.4983e+39 2.3936e+39 9.0357e+40 5.9278e+40
-2.5 0.3 100.0 -2.0 6.1886e+41 5.6229e+41 8.3009e+41 2.4986e+42 5.0461e+40 2.0033e+41 1.7103e+42 5.9118e+41 1.61e+41 1.2414e+41 3.8639e+40 4.5047e+40 3.3445e+40 9.4721e+41 7.7542e+38 1.872e+39 7.8437e+38 9.4415e+38 2.0603e+40 1.357e+40
-2.5 0.3 1000.0 -1.2 5.338e+42 1.6132e+42 1.04e+43 3.1304e+43 1.4393e+42 1.6273e+42 4.7455e+42 4.8021e+42 9.3186e+41 9.4428e+41 2.2002e+41 7.6588e+41 4.0642e+41 4.6367e+42 8.2805e+40 2.0137e+41 5.6371e+40 3.5194e+40 1.3355e+42 9.0049e+41
-2.5 0.3 1000.0 -1.4 3.4212e+42 1.4124e+42 7.5511e+42 2.2729e+43 5.8788e+41 1.0384e+42 4.1605e+42 3.0644e+42 5.7489e+41 6.2614e+41 7.1693e+40 3.1547e+41 1.674e+41 3.4944e+42 3.5227e+40 8.5508e+40 3.0098e+40 1.9055e+40 6.4459e+41 4.3535e+41
-2.5 0.3 1000.0 -1.7 1.8653e+42 1.1188e+42 4.0333e+42 1.214e+43 1.7174e+41 5.9802e+41 3.32e+42 1.7648e+42 3.0851e+41 3.6895e+41 2.5402e+40 5.6712e+40 3.6365e+40 1.9836e+42 7.5203e+39 1.822e+40 1.0721e+40 7.253e+39 1.7506e+41 1.1855e+41
-2.5 0.3 1000.0 -2.0 1.0702e+42 8.6604e+41 1.9389e+42 5.836e+42 8.3034e+40 3.8417e+41 2.5943e+42 1.1337e+42 1.9702e+41 2.4442e+41 1.7122e+40 2.074e+40 1.7444e+40 1.016e+42 1.4059e+39 3.4067e+39 3.5581e+39 2.9921e+39 4.1994e+40 2.8542e+40
-2.5 0.3 10000.0 -1.2 7.0495e+42 2.5256e+42 1.4032e+43 4.2238e+43 3.0954e+42 4.0913e+42 7.3999e+42 1.2073e+43 1.1265e+42 1.8582e+42 1.5405e+40 1.2184e+41 7.3708e+40 4.749e+42 5.8406e+40 1.4311e+41 1.0945e+41 9.9758e+40 1.0807e+42 9.4397e+41
-2.5 0.3 10000.0 -1.4 5.0568e+42 2.2248e+42 1.0083e+43 3.035e+43 1.5371e+42 3.0032e+42 6.5224e+42 8.8624e+42 7.2977e+41 1.2691e+42 1.3222e+40 5.0302e+40 3.3273e+40 3.5236e+42 2.6476e+40 6.4897e+40 6.123e+40 5.6644e+40 5.4477e+41 4.7981e+41
-2.5 0.3 10000.0 -1.7 3.1843e+42 1.7156e+42 5.1684e+42 1.5557e+43 6.1485e+41 2.0602e+42 5.0441e+42 6.0797e+42 4.3184e+41 8.0587e+41 7.3355e+39 1.7722e+40 1.4455e+40 1.9318e+42 6.6746e+39 1.6383e+40 2.0093e+40 1.9089e+40 1.6837e+41 1.497e+41
-2.5 0.3 10000.0 -2.0 2.0507e+42 1.2583e+42 2.3051e+42 6.9383e+42 3.1806e+41 1.5127e+42 3.7121e+42 4.4638e+42 2.9603e+41 5.7499e+41 1.6753e+39 1.1202e+40 9.93e+39 9.5007e+41 1.5821e+39 3.8893e+39 5.6362e+39 5.5403e+39 5.046e+40 4.5193e+40
-2.5 0.5 100.0 -1.2 5.198e+42 8.3848e+41 5.0762e+42 1.5279e+43 1.7381e+42 1.6861e+42 2.4684e+42 4.9756e+42 1.2441e+42 9.028e+41 8.3606e+41 7.7104e+41 5.662e+41 3.3415e+42 9.0782e+40 2.2239e+41 2.2213e+40 1.3178e+40 1.2137e+42 7.9528e+41
-2.5 0.5 100.0 -1.4 3.1543e+42 6.8057e+41 3.8135e+42 1.1479e+43 8.4092e+41 1.0011e+42 1.9903e+42 2.9543e+42 7.6497e+41 5.6258e+41 4.7931e+41 4.531e+41 3.2782e+41 2.5869e+42 4.542e+40 1.1116e+41 1.2407e+40 7.3813e+39 6.4948e+41 4.2561e+41
-2.5 0.5 100.0 -1.7 1.4663e+42 4.9251e+41 2.1191e+42 6.3784e+42 2.339e+41 4.7073e+41 1.4433e+42 1.3891e+42 3.767e+41 2.8288e+41 1.8119e+41 1.8336e+41 1.3166e+41 1.5417e+42 1.2959e+40 3.1658e+40 4.1034e+39 2.4828e+39 2.1165e+41 1.3873e+41
-2.5 0.5 100.0 -2.0 7.383e+41 3.6463e+41 1.0501e+42 3.1607e+42 7.0814e+40 2.5153e+41 1.0796e+42 7.4227e+41 2.0526e+41 1.5653e+41 6.371e+40 7.1184e+40 5.3304e+40 8.3847e+41 3.4523e+39 8.415e+39 1.2341e+39 8.1301e+38 6.4878e+40 4.255e+40
-2.5 0.5 1000.0 -1.2 5.7247e+42 1.2039e+42 8.205e+42 2.4697e+43 2.0274e+42 2.0643e+42 3.5043e+42 6.0918e+42 1.3975e+42 1.2976e+42 4.3227e+41 7.9646e+41 5.8934e+41 4.2216e+42 1.2954e+41 3.1689e+41 3.2203e+40 1.9949e+40 1.6832e+42 1.1327e+42
-2.5 0.5 1000.0 -1.4 3.7278e+42 1.0497e+42 6.379e+42 1.9201e+43 9.7444e+41 1.324e+42 3.049e+42 3.9071e+42 8.5763e+41 8.4963e+41 1.6791e+41 4.0162e+41 2.9106e+41 3.2368e+42 6.5629e+40 1.6037e+41 1.9184e+40 1.1948e+40 9.3359e+41 6.291e+41
-2.5 0.5 1000.0 -1.7 2.0316e+42 8.4461e+41 3.7871e+42 1.1399e+43 2.8895e+41 7.3871e+41 2.4689e+42 2.1799e+42 4.3823e+41 4.8137e+41 3.8776e+40 1.0925e+41 7.7489e+40 1.8828e+42 1.8583e+40 4.5341e+40 8.0747e+39 5.1326e+39 3.1976e+41 2.1592e+41
-2.5 0.5 1000.0 -2.0 1.197e+42 6.7483e+41 2.0055e+42 6.0366e+42 1.1261e+41 4.7311e+41 1.9928e+42 1.3961e+42 2.6629e+41 3.1233e+41 1.9542e+40 3.0844e+40 2.5165e+40 9.838e+41 4.2739e+39 1.0424e+40 3.254e+39 2.2016e+39 9.239e+40 6.2525e+40
-2.5 0.5 10000.0 -1.2 7.0871e+42 2.187e+42 1.2126e+43 3.6498e+43 3.7105e+42 4.8544e+42 6.3547e+42 1.4325e+43 1.7086e+42 2.5775e+42 1.8095e+40 1.7273e+41 1.0342e+41 4.6738e+42 8.2602e+40 2.0279e+41 5.3886e+40 4.8295e+40 1.2585e+42 1.0867e+42
-2.5 0.5 10000.0 -1.4 5.1829e+42 1.9539e+42 8.8767e+42 2.6719e+43 1.9709e+42 3.6453e+42 5.6779e+42 1.0757e+43 1.0936e+42 1.7561e+42 1.3988e+40 7.0295e+40 4.3824e+40 3.4855e+42 3.8894e+40 9.5508e+40 3.1403e+40 2.8525e+40 6.5889e+41 5.7364e+41
-2.5 0.5 10000.0 -1.7 3.3093e+42 1.5438e+42 4.6392e+42 1.3964e+43 8.0554e+41 2.5081e+42 4.5048e+42 7.4014e+42 6.3568e+41 1.1053e+42 7.3963e+39 2.0127e+40 1.5524e+40 1.923e+42 9.9962e+39 2.4567e+40 1.0769e+40 1.0001e+40 2.11e+41 1.8538e+41
-2.5 0.5 10000.0 -2.0 2.1589e+42 1.1582e+42 2.0993e+42 6.319e+42 4.0919e+41 1.836e+42 3.3953e+42 5.4182e+42 4.3069e+41 7.8294e+41 1.6671e+39 1.1172e+40 9.6574e+39 9.4986e+41 2.3634e+39 5.8144e+39 3.1278e+39 2.9771e+39 6.5191e+40 5.762e+40
-2.0 0.1 100.0 -1.2 1.4721e+42 1.2332e+42 7.3254e+42 2.205e+43 2.5249e+41 3.878e+41 3.6403e+42 1.1444e+42 3.0047e+41 2.2553e+41 7.2067e+41 1.177e+42 6.4877e+41 4.5072e+42 4.6712e+40 1.1099e+41 3.9001e+40 2.3767e+40 6.7835e+41 4.4463e+41
-2.0 0.1 100.0 -1.4 8.3271e+41 1.0839e+42 4.8256e+42 1.4525e+43 6.2143e+40 2.1106e+41 3.2173e+42 6.2285e+41 1.707e+41 1.3114e+41 3.5147e+41 5.565e+41 3.1747e+41 3.3839e+42 1.6307e+40 3.8389e+40 1.4677e+40 9.6911e+39 2.6428e+41 1.7332e+41
-2.0 0.1 100.0 -1.7 4.0611e+41 8.7175e+41 2.0892e+42 6.2886e+42 1.9842e+40 1.109e+41 2.6293e+42 3.2726e+41 9.3542e+40 7.2841e+40 9.9207e+40 1.6733e+41 9.7177e+40 1.9603e+42 2.9819e+39 6.9358e+39 2.6837e+39 3.1683e+39 5.1961e+40 3.4231e+40
-2.0 0.1 100.0 -2.0 2.1487e+41 6.969e+41 7.3992e+41 2.2272e+42 9.9823e+39 6.1968e+40 2.1497e+42 1.8287e+41 5.375e+40 4.1897e+40 2.9926e+40 4.3788e+40 3.1065e+40 1.0579e+42 6.616e+38 1.5183e+39 5.0309e+38 2.4183e+39 9.3751e+39 6.3956e+39
-2.0 0.1 1000.0 -1.2 2.5536e+42 1.9758e+42 1.4086e+43 4.2398e+43 4.7508e+41 7.3794e+41 5.8194e+42 2.1777e+42 4.2612e+41 4.5877e+41 1.4702e+41 1.193e+42 5.801e+41 5.1947e+42 8.221e+40 1.9482e+41 8.5739e+40 5.4515e+40 1.2919e+42 8.7217e+41
-2.0 0.1 1000.0 -1.4 1.674e+42 1.7902e+42 9.5731e+42 2.8815e+43 1.4415e+41 4.5432e+41 5.3039e+42 1.3407e+42 2.4156e+41 2.8609e+41 3.9842e+40 3.1188e+41 1.5785e+41 3.825e+42 2.7736e+40 6.5535e+40 4.1467e+40 2.759e+40 5.312e+41 3.5944e+41
-2.0 0.1 1000.0 -1.7 9.8267e+41 1.4465e+42 4.4796e+42 1.3484e+43 5.1811e+40 2.9026e+41 4.3336e+42 8.5656e+41 1.4112e+41 1.804e+41 2.3132e+40 4.8764e+40 3.1714e+40 2.1016e+42 4.1061e+39 9.7099e+39 1.2431e+40 1.022e+40 1.0845e+41 7.3746e+40
-2.0 0.1 1000.0 -2.0 5.7759e+41 1.1108e+42 1.8642e+42 5.6111e+42 2.8705e+40 2.0004e+41 3.3631e+42 5.9033e+41 9.7435e+40 1.2616e+41 1.692e+40 2.1873e+40 1.7675e+40 1.0479e+42 6.1809e+38 1.4703e+39 3.2437e+39 4.7838e+39 1.9722e+40 1.3591e+40
-2.0 0.1 10000.0 -1.2 5.4487e+42 2.9266e+42 1.5734e+43 4.736e+43 1.7337e+42 3.0069e+42 8.6544e+42 8.8735e+42 6.4922e+41 1.1556e+42 1.4763e+40 1.214e+41 6.7687e+40 4.8137e+42 4.4038e+40 1.0764e+41 1.8605e+41 1.7207e+41 9.8421e+41 8.7021e+41
-2.0 0.1 10000.0 -1.4 3.8527e+42 2.5436e+42 1.0991e+43 3.3082e+43 7.5263e+41 2.1669e+42 7.5221e+42 6.3946e+42 4.0679e+41 7.6808e+41 1.3297e+40 4.8561e+40 3.0541e+40 3.5431e+42 1.9014e+40 4.6495e+40 9.9499e+40 9.3633e+40 4.6996e+41 4.1915e+41
-2.0 0.1 10000.0 -1.7 2.3953e+42 1.9107e+42 5.3851e+42 1.6209e+43 3.0061e+41 1.5341e+42 5.6561e+42 4.5271e+42 2.5518e+41 5.1119e+41 7.5636e+39 1.7559e+40 1.435e+40 1.925e+42 4.493e+39 1.1011e+40 3.0218e+40 2.9437e+40 1.3218e+41 1.1922e+41
-2.0 0.1 10000.0 -2.0 1.4787e+42 1.364e+42 2.2598e+42 6.802e+42 1.5921e+41 1.125e+42 4.0489e+42 3.32e+42 1.8722e+41 3.8099e+41 1.7165e+39 1.1423e+40 1.0262e+40 9.3892e+41 9.6968e+38 2.382e+39 7.4567e+39 7.6643e+39 3.4619e+40 3.1532e+40
-2.0 0.3 100.0 -1.2 3.4793e+42 6.2694e+41 4.5996e+42 1.3845e+43 1.3392e+42 9.9535e+41 1.841e+42 2.9373e+42 6.0339e+41 4.3617e+41 9.0651e+41 9.3917e+41 6.0995e+41 2.9882e+42 1.0585e+41 2.5721e+41 4.1902e+40 2.4867e+40 1.2638e+42 8.2801e+41
-2.0 0.3 100.0 -1.4 1.7388e+42 5.0654e+41 3.5385e+42 1.0651e+43 5.9521e+41 4.9561e+41 1.4737e+42 1.4625e+42 3.4113e+41 2.4901e+41 4.9474e+41 5.5476e+41 3.6202e+41 2.3628e+42 5.1673e+40 1.2517e+41 2.2108e+40 1.3183e+40 6.4e+41 4.1938e+41
-2.0 0.3 100.0 -1.7 6.3843e+41 3.8446e+41 2.0912e+42 6.2945e+42 1.1487e+41 1.7221e+41 1.1226e+42 5.0818e+41 1.3945e+41 1.0444e+41 1.6624e+41 2.0632e+41 1.3845e+41 1.4826e+42 1.3343e+40 3.2102e+40 6.4529e+39 4.0088e+39 1.8331e+41 1.2017e+41
-2.0 0.3 100.0 -2.0 3.1108e+41 3.1439e+41 1.0755e+42 3.2374e+42 2.2563e+40 8.4139e+40 9.3211e+41 2.4829e+41 6.9274e+40 5.3297e+40 4.5975e+40 6.1525e+40 4.3657e+40 8.5825e+41 2.7219e+39 6.4895e+39 1.5756e+39 1.3034e+39 4.3459e+40 2.8545e+40
-2.0 0.3 1000.0 -1.2 4.2896e+42 1.2712e+42 1.0946e+43 3.2947e+43 1.776e+42 1.4039e+42 3.6933e+42 4.1428e+42 8.9816e+41 8.425e+41 3.041e+41 1.0217e+42 5.2981e+41 4.5658e+42 1.4829e+41 3.5826e+41 6.694e+40 4.1645e+40 1.8482e+42 1.2443e+42
-2.0 0.3 1000.0 -1.4 2.516e+42 1.1489e+42 8.2517e+42 2.4838e+43 7.3455e+41 7.9038e+41 3.3479e+42 2.3324e+42 5.1134e+41 5.0921e+41 9.1544e+40 4.2406e+41 2.1644e+41 3.4686e+42 6.127e+40 1.4762e+41 3.6137e+40 2.2781e+40 8.8878e+41 5.9957e+41
-2.0 0.3 1000.0 -1.7 1.356e+42 9.6948e+41 4.496e+42 1.3533e+43 1.5783e+41 4.0632e+41 2.8583e+42 1.1991e+42 2.3177e+41 2.6334e+41 2.7696e+40 6.841e+40 4.1825e+40 1.9848e+42 1.1428e+40 2.7484e+40 1.3051e+40 8.7795e+39 2.2699e+41 1.5363e+41
-2.0 0.3 1000.0 -2.0 8.4809e+41 7.9207e+41 2.1435e+42 6.4519e+42 6.0714e+40 2.7834e+41 2.3648e+42 8.2137e+41 1.423e+41 1.7588e+41 1.8762e+40 2.2014e+40 1.8241e+40 1.0153e+42 1.8674e+39 4.4996e+39 4.2897e+39 3.5912e+39 5.0614e+40 3.4395e+40
-2.0 0.3 10000.0 -1.2 7.0982e+42 2.5152e+42 1.4554e+43 4.3807e+43 3.6052e+42 4.2397e+42 7.3547e+42 1.2511e+43 1.2909e+42 2.0672e+42 1.5762e+40 1.2617e+41 7.6616e+40 4.7641e+42 6.2202e+40 1.5233e+41 1.1482e+41 1.0455e+41 1.1399e+42 9.9438e+41
-2.0 0.3 10000.0 -1.4 4.9982e+42 2.2175e+42 1.0394e+43 3.1285e+43 1.6887e+42 3.0032e+42 6.494e+42 8.8625e+42 7.7727e+41 1.3206e+42 1.3536e+40 5.1794e+40 3.4211e+40 3.5253e+42 2.7827e+40 6.8182e+40 6.3747e+40 5.8939e+40 5.6728e+41 4.9933e+41
-2.0 0.3 10000.0 -1.7 3.1443e+42 1.7102e+42 5.2781e+42 1.5887e+43 6.2035e+41 2.0248e+42 5.0278e+42 5.9752e+42 4.2998e+41 7.9554e+41 7.4907e+39 1.8027e+40 1.4655e+40 1.9255e+42 6.8992e+39 1.6931e+40 2.0671e+40 1.9635e+40 1.7296e+41 1.5374e+41
-2.0 0.3 10000.0 -2.0 2.0411e+42 1.2531e+42 2.3311e+42 7.0165e+42 3.1365e+41 1.4975e+42 3.6969e+42 4.4191e+42 2.9171e+41 5.6547e+41 1.6946e+39 1.1305e+40 1.0029e+40 9.4295e+41 1.6154e+39 3.9708e+39 5.7369e+39 5.6387e+39 5.1383e+40 4.6012e+40
-2.0 0.5 100.0 -1.2 3.6202e+42 4.5132e+41 2.6076e+42 7.8488e+42 1.4961e+42 1.2684e+42 1.3654e+42 3.7432e+42 7.7272e+41 5.5159e+41 1.1636e+42 8.42e+41 6.326e+41 2.1882e+42 1.0915e+41 2.6718e+41 1.6375e+40 9.6998e+39 1.2099e+42 7.9258e+41
-2.0 0.5 100.0 -1.4 2.0171e+42 3.4011e+41 2.192e+42 6.5979e+42 7.9253e+41 6.9103e+41 9.9904e+41 2.0392e+42 4.5319e+41 3.2561e+41 7.0361e+41 5.5549e+41 4.1766e+41 1.7823e+42 6.7908e+40 1.6603e+41 1.1365e+40 6.7389e+39 7.5235e+41 4.929e+41
-2.0 0.5 100.0 -1.7 7.8732e+41 2.3941e+41 1.53e+42 4.6052e+42 2.3924e+41 2.5385e+41 6.8909e+41 7.491e+41 1.9756e+41 1.4443e+41 2.7314e+41 2.5245e+41 1.8872e+41 1.1816e+42 2.6752e+40 6.5212e+40 5.0027e+39 2.9839e+39 3.0238e+41 1.9814e+41
-2.0 0.5 100.0 -2.0 3.536e+41 1.9015e+41 9.7283e+41 2.9282e+42 5.3708e+40 1.0856e+41 5.5049e+41 3.2036e+41 9.2373e+40 6.9351e+40 8.7078e+40 9.8823e+40 7.3752e+40 7.1886e+41 8.3459e+39 2.0253e+40 1.7214e+39 1.0666e+39 1.0286e+41 6.7426e+40
-2.0 0.5 1000.0 -1.2 4.629e+42 9.4564e+41 7.8091e+42 2.3505e+43 2.1555e+42 1.7952e+42 2.7464e+42 5.2976e+42 1.2255e+42 1.0807e+42 5.8112e+41 9.6993e+41 7.2792e+41 4.0551e+42 1.9817e+41 4.8346e+41 3.432e+40 2.1199e+40 2.1155e+42 1.4215e+42
-2.0 0.5 1000.0 -1.4 2.8319e+42 8.3571e+41 6.4444e+42 1.9398e+43 1.0895e+42 1.0552e+42 2.4102e+42 3.114e+42 7.5876e+41 6.9807e+41 2.2021e+41 4.9026e+41 3.5713e+41 3.1585e+42 1.0156e+41 2.4736e+41 2.119e+40 1.3159e+40 1.1935e+42 8.0329e+41
-2.0 0.5 1000.0 -1.7 1.5051e+42 7.1289e+41 4.0372e+42 1.2152e+43 3.0379e+41 5.3276e+41 2.0701e+42 1.5722e+42 3.557e+41 3.6638e+41 4.4667e+40 1.283e+41 8.9476e+40 1.8674e+42 2.6395e+40 6.4174e+40 9.1795e+39 5.8168e+39 3.952e+41 2.667e+41
-2.0 0.5 1000.0 -2.0 9.4672e+41 6.0499e+41 2.1582e+42 6.4962e+42 9.4694e+40 3.5077e+41 1.7794e+42 1.0351e+42 2.0412e+41 2.3431e+41 2.1474e+40 3.3307e+40 2.7188e+40 9.8075e+41 5.4055e+39 1.3145e+40 3.7203e+39 2.5122e+39 1.0745e+41 7.27e+40
-2.0 0.5 10000.0 -1.2 7.1237e+42 2.1736e+42 1.2537e+43 3.7737e+43 4.2426e+42 4.9708e+42 6.3109e+42 1.4669e+43 1.9357e+42 2.8353e+42 1.8576e+40 1.7971e+41 1.0784e+41 4.6865e+42 8.7876e+40 2.1567e+41 5.6286e+40 5.0395e+40 1.3251e+42 1.1426e+42
-2.0 0.5 10000.0 -1.4 5.1262e+42 1.9415e+42 9.1309e+42 2.7484e+43 2.1688e+42 3.6442e+42 5.6384e+42 1.0754e+43 1.1923e+42 1.8563e+42 1.4315e+40 7.2533e+40 4.5152e+40 3.4868e+42 4.086e+40 1.0031e+41 3.2595e+40 2.9588e+40 6.8504e+41 5.96e+41
-2.0 0.5 10000.0 -1.7 3.2652e+42 1.5357e+42 4.7308e+42 1.424e+43 8.235e+41 2.4715e+42 4.4799e+42 7.2933e+42 6.3927e+41 1.0991e+42 7.5409e+39 2.0456e+40 1.5743e+40 1.917e+42 1.0323e+40 2.5367e+40 1.1053e+40 1.0263e+40 2.1624e+41 1.8994e+41
-2.0 0.5 10000.0 -2.0 2.1455e+42 1.1523e+42 2.1232e+42 6.391e+42 4.0659e+41 1.8179e+42 3.3779e+42 5.3646e+42 4.2706e+41 7.732e+41 1.6866e+39 1.1277e+40 9.7754e+39 9.4362e+41 2.4129e+39 5.9359e+39 3.1817e+39 3.0279e+39 6.629e+40 5.8584e+40
-3.5 0.1 100.0 -1.2 2.8387e+42 2.7129e+42 1.981e+42 5.9628e+42 3.2373e+41 1.4426e+42 8.484e+42 4.2572e+42 1.2898e+42 9.9637e+41 6.0525e+40 1.0062e+41 5.7507e+40 4.447e+42 7.1903e+38 1.7664e+39 2.8788e+39 1.9096e+39 3.1553e+40 2.0706e+40
-3.5 0.1 100.0 -1.4 1.586e+42 2.3927e+42 9.6516e+41 2.9051e+42 1.9394e+41 9.4438e+41 7.5033e+42 2.7869e+42 9.0921e+41 7.0363e+41 4.1266e+40 5.2754e+40 3.4205e+40 3.3977e+42 1.6486e+38 4.0496e+38 6.8264e+38 6.633e+38 7.9998e+39 5.2665e+39
-3.5 0.1 100.0 -1.7 6.2383e+41 1.8131e+42 2.3524e+41 7.0808e+41 8.0852e+40 4.3618e+41 5.7316e+42 1.2872e+42 4.6126e+41 3.577e+41 2.7823e+40 2.7016e+40 2.1206e+40 1.9536e+42 2.4781e+37 6.0849e+37 4.9587e+37 3.566e+38 8.4058e+38 5.7554e+38
-3.5 0.1 100.0 -2.0 2.512e+41 1.3011e+42 4.5935e+40 1.3826e+41 3.0241e+40 1.879e+41 4.1571e+42 5.5448e+41 2.1271e+41 1.6547e+41 1.9407e+40 1.8417e+40 1.5595e+40 1.0111e+42 1.1963e+37 2.9358e+37 2.4525e+36 3.7515e+38 7.2195e+37 7.2564e+37
-3.5 0.1 1000.0 -1.2 5.775e+42 2.7369e+42 4.7783e+42 1.4383e+43 5.7571e+41 2.4247e+42 8.3667e+42 7.1552e+42 1.3606e+42 1.6913e+42 2.8404e+40 1.0515e+41 5.9431e+40 4.3415e+42 4.6967e+39 1.1537e+40 2.3743e+40 1.5114e+40 1.6473e+41 1.1171e+41
-3.5 0.1 1000.0 -1.4 3.8178e+42 2.4122e+42 3.2486e+42 9.7782e+42 3.6831e+41 1.8149e+42 7.3563e+42 5.3559e+42 1.0603e+42 1.333e+42 2.0917e+40 4.0422e+40 2.6981e+40 3.2934e+42 1.7591e+39 4.3203e+39 1.1332e+40 7.4382e+39 6.9914e+40 4.7493e+40
-3.5 0.1 1000.0 -1.7 1.8395e+42 1.8248e+42 1.5628e+42 4.7041e+42 1.716e+41 1.0485e+42 5.5737e+42 3.0941e+42 6.3816e+41 8.1431e+41 1.6062e+40 1.8548e+40 1.5422e+40 1.8722e+42 3.5924e+38 8.8208e+38 3.1965e+39 2.4369e+39 1.6505e+40 1.1254e+40
-3.5 0.1 1000.0 -2.0 8.3673e+41 1.3078e+42 6.7926e+41 2.0446e+42 7.3765e+40 5.6687e+41 4.0145e+42 1.6728e+42 3.5135e+41 4.5568e+41 1.1564e+40 1.3673e+40 1.2223e+40 9.6235e+41 7.747e+37 1.902e+38 8.1311e+38 9.9712e+38 3.6093e+39 2.4854e+39
-3.5 0.1 10000.0 -1.2 5.9815e+42 2.8196e+42 8.0694e+42 2.4289e+43 1.2696e+42 3.6884e+42 8.4276e+42 1.0884e+43 7.7612e+41 1.5147e+42 1.0247e+40 5.3428e+40 3.1653e+40 4.1581e+42 1.7076e+40 4.1981e+40 8.5071e+40 7.927e+40 4.2384e+41 3.771e+41
-3.5 0.1 10000.0 -1.4 4.3827e+42 2.4863e+42 5.9567e+42 1.793e+43 8.3825e+41 2.9553e+42 7.4015e+42 8.7211e+42 6.1765e+41 1.2218e+42 8.7569e+39 2.733e+40 1.881e+40 3.1335e+42 8.4609e+39 2.0802e+40 4.8735e+40 4.6007e+40 2.2623e+41 2.0264e+41
-3.5 0.1 10000.0 -1.7 2.5478e+42 1.8836e+42 3.1831e+42 9.5811e+42 4.3024e+41 1.9589e+42 5.5985e+42 5.7808e+42 4.0842e+41 8.174e+41 3.8556e+39 1.3861e+40 1.1727e+40 1.7506e+42 2.3998e+39 5.902e+39 1.6526e+40 1.6029e+40 7.3552e+40 6.6521e+40
-3.5 0.1 10000.0 -2.0 1.4341e+42 1.352e+42 1.4579e+42 4.3883e+42 2.1414e+41 1.2553e+42 4.025e+42 3.7044e+42 2.5889e+41 5.2242e+41 8.0718e+38 1.0033e+40 8.9111e+39 8.7203e+41 5.8987e+38 1.4516e+39 4.5316e+39 4.6005e+39 2.1545e+40 1.9656e+40
-3.5 0.3 100.0 -1.2 7.6636e+42 2.3953e+42 2.9751e+42 8.955e+42 1.1261e+42 2.9096e+42 7.3237e+42 8.5863e+42 2.7226e+42 2.0698e+42 8.761e+40 1.3459e+41 7.5743e+40 4.3272e+42 2.6773e+39 6.5817e+39 5.1395e+39 3.1312e+39 1.0353e+41 6.7871e+40
-3.5 0.3 100.0 -1.4 5.1679e+42 2.1264e+42 1.8143e+42 5.461e+42 7.3008e+41 2.1633e+42 6.5162e+42 6.384e+42 2.1283e+42 1.6227e+42 5.6974e+40 7.2468e+40 4.4527e+40 3.3018e+42 8.8618e+38 2.1782e+39 1.9451e+39 1.2599e+39 4.2428e+40 2.7824e+40
-3.5 0.3 100.0 -1.7 2.5791e+42 1.6159e+42 6.9345e+41 2.0873e+42 3.6173e+41 1.2345e+42 4.9896e+42 3.6431e+42 1.3032e+42 9.9588e+41 3.3784e+40 3.3274e+40 2.4625e+40 1.8958e+42 1.5279e+38 3.7549e+38 3.7551e+38 3.5674e+38 1.0102e+40 6.6379e+39
-3.5 0.3 100.0 -2.0 1.2298e+42 1.1618e+42 2.2702e+41 6.8334e+41 1.6935e+41 6.5992e+41 3.6189e+42 1.9474e+42 7.3447e+41 5.6248e+41 2.3191e+40 2.0648e+40 1.7358e+40 9.8396e+41 3.1937e+37 7.8464e+37 6.9488e+37 1.9606e+38 2.4142e+39 1.5998e+39
-3.5 0.3 1000.0 -1.2 9.8503e+42 2.4327e+42 5.1827e+42 1.56e+43 1.4546e+42 3.703e+42 7.3115e+42 1.0928e+43 2.3595e+42 2.7341e+42 4.6737e+40 1.6614e+41 9.1427e+40 4.267e+42 9.8665e+39 2.4256e+40 2.0522e+40 1.2906e+40 2.821e+41 1.9077e+41
-3.5 0.3 1000.0 -1.4 7.0751e+42 2.1579e+42 3.7207e+42 1.1199e+43 9.5499e+41 2.8913e+42 6.4814e+42 8.5323e+42 1.8767e+42 2.2169e+42 2.7354e+40 7.3457e+40 4.4276e+40 3.2424e+42 4.4343e+39 1.0899e+40 1.1074e+40 7.0528e+39 1.4307e+41 9.6853e+40
-3.5 0.3 1000.0 -1.7 3.9153e+42 1.6432e+42 1.9668e+42 5.9199e+42 4.8713e+41 1.8093e+42 4.9471e+42 5.3392e+42 1.2099e+42 1.4554e+42 1.8234e+40 2.4133e+40 1.8736e+40 1.8485e+42 1.1404e+39 2.8025e+39 3.858e+39 2.5874e+39 4.4674e+40 3.0296e+40
-3.5 0.3 1000.0 -2.0 2.0666e+42 1.185e+42 9.5382e+41 2.871e+42 2.3878e+41 1.0741e+42 3.5834e+42 3.1698e+42 7.3135e+41 8.9244e+41 1.2805e+40 1.4729e+40 1.3094e+40 9.5273e+41 2.8067e+38 6.8965e+38 1.2449e+39 9.7808e+38 1.2882e+40 8.7583e+39
-3.5 0.3 10000.0 -1.2 8.3195e+42 2.5705e+42 7.9052e+42 2.3795e+43 2.443e+42 5.0133e+42 7.5855e+42 1.4794e+43 1.3359e+42 2.43e+42 1.0701e+40 5.8961e+40 3.5401e+40 4.1522e+42 2.4144e+40 5.9387e+40 5.4907e+40 5.0449e+40 5.2149e+41 4.5771e+41
-3.5 0.3 10000.0 -1.4 6.2753e+42 2.2886e+42 5.9426e+42 1.7887e+43 1.6272e+42 4.0581e+42 6.7411e+42 1.1975e+43 1.0367e+42 1.9315e+42 8.9581e+39 2.9669e+40 2.0275e+40 3.1358e+42 1.2405e+40 3.0514e+40 3.261e+40 3.0308e+40 2.9226e+41 2.5805e+41
-3.5 0.3 10000.0 -1.7 3.8251e+42 1.7568e+42 3.2743e+42 9.8555e+42 8.6442e+41 2.7533e+42 5.1767e+42 8.1251e+42 6.75e+41 1.2892e+42 3.8951e+39 1.4083e+40 1.175e+40 1.7568e+42 3.7276e+39 9.1718e+39 1.1881e+40 1.1276e+40 1.042e+41 9.2726e+40
-3.5 0.3 10000.0 -2.0 2.2753e+42 1.2732e+42 1.5672e+42 4.7174e+42 4.534e+41 1.8213e+42 3.7584e+42 5.3747e+42 4.3563e+41 8.4392e+41 8.1546e+38 9.8562e+39 8.6202e+39 8.7757e+41 1.0052e+39 2.4744e+39 3.6939e+39 3.6072e+39 3.4737e+40 3.1115e+40
-3.5 0.5 100.0 -1.2 1.0025e+43 2.1038e+42 3.3905e+42 1.0206e+43 1.7753e+42 4.0356e+42 6.3235e+42 1.1909e+43 4.0613e+42 3.0521e+42 1.3026e+41 1.7506e+41 1.0219e+41 4.1839e+42 7.47e+39 1.8379e+40 5.3477e+39 3.195e+39 2.1738e+41 1.4247e+41
-3.5 0.5 100.0 -1.4 7.161e+42 1.8735e+42 2.3056e+42 6.9398e+42 1.1615e+42 3.1006e+42 5.6449e+42 9.1497e+42 3.2152e+42 2.4269e+42 8.2796e+40 1.0132e+41 6.194e+40 3.1938e+42 3.2553e+39 8.0084e+39 2.6374e+39 1.5949e+39 1.1007e+41 7.2147e+40
-3.5 0.5 100.0 -1.7 3.912e+42 1.4296e+42 1.0885e+42 3.2764e+42 5.947e+41 1.8851e+42 4.3357e+42 5.5629e+42 2.0378e+42 1.545e+42 4.4128e+40 4.6198e+40 3.2103e+40 1.833e+42 8.4472e+38 2.0777e+39 8.1154e+38 5.2028e+38 3.5811e+40 2.3481e+40
-3.5 0.5 100.0 -2.0 2.0348e+42 1.03e+42 4.5474e+41 1.3688e+42 2.9976e+41 1.0808e+42 3.1508e+42 3.1894e+42 1.2144e+42 9.2316e+41 2.7276e+40 2.5463e+40 2.0415e+40 9.5153e+41 2.206e+38 5.4253e+38 2.4489e+38 1.8999e+38 1.133e+40 7.4367e+39
-3.5 0.5 1000.0 -1.2 1.1129e+43 2.1562e+42 4.939e+42 1.4866e+43 2.0617e+42 4.6989e+42 6.3947e+42 1.3866e+43 3.41e+42 3.7108e+42 7.9279e+40 2.233e+41 1.3123e+41 4.1677e+42 1.8225e+40 4.484e+40 1.3217e+40 8.2504e+39 4.1704e+41 2.8147e+41
-3.5 0.5 1000.0 -1.4 8.2212e+42 1.923e+42 3.6733e+42 1.1057e+43 1.3523e+42 3.708e+42 5.707e+42 1.0942e+43 2.6875e+42 3.0003e+42 4.1928e+40 1.1904e+41 7.2475e+40 3.1736e+42 9.4969e+39 2.3364e+40 7.8791e+39 4.9447e+39 2.3731e+41 1.6029e+41
-3.5 0.5 1000.0 -1.7 4.7456e+42 1.4734e+42 2.0535e+42 6.1811e+42 6.9725e+41 2.3683e+42 4.3875e+42 6.9889e+42 1.7196e+42 1.9739e+42 2.1635e+40 4.1378e+40 2.8891e+40 1.8157e+42 3.1004e+39 7.6265e+39 3.241e+39 2.0705e+39 8.9114e+40 6.0259e+40
-3.5 0.5 1000.0 -2.0 2.6221e+42 1.0688e+42 1.0557e+42 3.1776e+42 3.5752e+41 1.4431e+42 3.198e+42 4.2587e+42 1.0523e+42 1.2307e+42 1.4308e+40 1.852e+40 1.5605e+40 9.3939e+41 9.0955e+38 2.2371e+39 1.2464e+39 8.3512e+38 3.0107e+40 2.0386e+40
-3.5 0.5 10000.0 -1.2 8.5745e+42 2.3359e+42 7.0032e+42 2.1079e+43 2.9908e+42 6.0492e+42 6.8303e+42 1.7851e+43 1.9663e+42 3.3316e+42 1.1724e+40 7.7089e+40 4.4728e+40 4.1191e+42 3.3582e+40 8.2654e+40 2.7542e+40 2.4916e+40 6.1599e+41 5.3442e+41
-3.5 0.5 10000.0 -1.4 6.5819e+42 2.0984e+42 5.3329e+42 1.6052e+43 1.991e+42 4.9279e+42 6.1321e+42 1.4542e+43 1.5075e+42 2.6302e+42 9.375e+39 3.7373e+40 2.4077e+40 3.1195e+42 1.7839e+40 4.3907e+40 1.6948e+40 1.5488e+40 3.5804e+41 3.1232e+41
-3.5 0.5 10000.0 -1.7 4.097e+42 1.6286e+42 2.9798e+42 8.9692e+42 1.0616e+42 3.3732e+42 4.7663e+42 9.9542e+42 9.6507e+41 1.7408e+42 3.9792e+39 1.5121e+40 1.2088e+40 1.754e+42 5.4927e+39 1.3521e+40 6.456e+39 6.0034e+39 1.331e+41 1.1689e+41
-3.5 0.5 10000.0 -2.0 2.4822e+42 1.1943e+42 1.4432e+42 4.3441e+42 5.7514e+41 2.2531e+42 3.5047e+42 6.649e+42 6.1717e+41 1.1367e+42 8.2645e+38 9.6763e+39 8.2566e+39 8.7911e+41 1.4918e+39 3.6736e+39 2.0937e+39 1.9869e+39 4.6011e+40 4.0625e+40
-3.0 0.1 100.0 -1.2 3.1131e+42 2.56e+42 4.2379e+42 1.2756e+43 2.7011e+41 1.1438e+42 7.9122e+42 3.3753e+42 8.1321e+41 6.2935e+41 1.774e+41 3.3066e+41 1.7684e+41 4.9469e+42 3.4759e+39 8.487e+39 1.0078e+40 6.448e+39 1.245e+41 8.1667e+40
-3.0 0.1 100.0 -1.4 1.7873e+42 2.2202e+42 2.1427e+42 6.4495e+42 1.5595e+41 7.5549e+41 6.8891e+42 2.2294e+42 5.795e+41 4.4971e+41 9.3939e+40 1.5193e+41 8.6041e+40 3.723e+42 8.8512e+38 2.1587e+39 2.8622e+39 2.3265e+39 3.5761e+40 2.3502e+40
-3.0 0.1 100.0 -1.7 7.3408e+41 1.6653e+42 5.7879e+41 1.7422e+42 6.7609e+40 3.6107e+41 5.2299e+42 1.0655e+42 3.0495e+41 2.3685e+41 4.2108e+40 5.3448e+40 3.6023e+40 2.1051e+42 1.2362e+38 3.0116e+38 3.3618e+38 1.0377e+39 4.6e+39 3.0833e+39
-3.0 0.1 100.0 -2.0 3.0071e+41 1.1984e+42 1.3527e+41 4.0716e+41 2.6955e+40 1.6159e+41 3.8242e+42 4.7684e+41 1.4639e+41 1.1382e+41 2.5122e+40 2.6371e+40 2.1505e+40 1.0796e+42 4.1172e+37 1.0007e+38 2.9601e+37 1.0064e+39 4.478e+38 3.6613e+38
-3.0 0.1 1000.0 -1.2 5.1671e+42 2.6396e+42 8.3405e+42 2.5105e+43 4.3753e+41 1.7218e+42 8.0003e+42 5.081e+42 7.9217e+41 9.8237e+41 5.4328e+40 3.1359e+41 1.6614e+41 4.8696e+42 1.4303e+40 3.4915e+40 4.6283e+40 2.947e+40 4.2176e+41 2.8562e+41
-3.0 0.1 1000.0 -1.4 3.418e+42 2.2926e+42 5.5819e+42 1.6802e+43 2.6058e+41 1.272e+42 6.935e+42 3.7536e+42 6.1006e+41 7.7158e+41 2.6611e+40 9.3986e+40 5.4799e+40 3.638e+42 5.1171e+39 1.248e+40 2.1591e+40 1.4295e+40 1.7263e+41 1.1713e+41
-3.0 0.1 1000.0 -1.7 1.7075e+42 1.725e+42 2.6452e+42 7.9621e+42 1.2301e+41 7.4762e+41 5.2329e+42 2.2062e+42 3.8115e+41 4.8829e+41 1.8959e+40 2.7956e+40 2.0764e+40 2.0299e+42 9.775e+38 2.3817e+39 6.017e+39 4.8566e+39 3.8786e+40 2.6425e+40
-3.0 0.1 1000.0 -2.0 8.2011e+41 1.2436e+42 1.1382e+42 3.4261e+42 5.4417e+40 4.2033e+41 3.7975e+42 1.2404e+42 2.1969e+41 2.8512e+41 1.403e+40 1.7147e+40 1.4487e+40 1.0271e+42 1.9707e+38 4.8008e+38 1.5297e+39 2.2368e+39 8.0601e+39 5.5568e+39
-3.0 0.1 10000.0 -1.2 5.6689e+42 2.8978e+42 1.2642e+43 3.8053e+43 1.2106e+42 3.099e+42 8.6321e+42 9.1451e+42 5.8491e+41 1.1131e+42 1.3173e+40 9.529e+40 5.377e+40 4.6234e+42 3.1842e+40 7.8044e+40 1.4408e+41 1.3368e+41 7.4155e+41 6.5767e+41
-3.0 0.1 10000.0 -1.4 4.1235e+42 2.5185e+42 9.0842e+42 2.7343e+43 6.8929e+41 2.4413e+42 7.4739e+42 7.2041e+42 4.3776e+41 8.5959e+41 1.1867e+40 4.0889e+40 2.6323e+40 3.4401e+42 1.4611e+40 3.5821e+40 7.9593e+40 7.5007e+40 3.7211e+41 3.3253e+41
-3.0 0.1 10000.0 -1.7 2.486e+42 1.8945e+42 4.6453e+42 1.3982e+43 3.3674e+41 1.6945e+42 5.6174e+42 5.0003e+42 2.9696e+41 5.9791e+41 6.4323e+39 1.63e+40 1.3451e+40 1.8925e+42 3.7278e+39 9.1495e+39 2.5406e+40 2.4718e+40 1.1118e+41 1.004e+41
-3.0 0.1 10000.0 -2.0 1.4757e+42 1.3582e+42 2.0298e+42 6.1096e+42 1.7483e+41 1.1715e+42 4.0362e+42 3.4572e+42 2.0695e+41 4.2033e+41 1.4369e+39 1.0939e+40 9.7696e+39 9.3257e+41 8.4953e+38 2.0881e+39 6.5568e+39 6.7181e+39 3.0474e+40 2.7779e+40
-3.0 0.3 100.0 -1.2 6.3423e+42 1.9566e+42 5.3729e+42 1.6173e+43 9.5703e+41 1.9454e+42 5.9197e+42 5.7408e+42 1.4658e+42 1.1094e+42 2.5718e+41 3.6998e+41 2.1332e+41 4.5531e+42 1.1764e+40 2.8806e+40 1.5086e+40 9.0942e+39 3.1848e+41 2.0877e+41
-3.0 0.3 100.0 -1.4 4.0943e+42 1.6906e+42 3.3252e+42 1.0009e+43 4.9158e+41 1.3608e+42 5.1267e+42 4.0156e+42 1.065e+42 8.1299e+41 1.432e+41 1.9055e+41 1.1283e+41 3.4407e+42 4.0178e+39 9.832e+39 5.9663e+39 3.7412e+39 1.2795e+41 8.3899e+40
-3.0 0.3 100.0 -1.7 2.0152e+42 1.2672e+42 1.3057e+42 3.9302e+42 2.1544e+41 7.5555e+41 3.8809e+42 2.2296e+42 6.3223e+41 4.8543e+41 6.0462e+40 7.0537e+40 4.6093e+40 1.9543e+42 7.2782e+38 1.7793e+39 1.2662e+39 1.0331e+39 2.9487e+40 1.9366e+40
-3.0 0.3 100.0 -2.0 9.7029e+41 9.1498e+41 4.4294e+41 1.3332e+42 1.0345e+41 4.0295e+41 2.8385e+42 1.1891e+42 3.6162e+41 2.778e+41 3.1097e+40 3.0903e+40 2.4404e+40 1.008e+42 1.4474e+38 3.5341e+38 2.6388e+38 5.1265e+38 6.8426e+39 4.5276e+39
-3.0 0.3 1000.0 -1.2 7.6386e+42 2.1079e+42 8.3274e+42 2.5065e+43 1.2038e+42 2.4341e+42 6.2859e+42 7.183e+42 1.3126e+42 1.4716e+42 1.1316e+41 4.2665e+41 2.3269e+41 4.6269e+42 3.0455e+40 7.456e+40 3.9328e+40 2.4662e+40 6.8202e+41 4.6074e+41
-3.0 0.3 1000.0 -1.4 5.265e+42 1.8373e+42 5.9173e+42 1.7811e+43 6.3107e+41 1.7902e+42 5.478e+42 5.2828e+42 9.5556e+41 1.1203e+42 4.4745e+40 1.7469e+41 9.8537e+40 3.4827e+42 1.3211e+40 3.2321e+40 2.0888e+40 1.3284e+40 3.3364e+41 2.2568e+41
-3.0 0.3 1000.0 -1.7 2.8703e+42 1.3982e+42 3.0986e+42 9.3268e+42 2.8366e+41 1.0941e+42 4.1851e+42 3.2286e+42 5.9168e+41 7.2064e+41 2.1917e+40 3.9193e+40 2.7207e+40 1.9659e+42 3.1565e+39 7.7158e+39 7.2566e+39 4.9133e+39 9.7472e+40 6.6072e+40
-3.0 0.3 1000.0 -2.0 1.5384e+42 1.0257e+42 1.4932e+42 4.4946e+42 1.4149e+41 6.5969e+41 3.0899e+42 1.9467e+42 3.6957e+41 4.5602e+41 1.5614e+40 1.8006e+40 1.5277e+40 1.0053e+42 7.0741e+38 1.7282e+39 2.3696e+39 1.9583e+39 2.6102e+40 1.7747e+40
-3.0 0.3 10000.0 -1.2 7.3877e+42 2.5456e+42 1.1983e+43 3.607e+43 2.4498e+42 4.178e+42 7.4875e+42 1.2329e+43 1.0429e+42 1.8144e+42 1.3974e+40 1.0179e+41 6.0855e+40 4.592e+42 4.515e+40 1.1081e+41 9.054e+40 8.2766e+40 8.7459e+41 7.659e+41
-3.0 0.3 10000.0 -1.4 5.4468e+42 2.2458e+42 8.7733e+42 2.6408e+43 1.3817e+42 3.2508e+42 6.5994e+42 9.5931e+42 7.4743e+41 1.3539e+42 1.2132e+40 4.4133e+40 2.9193e+40 3.4299e+42 2.1449e+40 5.2649e+40 5.1817e+40 4.8018e+40 4.5914e+41 4.0493e+41
-3.0 0.3 10000.0 -1.7 3.3854e+42 1.7261e+42 4.6306e+42 1.3938e+43 6.4865e+41 2.2502e+42 5.0791e+42 6.6402e+42 4.7417e+41 9.0051e+41 6.4325e+39 1.6699e+40 1.3657e+40 1.8955e+42 5.7545e+39 1.4135e+40 1.7658e+40 1.6774e+40 1.4915e+41 1.3269e+41
-3.0 0.3 10000.0 -2.0 2.1144e+42 1.2609e+42 2.1189e+42 6.3778e+42 3.4622e+41 1.5932e+42 3.7198e+42 4.7014e+42 3.2331e+41 6.3011e+41 1.4329e+39 1.0787e+40 9.5331e+39 9.3714e+41 1.4241e+39 3.5023e+39 5.1212e+39 5.0266e+39 4.6261e+40 4.1443e+40
-3.0 0.5 100.0 -1.2 7.6557e+42 1.5213e+42 5.3782e+42 1.6188e+43 1.5813e+42 2.5746e+42 4.5189e+42 7.5975e+42 2.1018e+42 1.566e+42 3.9437e+41 4.4203e+41 2.8786e+41 4.179e+42 2.9428e+40 7.2241e+40 1.3294e+40 7.914e+39 5.8735e+41 3.8493e+41
-3.0 0.5 100.0 -1.4 5.1493e+42 1.309e+42 3.717e+42 1.1188e+43 8.3088e+41 1.8209e+42 3.8937e+42 5.3736e+42 1.5286e+42 1.1498e+42 2.2801e+41 2.4976e+41 1.6258e+41 3.1762e+42 1.2892e+40 3.1634e+40 6.5955e+39 3.9571e+39 2.9013e+41 1.9017e+41
-3.0 0.5 100.0 -1.7 2.6789e+42 9.7785e+41 1.7991e+42 5.4154e+42 3.2411e+41 1.0398e+42 2.9307e+42 3.0685e+42 9.0176e+41 6.8525e+41 9.4571e+40 1.0119e+41 6.8239e+40 1.8176e+42 3.3468e+39 8.2066e+39 2.0154e+39 1.2613e+39 9.0589e+40 5.9395e+40
-3.0 0.5 100.0 -2.0 1.3732e+42 7.0638e+41 7.7265e+41 2.3257e+42 1.5215e+41 5.854e+41 2.141e+42 1.7275e+42 5.2797e+41 4.0309e+41 4.2406e+40 4.4631e+40 3.314e+40 9.4313e+41 8.8544e+38 2.1696e+39 6.1559e+38 4.5041e+38 2.8195e+40 1.8503e+40
-3.0 0.5 1000.0 -1.2 8.2811e+42 1.7004e+42 7.4283e+42 2.2359e+43 1.8253e+42 3.0291e+42 4.9961e+42 8.9389e+42 1.9073e+42 1.9722e+42 2.2053e+41 5.1106e+41 3.4181e+41 4.3795e+42 5.4647e+40 1.3412e+41 2.4367e+40 1.5161e+40 9.5844e+41 6.4622e+41
-3.0 0.5 1000.0 -1.4 5.8124e+42 1.4888e+42 5.5331e+42 1.6654e+43 9.7049e+41 2.2205e+42 4.3767e+42 6.5528e+42 1.3591e+42 1.4774e+42 9.1911e+40 2.6242e+41 1.7427e+41 3.3213e+42 2.7755e+40 6.8089e+40 1.4339e+40 8.972e+39 5.3187e+41 3.5897e+41
-3.0 0.5 1000.0 -1.7 3.2512e+42 1.1453e+42 3.1177e+42 9.3841e+42 3.9221e+41 1.3569e+42 3.3837e+42 4.0043e+42 8.0925e+41 9.3017e+41 2.9301e+40 7.7425e+40 5.3114e+40 1.8962e+42 8.5816e+39 2.104e+40 5.905e+39 3.7692e+39 1.9128e+41 1.2929e+41
-3.0 0.5 1000.0 -2.0 1.8025e+42 8.5327e+41 1.6159e+42 4.8639e+42 1.8957e+41 8.3256e+41 2.5386e+42 2.4569e+42 4.9626e+41 5.8771e+41 1.7634e+40 2.5476e+40 2.0559e+40 9.8034e+41 2.3122e+39 5.6669e+39 2.3226e+39 1.57e+39 6.0596e+40 4.1026e+40
-3.0 0.5 10000.0 -1.2 7.4644e+42 2.238e+42 1.0464e+43 3.1496e+43 3.0285e+42 5.0121e+42 6.5192e+42 1.4791e+43 1.5515e+42 2.4931e+42 1.6041e+40 1.4102e+41 8.2733e+40 4.5318e+42 6.3764e+40 1.567e+41 4.4939e+40 4.0415e+40 1.0239e+42 8.8654e+41
-3.0 0.5 10000.0 -1.4 5.5895e+42 1.9998e+42 7.7839e+42 2.343e+43 1.7551e+42 3.9275e+42 5.8244e+42 1.159e+43 1.0952e+42 1.8456e+42 1.2799e+40 5.9959e+40 3.7365e+40 3.3994e+42 3.1407e+40 7.7191e+40 2.6717e+40 2.4322e+40 5.5755e+41 4.8608e+41
-3.0 0.5 10000.0 -1.7 3.5332e+42 1.5677e+42 4.1766e+42 1.2572e+43 8.1849e+41 2.7247e+42 4.5796e+42 8.0406e+42 6.8593e+41 1.2197e+42 6.5216e+39 1.8694e+40 1.4488e+40 1.8887e+42 8.5953e+39 2.1136e+40 9.5015e+39 8.8299e+39 1.8791e+41 1.6514e+41
-3.0 0.5 10000.0 -2.0 2.2423e+42 1.1672e+42 1.9359e+42 5.8271e+42 4.3639e+41 1.9372e+42 3.4227e+42 5.7166e+42 4.6228e+41 8.4877e+41 1.4357e+39 1.0717e+40 9.266e+39 9.3747e+41 2.1255e+39 5.2306e+39 2.8562e+39 2.7172e+39 6.0141e+40 5.3155e+40
-4.5 0.1 100.0 -1.2 8.2648e+41 2.4786e+42 2.3018e+41 6.9284e+41 1.3784e+41 7.4948e+41 7.8992e+42 2.2117e+42 1.0898e+42 8.3882e+41 1.2968e+40 1.3362e+40 1.0233e+40 1.9646e+42 5.6677e+37 1.3966e+38 3.1401e+38 1.9795e+38 2.4316e+39 1.5959e+39
-4.5 0.1 100.0 -1.4 4.9887e+41 2.294e+42 1.2795e+41 3.8513e+41 8.1305e+40 5.0558e+41 7.3192e+42 1.492e+42 7.5782e+41 5.8608e+41 1.2916e+40 1.253e+40 1.0214e+40 1.5093e+42 1.2864e+37 3.1699e+37 8.406e+37 6.4349e+37 6.2365e+38 4.1059e+38
-4.5 0.1 100.0 -1.7 2.2136e+41 1.8107e+42 4.0073e+40 1.2062e+41 3.1335e+40 2.3771e+41 5.7987e+42 7.015e+41 3.7068e+41 2.8878e+41 1.1181e+40 1.1447e+40 9.6178e+39 8.6946e+41 1.5009e+36 3.6984e+36 6.7487e+36 2.1722e+37 5.0805e+37 3.5056e+37
-4.5 0.1 100.0 -2.0 1.0442e+41 1.3261e+42 9.5043e+39 2.8608e+40 1.0758e+40 9.9659e+40 4.2688e+42 2.9409e+41 1.6077e+41 1.2621e+41 7.8898e+39 9.4539e+39 8.0955e+39 4.5001e+41 6.9014e+35 1.7006e+36 2.733e+35 2.0099e+37 2.1886e+36 3.1654e+36
-4.5 0.1 1000.0 -1.2 2.4577e+42 2.4807e+42 5.6305e+41 1.6948e+42 4.2604e+41 1.7028e+42 7.7225e+42 5.025e+42 1.6384e+42 1.9956e+42 9.6225e+39 1.3898e+40 1.0535e+40 1.9564e+42 4.0212e+38 9.9093e+38 2.3932e+39 1.5141e+39 1.4769e+40 1.0022e+40
-4.5 0.1 1000.0 -1.4 1.6932e+42 2.2926e+42 4.0261e+41 1.2119e+42 2.8601e+41 1.3117e+42 7.1386e+42 3.8708e+42 1.264e+42 1.5618e+42 8.6256e+39 1.1692e+40 9.7716e+39 1.5019e+42 1.7235e+38 4.2472e+38 1.2229e+39 7.8694e+38 7.0064e+39 4.7614e+39
-4.5 0.1 1000.0 -1.7 8.4984e+41 1.8059e+42 2.0713e+41 6.2345e+41 1.3705e+41 7.7228e+41 5.631e+42 2.279e+42 7.4067e+41 9.3454e+41 5.4176e+39 1.0091e+40 8.7979e+39 8.6306e+41 4.2351e+37 1.0436e+38 3.7761e+38 2.6181e+38 1.9547e+39 1.332e+39
-4.5 0.1 1000.0 -2.0 3.9695e+41 1.3208e+42 9.5233e+40 2.8665e+41 6.0415e+40 4.1724e+41 4.129e+42 1.2313e+42 3.97e+41 5.1094e+41 2.3142e+39 8.6365e+39 7.5046e+39 4.4531e+41 9.8705e+36 2.4323e+37 1.0285e+38 9.128e+37 4.9216e+38 3.3725e+38
-4.5 0.1 10000.0 -1.2 3.2967e+42 2.4964e+42 9.6696e+41 2.9105e+42 1.2791e+42 2.9879e+42 7.5406e+42 8.8172e+42 1.222e+42 2.3448e+42 1.1679e+39 9.7494e+39 7.306e+39 1.9249e+42 1.499e+39 3.694e+39 8.2568e+39 7.7043e+39 4.5302e+40 4.0421e+40
-4.5 0.1 10000.0 -1.4 2.4815e+42 2.3022e+42 7.3935e+41 2.2254e+42 9.232e+41 2.4455e+42 6.9441e+42 7.2168e+42 9.7695e+41 1.8912e+42 7.5028e+38 8.7513e+39 6.8924e+39 1.4696e+42 8.1092e+38 1.9984e+39 4.9492e+39 4.667e+39 2.6236e+40 2.3552e+40
-4.5 0.1 10000.0 -1.7 1.4314e+42 1.8108e+42 4.1302e+41 1.2432e+42 4.9889e+41 1.5935e+42 5.4637e+42 4.7024e+42 6.104e+41 1.1972e+42 2.3163e+38 7.1766e+39 5.5167e+39 8.3256e+41 2.6147e+38 6.4436e+38 1.8221e+39 1.754e+39 9.6871e+39 8.7709e+39
-4.5 0.1 10000.0 -2.0 7.6609e+41 1.3223e+42 1.9819e+41 5.9656e+41 2.5067e+41 9.6072e+41 3.9975e+42 2.8351e+42 3.5272e+41 7.0038e+41 4.597e+37 5.1033e+39 3.4404e+39 4.1838e+41 7.0832e+37 1.7456e+38 5.4818e+38 5.4576e+38 3.1581e+39 2.8823e+39
-4.5 0.3 100.0 -1.2 5.1729e+42 2.3482e+42 4.3755e+41 1.317e+42 1.3129e+42 3.0082e+42 7.2349e+42 8.8772e+42 5.2287e+42 3.9114e+42 1.4463e+40 1.5127e+40 1.0968e+40 2.0046e+42 2.1312e+38 5.2521e+38 5.5162e+38 3.3311e+38 1.0173e+40 6.6696e+39
-4.5 0.3 100.0 -1.4 3.7734e+42 2.1813e+42 2.9871e+41 8.9912e+41 9.3659e+41 2.4028e+42 6.73e+42 7.0908e+42 4.2184e+42 3.1658e+42 1.4105e+40 1.348e+40 1.0601e+40 1.5435e+42 7.555e+37 1.8618e+38 2.2709e+38 1.4195e+38 4.5312e+39 2.9715e+39
-4.5 0.3 100.0 -1.7 2.0498e+42 1.7281e+42 1.3994e+41 4.2122e+41 4.8973e+41 1.4954e+42 5.3528e+42 4.413e+42 2.6423e+42 1.9933e+42 1.2235e+40 1.209e+40 1.0004e+40 8.9278e+41 1.3106e+37 3.2297e+37 4.7242e+37 3.6569e+37 1.1485e+39 7.5426e+38
-4.5 0.3 100.0 -2.0 1.0263e+42 1.2682e+42 5.725e+40 1.7232e+41 2.3434e+41 8.5543e+41 3.9485e+42 2.5244e+42 1.5126e+42 1.1474e+42 9.0409e+39 1.0527e+40 8.8594e+39 4.6478e+41 2.372e+36 5.8452e+36 8.3485e+36 1.4208e+37 2.7256e+38 1.8004e+38
-4.5 0.3 1000.0 -1.2 7.4037e+42 2.3497e+42 7.1142e+41 2.1414e+42 1.98e+42 3.9925e+42 7.1234e+42 1.1782e+43 5.0314e+42 5.5378e+42 1.0805e+40 1.7071e+40 1.198e+40 1.9862e+42 8.1494e+38 2.0083e+39 2.2687e+39 1.424e+39 3.0648e+40 2.0729e+40
-4.5 0.3 1000.0 -1.4 5.7126e+42 2.1808e+42 5.3878e+41 1.6217e+42 1.461e+42 3.303e+42 6.6129e+42 9.7471e+42 4.131e+42 4.6118e+42 9.473e+39 1.3519e+40 1.0599e+40 1.5262e+42 4.0539e+38 9.99e+38 1.2965e+39 8.2005e+38 1.712e+40 1.1589e+40
-4.5 0.3 1000.0 -1.7 3.4039e+42 1.7259e+42 3.0435e+41 9.161e+41 8.094e+41 2.1823e+42 5.2441e+42 6.4399e+42 2.6734e+42 3.0508e+42 5.9171e+39 1.0793e+40 9.1319e+39 8.7942e+41 1.2256e+38 3.0201e+38 4.8264e+38 3.1375e+38 6.1926e+39 4.198e+39
-4.5 0.3 1000.0 -2.0 1.8853e+42 1.2661e+42 1.5519e+41 4.6713e+41 4.143e+41 1.3361e+42 3.8591e+42 3.9429e+42 1.5937e+42 1.86e+42 2.4865e+39 8.9587e+39 7.5865e+39 4.5533e+41 3.4459e+37 8.4918e+37 1.6297e+38 1.1454e+38 2.0663e+39 1.4031e+39
-4.5 0.3 10000.0 -1.2 6.6742e+42 2.3584e+42 1.0494e+42 3.1587e+42 3.4849e+42 5.1945e+42 6.9974e+42 1.5329e+43 2.9462e+42 5.2247e+42 1.1984e+39 9.8956e+39 7.0852e+39 1.9456e+42 2.2502e+39 5.5454e+39 6.3578e+39 5.8477e+39 7.2125e+40 6.3043e+40
-4.5 0.3 10000.0 -1.4 5.3029e+42 2.1877e+42 8.2135e+41 2.4722e+42 2.6337e+42 4.3858e+42 6.4875e+42 1.2943e+43 2.4133e+42 4.3253e+42 7.6603e+38 8.5394e+39 6.4218e+39 1.4875e+42 1.2783e+39 3.1502e+39 4.0032e+39 3.7151e+39 4.469e+40 3.9265e+40
-4.5 0.3 10000.0 -1.7 3.3172e+42 1.7305e+42 4.7762e+41 1.4376e+42 1.5234e+42 2.9985e+42 5.1354e+42 8.8486e+42 1.5639e+42 2.8502e+42 2.357e+38 6.6509e+39 4.8145e+39 8.4482e+41 4.5108e+38 1.1117e+39 1.6429e+39 1.5478e+39 1.8709e+40 1.6553e+40
-4.5 0.3 10000.0 -2.0 1.9339e+42 1.269e+42 2.417e+41 7.2751e+41 8.1851e+41 1.9043e+42 3.7729e+42 5.6197e+42 9.3675e+41 1.7374e+42 4.6821e+37 4.4389e+39 2.793e+39 4.2589e+41 1.3978e+38 3.4447e+38 5.9024e+38 5.6655e+38 7.199e+39 6.4089e+39
-4.5 0.5 100.0 -1.2 9.1886e+42 2.2056e+42 5.129e+41 1.5438e+42 3.0058e+42 5.1577e+42 6.6672e+42 1.522e+43 1.0276e+43 7.5814e+42 1.6464e+40 1.7365e+40 1.1844e+40 2.0039e+42 5.7655e+38 1.4209e+39 6.2628e+38 3.7342e+38 2.7539e+40 1.8045e+40
-4.5 0.5 100.0 -1.4 7.2349e+42 2.0593e+42 3.785e+41 1.1393e+42 2.2685e+42 4.3007e+42 6.2342e+42 1.2691e+43 8.5815e+42 6.3487e+42 1.5556e+40 1.4839e+40 1.104e+40 1.5432e+42 2.6871e+38 6.6221e+38 3.3574e+38 2.0163e+38 1.5564e+40 1.0198e+40
-4.5 0.5 100.0 -1.7 4.4533e+42 1.6399e+42 2.04e+41 6.1404e+41 1.2993e+42 2.8795e+42 4.9811e+42 8.4974e+42 5.706e+42 4.2398e+42 1.3239e+40 1.2635e+40 1.0112e+40 8.9267e+41 7.4132e+37 1.8269e+38 1.1459e+38 7.0925e+37 5.8185e+39 3.8134e+39
-4.5 0.5 100.0 -2.0 2.549e+42 1.2079e+42 9.8667e+40 2.9699e+41 6.8544e+41 1.7873e+42 3.6831e+42 5.2745e+42 3.4949e+42 2.609e+42 9.9344e+39 1.0992e+40 9.0379e+39 4.6468e+41 1.9355e+37 4.7698e+37 3.6934e+37 2.5076e+37 2.0454e+39 1.3412e+39
-4.5 0.5 1000.0 -1.2 1.0302e+43 2.2079e+42 6.9808e+41 2.1012e+42 3.661e+42 5.8934e+42 6.5961e+42 1.7392e+43 9.0044e+42 9.2222e+42 1.2443e+40 2.0339e+40 1.3373e+40 1.985e+42 1.4114e+39 3.4784e+39 1.54e+39 9.6081e+38 5.1189e+40 3.4509e+40
-4.5 0.5 1000.0 -1.4 8.2736e+42 2.0595e+42 5.4308e+41 1.6347e+42 2.792e+42 4.9801e+42 6.1576e+42 1.4696e+43 7.5074e+42 7.7968e+42 1.0538e+40 1.5867e+40 1.1531e+40 1.5267e+42 7.8219e+38 1.9276e+39 9.6068e+38 6.0158e+38 3.1498e+40 2.1246e+40
-4.5 0.5 1000.0 -1.7 5.2511e+42 1.6399e+42 3.2011e+41 9.6352e+41 1.6289e+42 3.4059e+42 4.9148e+42 1.0051e+43 4.9891e+42 5.294e+42 6.5104e+39 1.1731e+40 9.4013e+39 8.8115e+41 2.7888e+38 6.8728e+38 4.1347e+38 2.6166e+38 1.325e+40 8.9456e+39
-4.5 0.5 1000.0 -2.0 3.1002e+42 1.2079e+42 1.7056e+41 5.1339e+41 8.7786e+41 2.1613e+42 3.631e+42 6.378e+42 3.0586e+42 3.3184e+42 2.7275e+39 9.1991e+39 7.497e+39 4.5703e+41 8.9801e+37 2.2131e+38 1.6313e+38 1.0587e+38 5.105e+39 3.4499e+39
-4.5 0.5 10000.0 -1.2 8.0463e+42 2.2142e+42 9.4806e+41 2.8537e+42 5.1232e+42 6.9239e+42 6.5021e+42 2.0432e+43 5.0101e+42 8.1873e+42 1.2601e+39 1.0369e+40 6.9312e+39 1.9437e+42 3.0336e+39 7.4762e+39 3.4536e+39 3.1225e+39 9.5222e+40 8.1665e+40
-4.5 0.5 10000.0 -1.4 6.5389e+42 2.0653e+42 7.5068e+41 2.2595e+42 3.9575e+42 5.9158e+42 6.0649e+42 1.7457e+43 4.1282e+42 6.8278e+42 7.9462e+38 8.4101e+39 5.88e+39 1.4883e+42 1.7772e+39 4.3798e+39 2.2593e+39 2.0585e+39 6.1367e+40 5.2853e+40
-4.5 0.5 10000.0 -1.7 4.229e+42 1.6447e+42 4.435e+41 1.3349e+42 2.3561e+42 4.1178e+42 4.836e+42 1.2152e+43 2.7024e+42 4.554e+42 2.4193e+38 5.9786e+39 3.9711e+39 8.474e+41 6.4906e+38 1.5996e+39 9.8833e+38 9.1117e+38 2.7269e+40 2.3619e+40
-4.5 0.5 10000.0 -2.0 2.5458e+42 1.2118e+42 2.2807e+41 6.8649e+41 1.3007e+42 2.6615e+42 3.5702e+42 7.8541e+42 1.636e+42 2.8119e+42 4.782e+37 3.6042e+39 2.1245e+39 4.2835e+41 2.0773e+38 5.1196e+38 3.8396e+38 3.5834e+38 1.1156e+40 9.7125e+39
-1.5 0.1 100.0 -1.2 8.1954e+41 6.9938e+41 4.8007e+42 1.445e+43 2.3683e+41 2.2692e+41 2.0193e+42 6.6963e+41 1.8172e+41 1.3408e+41 8.9889e+41 1.1569e+42 6.7744e+41 3.7404e+42 5.8642e+40 1.3807e+41 3.6645e+40 2.2043e+40 5.9263e+41 3.8836e+41
-1.5 0.1 100.0 -1.4 4.1002e+41 6.3797e+41 3.8068e+42 1.1459e+43 5.2947e+40 1.0053e+41 1.8507e+42 2.9666e+41 9.4087e+40 7.0958e+40 4.5051e+41 6.2091e+41 3.7143e+41 2.931e+42 2.5746e+40 5.9795e+40 1.6306e+40 1.0242e+40 2.772e+41 1.8172e+41
-1.5 0.1 100.0 -1.7 2.1233e+41 5.7464e+41 2.2521e+42 6.7789e+42 8.738e+39 4.9052e+40 1.6984e+42 1.4475e+41 4.5333e+40 3.529e+40 1.2347e+41 2.0887e+41 1.179e+41 1.8148e+42 5.8119e+39 1.3185e+40 4.0669e+39 3.5475e+39 7.1121e+40 4.6762e+40
-1.5 0.1 100.0 -2.0 1.3811e+41 5.2574e+41 1.0163e+42 3.0591e+42 4.9341e+39 3.2766e+40 1.5973e+42 9.6693e+40 3.0733e+40 2.3979e+40 3.0484e+40 4.7885e+40 3.3227e+40 1.0389e+42 1.2723e+39 2.8375e+39 1.01e+39 2.4811e+39 1.4459e+40 9.7615e+39
-1.5 0.1 1000.0 -1.2 2.1726e+42 1.8209e+42 1.4927e+43 4.4931e+43 5.6194e+41 6.7328e+41 5.3233e+42 1.9868e+42 4.2974e+41 4.4195e+41 1.643e+41 1.3818e+42 6.6704e+41 5.2197e+42 1.0617e+41 2.4913e+41 9.3741e+40 5.9504e+40 1.4574e+42 9.8341e+41
-1.5 0.1 1000.0 -1.4 1.4015e+42 1.6892e+42 1.0187e+43 3.0663e+43 1.5856e+41 3.8064e+41 4.9814e+42 1.1233e+42 2.2706e+41 2.571e+41 4.1342e+40 3.5519e+41 1.7814e+41 3.8386e+42 3.4451e+40 8.0673e+40 4.5888e+40 3.043e+40 5.9937e+41 4.0543e+41
-1.5 0.1 1000.0 -1.7 8.7032e+41 1.404e+42 4.7206e+42 1.4209e+43 4.4193e+40 2.4372e+41 4.1984e+42 7.1923e+41 1.2104e+41 1.5412e+41 2.3368e+40 5.1278e+40 3.3168e+40 2.1074e+42 4.7387e+39 1.1136e+40 1.3778e+40 1.1206e+40 1.1951e+41 8.1261e+40
-1.5 0.1 1000.0 -2.0 5.4302e+41 1.0957e+42 1.9423e+42 5.8464e+42 2.6065e+40 1.8011e+41 3.3151e+42 5.3149e+41 8.8036e+40 1.14e+41 1.701e+40 2.222e+40 1.7855e+40 1.0497e+42 6.842e+38 1.6217e+39 3.5318e+39 5.1013e+39 2.1281e+40 1.4664e+40
-1.5 0.1 10000.0 -1.2 5.4648e+42 2.9245e+42 1.5859e+43 4.7737e+43 1.8099e+42 3.0387e+42 8.641e+42 8.9671e+42 6.722e+41 1.1879e+42 1.4932e+40 1.2286e+41 6.891e+40 4.8099e+42 4.4653e+40 1.0909e+41 1.8823e+41 1.7405e+41 9.9586e+41 8.803e+41
-1.5 0.1 10000.0 -1.4 3.8483e+42 2.5436e+42 1.1059e+43 3.3287e+43 7.6855e+41 2.1649e+42 7.52e+42 6.3885e+42 4.1156e+41 7.7356e+41 1.3393e+40 4.9576e+40 3.1621e+40 3.5371e+42 1.9202e+40 4.6964e+40 1.004e+41 9.4467e+40 4.7407e+41 4.2275e+41
-1.5 0.1 10000.0 -1.7 2.3934e+42 1.9104e+42 5.4006e+42 1.6256e+43 3.0016e+41 1.529e+42 5.6557e+42 4.5121e+42 2.5427e+41 5.0901e+41 7.574e+39 1.8568e+40 1.4879e+40 1.9182e+42 4.518e+39 1.1072e+40 3.0371e+40 2.9583e+40 1.3285e+41 1.1981e+41
-1.5 0.1 10000.0 -2.0 1.4797e+42 1.3635e+42 2.263e+42 6.8115e+42 1.5884e+41 1.1238e+42 4.0468e+42 3.3163e+42 1.8664e+41 3.7982e+41 1.7155e+39 1.1774e+40 1.0426e+40 9.3538e+41 9.7333e+38 2.3909e+39 7.483e+39 7.6908e+39 3.4755e+40 3.1654e+40
-1.5 0.3 100.0 -1.2 2.8038e+42 3.8057e+41 2.4117e+42 7.2593e+42 1.0388e+42 7.6519e+41 1.1336e+42 2.2581e+42 3.85e+41 2.7685e+41 1.0431e+42 8.4907e+41 5.7757e+41 2.1561e+42 1.0552e+41 2.5629e+41 3.1231e+40 1.8503e+40 1.0851e+42 7.1081e+41
-4.0 0.1 100.0 -1.2 1.8279e+42 2.6502e+42 7.7943e+41 2.3461e+42 2.8545e+41 1.2992e+42 8.3627e+42 3.8338e+42 1.5299e+42 1.177e+42 2.6075e+40 3.1026e+40 2.0847e+40 3.3998e+42 1.9859e+38 4.89e+38 9.7516e+38 6.3431e+38 8.8105e+39 5.7826e+39
-4.0 0.1 100.0 -1.4 1.0435e+42 2.3908e+42 4.0049e+41 1.2055e+42 1.7186e+41 8.6534e+41 7.5524e+42 2.5536e+42 1.0761e+42 8.3037e+41 2.3376e+40 2.2186e+40 1.7054e+40 2.6243e+42 4.3695e+37 1.0759e+38 2.3761e+38 2.1103e+38 2.1588e+39 1.422e+39
-4.0 0.1 100.0 -1.7 4.1617e+41 1.8429e+42 1.0695e+41 3.2191e+41 6.9542e+40 4.0314e+41 5.8474e+42 1.1897e+42 5.3804e+41 4.171e+41 1.9371e+40 1.6872e+40 1.4373e+40 1.5262e+42 6.0877e+36 1.4989e+37 1.6423e+37 9.6674e+37 1.8491e+38 1.2839e+38
-4.0 0.1 100.0 -2.0 1.7197e+41 1.3323e+42 2.1235e+40 6.3917e+40 2.5161e+40 1.7127e+41 4.2555e+42 5.0543e+41 2.4131e+41 1.881e+41 1.3759e+40 1.3069e+40 1.1492e+40 7.9854e+41 3.187e+36 7.8461e+36 6.1938e+35 9.8704e+37 1.1323e+37 1.4636e+37
-4.0 0.1 1000.0 -1.2 4.6327e+42 2.665e+42 2.0378e+42 6.1336e+42 6.2016e+41 2.4952e+42 8.2066e+42 7.3633e+42 1.8486e+42 2.2678e+42 1.7328e+40 3.3914e+40 2.2117e+40 3.3368e+42 1.5347e+39 3.779e+39 8.8432e+39 5.6128e+39 5.562e+40 3.7737e+40
-1.5 0.3 100.0 -1.4 1.3662e+42 3.0331e+41 2.1214e+42 6.3855e+42 5.4644e+41 3.9799e+41 8.78e+41 1.1745e+42 2.335e+41 1.6852e+41 5.9997e+41 5.7121e+41 3.8577e+41 1.8157e+42 6.1146e+40 1.4793e+41 1.9546e+40 1.1605e+40 6.2202e+41 4.075e+41
-4.0 0.1 1000.0 -1.4 3.112e+42 2.3999e+42 1.4226e+42 4.2821e+42 4.0783e+41 1.8915e+42 7.3804e+42 5.5817e+42 1.4298e+42 1.7757e+42 1.5403e+40 1.946e+40 1.5264e+40 2.5649e+42 6.2454e+38 1.5378e+39 4.4095e+39 2.8615e+39 2.5219e+40 1.7138e+40
-4.0 0.1 1000.0 -1.7 1.5095e+42 1.8465e+42 7.0826e+41 2.1318e+42 1.9118e+41 1.0963e+42 5.6895e+42 3.2352e+42 8.416e+41 1.0648e+42 1.1613e+40 1.3389e+40 1.1897e+40 1.4831e+42 1.4271e+38 3.5138e+38 1.3157e+39 9.4485e+38 6.5485e+39 4.464e+39
-4.0 0.1 1000.0 -2.0 6.8449e+41 1.3303e+42 3.1709e+41 9.5444e+41 8.2587e+40 5.8834e+41 4.1138e+42 1.7362e+42 4.5319e+41 5.8451e+41 7.198e+39 1.1088e+40 1.0074e+40 7.718e+41 3.2253e+37 7.9414e+37 3.5007e+38 3.4953e+38 1.5525e+39 1.0658e+39
-4.0 0.1 10000.0 -1.2 5.2884e+42 2.6945e+42 3.5213e+42 1.0599e+43 1.4681e+42 3.8885e+42 8.0863e+42 1.1475e+43 1.1149e+42 2.162e+42 4.9397e+39 2.193e+40 1.48e+40 3.2293e+42 6.1144e+39 1.5059e+40 3.2269e+40 3.0139e+40 1.6516e+41 1.4726e+41
-4.0 0.1 10000.0 -1.4 3.9142e+42 2.423e+42 2.653e+42 7.9856e+42 1.0243e+42 3.1392e+42 7.2483e+42 9.2637e+42 8.9402e+41 1.7477e+42 3.5054e+39 1.5115e+40 1.1683e+40 2.4642e+42 3.2205e+39 7.9316e+39 1.9085e+40 1.8026e+40 9.2969e+40 8.3414e+40
-4.0 0.1 10000.0 -1.7 2.24e+42 1.8635e+42 1.4561e+42 4.3828e+42 5.3576e+41 2.0358e+42 5.5693e+42 6.0078e+42 5.6724e+41 1.1211e+42 1.1866e+39 1.0647e+40 9.1072e+39 1.3972e+42 9.9934e+38 2.4614e+39 6.8437e+39 6.6114e+39 3.2792e+40 2.9685e+40
-4.0 0.1 10000.0 -2.0 1.2136e+42 1.3431e+42 6.8667e+41 2.0669e+42 2.641e+41 1.2436e+42 4.0197e+42 3.6698e+42 3.3588e+41 6.7098e+41 2.3877e+38 8.2283e+39 6.9641e+39 7.0355e+41 2.6276e+38 6.4728e+38 1.9939e+39 2.0004e+39 1.0268e+40 9.3713e+39
-4.0 0.3 100.0 -1.2 7.3886e+42 2.4774e+42 1.3492e+42 4.0611e+42 1.419e+42 3.4786e+42 7.6056e+42 1.0265e+43 4.4504e+42 3.3591e+42 3.2402e+40 4.053e+40 2.5578e+40 3.3919e+42 7.6326e+38 1.8798e+39 1.7857e+39 1.0852e+39 3.5216e+40 2.3086e+40
-4.0 0.3 100.0 -1.4 5.1776e+42 2.2461e+42 8.6425e+41 2.6014e+42 9.8448e+41 2.6843e+42 6.9034e+42 7.9213e+42 3.5568e+42 2.6909e+42 2.7345e+40 2.7186e+40 1.956e+40 2.6171e+42 2.5547e+38 6.2916e+38 6.9763e+38 4.4612e+38 1.5072e+40 9.8833e+39
-4.0 0.3 100.0 -1.7 2.687e+42 1.739e+42 3.6134e+41 1.0876e+42 5.0318e+41 1.5996e+42 5.3713e+42 4.7206e+42 2.2049e+42 1.6741e+42 2.1695e+40 1.8721e+40 1.5503e+40 1.5241e+42 4.2131e+37 1.0375e+38 1.3604e+38 1.1965e+38 3.7075e+39 2.4353e+39
-1.5 0.3 100.0 -1.7 4.2104e+41 2.4362e+41 1.6288e+42 4.9028e+42 1.3669e+41 1.2212e+41 6.9917e+41 3.6039e+41 9.9743e+40 7.3119e+40 2.0522e+41 2.4712e+41 1.6695e+41 1.2729e+42 2.121e+40 5.0816e+40 7.0158e+39 4.2522e+39 2.1656e+41 1.4193e+41
-4.0 0.3 100.0 -2.0 1.3047e+42 1.2578e+42 1.3187e+41 3.9694e+41 2.3521e+41 8.843e+41 3.9077e+42 2.6096e+42 1.2492e+42 9.5258e+41 1.6328e+40 1.4795e+40 1.2934e+40 7.9935e+41 8.2758e+36 2.038e+37 2.3915e+37 5.7499e+37 8.8248e+38 5.8379e+38
-4.0 0.3 1000.0 -1.2 1.0041e+43 2.4869e+42 2.3778e+42 7.1572e+42 1.9291e+42 4.5111e+42 7.5061e+42 1.3312e+43 3.9701e+42 4.5102e+42 2.1922e+40 5.0328e+40 3.0419e+40 3.3403e+42 3.1243e+39 7.6948e+39 7.9297e+39 4.9846e+39 1.0369e+41 7.0129e+40
-4.0 0.3 1000.0 -1.4 7.4798e+42 2.2533e+42 1.7526e+42 5.2753e+42 1.3688e+42 3.6323e+42 6.7969e+42 1.0719e+43 3.237e+42 3.7252e+42 1.7754e+40 2.8343e+40 1.9856e+40 2.5683e+42 1.4865e+39 3.6609e+39 4.4183e+39 2.8047e+39 5.5407e+40 3.7509e+40
-4.0 0.3 1000.0 -1.7 4.2801e+42 1.7423e+42 9.5659e+41 2.8793e+42 7.2938e+41 2.3302e+42 5.264e+42 6.8764e+42 2.0888e+42 2.4488e+42 1.2974e+40 1.5601e+40 1.3276e+40 1.4856e+42 4.1841e+38 1.0304e+39 1.5919e+39 1.0488e+39 1.868e+40 1.2665e+40
-4.0 0.3 1000.0 -2.0 2.3004e+42 1.2613e+42 4.7452e+41 1.4283e+42 3.6151e+41 1.398e+42 3.8235e+42 4.1254e+42 1.2448e+42 1.4877e+42 7.8547e+39 1.1894e+40 1.0676e+40 7.7427e+41 1.1045e+38 2.7201e+38 5.2221e+38 3.8401e+38 5.7847e+39 3.9301e+39
-4.0 0.3 10000.0 -1.2 8.5077e+42 2.5206e+42 3.6128e+42 1.0874e+43 3.1485e+42 5.7742e+42 7.4549e+42 1.704e+43 2.1024e+42 3.8263e+42 5.0883e+39 2.391e+40 1.5734e+40 3.2436e+42 8.7942e+39 2.1662e+40 2.2295e+40 2.054e+40 2.2488e+41 1.9719e+41
-4.0 0.3 10000.0 -1.4 6.5782e+42 2.2853e+42 2.7772e+42 8.3594e+42 2.2742e+42 4.7742e+42 6.7491e+42 1.4089e+43 1.7044e+42 3.1392e+42 3.5792e+39 1.5847e+40 1.1911e+40 2.478e+42 4.8252e+39 1.1885e+40 1.3725e+40 1.2769e+40 1.3389e+41 1.1805e+41
-4.0 0.3 10000.0 -1.7 4.0237e+42 1.7702e+42 1.5778e+42 4.7493e+42 1.2614e+42 3.2173e+42 5.2286e+42 9.4941e+42 1.1108e+42 2.0768e+42 1.2055e+39 1.0527e+40 8.8227e+39 1.4078e+42 1.6094e+39 3.9645e+39 5.3643e+39 5.0772e+39 5.2518e+40 4.6638e+40
-4.0 0.3 10000.0 -2.0 2.3331e+42 1.2833e+42 7.8065e+41 2.3498e+42 6.6161e+41 2.0465e+42 3.7966e+42 6.0392e+42 6.8004e+41 1.2886e+42 2.4292e+38 7.8962e+39 6.4753e+39 7.1073e+41 4.736e+38 1.1668e+39 1.8104e+39 1.7528e+39 1.8981e+40 1.6963e+40
-4.0 0.5 100.0 -1.2 1.0918e+43 2.2971e+42 1.5892e+42 4.7836e+42 2.5056e+42 5.2373e+42 6.9348e+42 1.5455e+43 7.2395e+42 5.4076e+42 4.1896e+40 5.3018e+40 3.2065e+40 3.3539e+42 2.1594e+39 5.3193e+39 1.9845e+39 1.1853e+39 8.2451e+40 5.4032e+40
-1.5 0.3 100.0 -2.0 1.8622e+41 2.2448e+41 1.0746e+42 3.2346e+42 1.8443e+40 4.755e+40 6.5598e+41 1.4032e+41 4.3217e+40 3.2833e+40 5.0228e+40 7.2515e+40 5.0287e+40 8.0617e+41 4.8531e+39 1.1473e+40 1.9993e+39 1.4498e+39 5.8017e+40 3.8073e+40
-4.0 0.5 100.0 -1.4 8.2008e+42 2.0948e+42 1.1191e+42 3.3685e+42 1.8134e+42 4.2089e+42 6.3343e+42 1.242e+43 5.9499e+42 4.4561e+42 3.3337e+40 3.5339e+40 2.3713e+40 2.5859e+42 9.6572e+38 2.3789e+39 1.016e+39 6.1306e+38 4.4033e+40 2.8858e+40
-4.0 0.5 100.0 -1.7 4.7498e+42 1.6289e+42 5.6069e+41 1.6877e+42 9.9221e+41 2.6895e+42 4.9462e+42 7.9368e+42 3.8913e+42 2.9252e+42 2.4606e+40 2.2106e+40 1.7246e+40 1.5031e+42 2.5304e+38 6.233e+38 3.2513e+38 2.0548e+38 1.5218e+40 9.9757e+39
-4.0 0.5 100.0 -2.0 2.5843e+42 1.1824e+42 2.5056e+41 7.5418e+41 5.0573e+41 1.6052e+42 3.6094e+42 4.737e+42 2.3517e+42 1.7747e+42 1.8234e+40 1.6367e+40 1.3943e+40 7.8834e+41 6.4133e+37 1.5797e+38 9.8809e+37 7.2423e+37 4.9666e+39 3.2582e+39
-4.0 0.5 1000.0 -1.2 1.2248e+43 2.3116e+42 2.3106e+42 6.955e+42 2.9262e+42 6.0477e+42 6.888e+42 1.7847e+43 6.0764e+42 6.5134e+42 2.9348e+40 6.795e+40 3.9802e+40 3.3148e+42 5.6027e+39 1.3802e+40 5.2154e+39 3.257e+39 1.5932e+41 1.075e+41
-4.0 0.5 1000.0 -1.4 9.4469e+42 2.1055e+42 1.7543e+42 5.2804e+42 2.1436e+42 4.9572e+42 6.2766e+42 1.4629e+43 4.9932e+42 5.4335e+42 2.1607e+40 4.1237e+40 2.6595e+40 2.5507e+42 3.0183e+39 7.4351e+39 3.181e+39 1.9955e+39 9.418e+40 6.3587e+40
-4.0 0.5 1000.0 -1.7 5.7097e+42 1.6373e+42 1.0028e+42 3.0184e+42 1.1917e+42 3.2752e+42 4.8925e+42 9.6652e+42 3.2805e+42 3.6441e+42 1.4599e+40 2.0562e+40 1.5967e+40 1.4773e+42 1.0302e+39 2.5377e+39 1.3286e+39 8.451e+38 3.7231e+40 2.5162e+40
-4.0 0.5 1000.0 -2.0 3.2457e+42 1.1896e+42 5.227e+41 1.5733e+42 6.1879e+41 2.0278e+42 3.5672e+42 5.9841e+42 2.0037e+42 2.2704e+42 8.6798e+39 1.3297e+40 1.1534e+40 7.7103e+41 3.1737e+38 7.8179e+38 5.1103e+38 3.3675e+38 1.3357e+40 9.0377e+39
-4.0 0.5 10000.0 -1.2 9.2694e+42 2.3525e+42 3.2332e+42 9.732e+42 3.9379e+42 7.2021e+42 6.896e+42 2.1254e+43 3.1784e+42 5.4053e+42 5.3955e+39 2.8464e+40 1.7862e+40 3.2344e+42 1.1972e+40 2.9496e+40 1.1474e+40 1.0409e+40 2.7474e+41 2.3758e+41
-4.0 0.5 10000.0 -1.4 7.3099e+42 2.1459e+42 2.5138e+42 7.5665e+42 2.9174e+42 6.0143e+42 6.2865e+42 1.7748e+43 2.5655e+42 4.4335e+42 3.7181e+39 1.7797e+40 1.2667e+40 2.4748e+42 6.7737e+39 1.6688e+40 7.3092e+39 6.688e+39 1.6955e+41 1.473e+41
-4.0 0.5 10000.0 -1.7 4.587e+42 1.6741e+42 1.4486e+42 4.3602e+42 1.6799e+42 4.1079e+42 4.9088e+42 1.2122e+43 1.6683e+42 2.941e+42 1.2358e+39 1.0575e+40 8.5176e+39 1.4095e+42 2.3246e+39 5.7273e+39 3.0031e+39 2.787e+39 6.9747e+40 6.0962e+40
-1.5 0.3 1000.0 -1.2 4.0944e+42 1.1554e+42 1.1005e+43 3.3124e+43 1.9303e+42 1.3858e+42 3.3402e+42 4.0896e+42 9.0924e+41 8.3605e+41 3.367e+41 1.1162e+42 5.7562e+41 4.5383e+42 1.8022e+41 4.3404e+41 7.0902e+40 4.4047e+40 2.0346e+42 1.369e+42
-4.0 0.5 10000.0 -2.0 2.7269e+42 1.2211e+42 7.2633e+41 2.1862e+42 9.1246e+41 2.6492e+42 3.5879e+42 7.8177e+42 1.0255e+42 1.8384e+42 2.477e+38 7.4321e+39 5.8071e+39 7.1345e+41 6.9761e+38 1.7189e+39 1.0725e+39 1.0113e+39 2.6454e+40 2.3244e+40
-1.5 0.3 1000.0 -1.4 2.3055e+42 1.0657e+42 8.444e+42 2.5416e+43 8.3878e+41 7.5718e+41 3.0919e+42 2.2344e+42 5.2624e+41 5.0614e+41 9.8588e+40 4.6388e+41 2.3496e+41 3.458e+42 7.2916e+40 1.751e+41 3.8378e+40 2.4153e+40 9.7609e+41 6.5818e+41
-1.5 0.3 1000.0 -1.7 1.2188e+42 9.2818e+41 4.6281e+42 1.393e+43 1.6887e+41 3.6414e+41 2.7302e+42 1.0746e+42 2.2276e+41 2.4554e+41 2.7983e+40 7.1671e+40 4.35e+40 1.9856e+42 1.2799e+40 3.0699e+40 1.3858e+40 9.2995e+39 2.4306e+41 1.6448e+41
-1.5 0.3 1000.0 -2.0 7.9044e+41 7.7367e+41 2.1966e+42 6.6119e+42 5.6081e+40 2.5324e+41 2.3076e+42 7.473e+41 1.3081e+41 1.6096e+41 1.8838e+40 2.2198e+40 1.8327e+40 1.0163e+42 2.0042e+39 4.8209e+39 4.5121e+39 3.7668e+39 5.2958e+40 3.5986e+40
-1.5 0.3 10000.0 -1.2 7.1327e+42 2.5131e+42 1.4653e+43 4.4107e+43 3.768e+42 4.2961e+42 7.3447e+42 1.2678e+43 1.3563e+42 2.1528e+42 1.5945e+40 1.2785e+41 7.8063e+40 4.7596e+42 6.3006e+40 1.5429e+41 1.1597e+41 1.0557e+41 1.1525e+42 1.005e+42
-1.5 0.3 10000.0 -1.4 4.9934e+42 2.2157e+42 1.045e+43 3.1455e+43 1.7355e+42 3.0119e+42 6.4868e+42 8.888e+42 7.973e+41 1.3451e+42 1.3625e+40 5.2986e+40 3.5218e+40 3.519e+42 2.8106e+40 6.886e+40 6.4275e+40 5.9417e+40 5.7181e+41 5.0323e+41
-1.5 0.3 10000.0 -1.7 3.1387e+42 1.7084e+42 5.2944e+42 1.5936e+43 6.2268e+41 2.0194e+42 5.0223e+42 5.9591e+42 4.3055e+41 7.9485e+41 7.4963e+39 1.8877e+40 1.5054e+40 1.9191e+42 6.9431e+39 1.7038e+40 2.0785e+40 1.974e+40 1.7384e+41 1.5451e+41
-1.5 0.3 10000.0 -2.0 2.04e+42 1.2518e+42 2.3343e+42 7.0263e+42 3.1295e+41 1.4949e+42 3.693e+42 4.4116e+42 2.9101e+41 5.6385e+41 1.6927e+39 1.1576e+40 1.0154e+40 9.3935e+41 1.6219e+39 3.9869e+39 5.7582e+39 5.659e+39 5.1565e+40 4.6171e+40
-1.5 0.5 100.0 -1.2 2.8129e+42 3.1334e+41 1.275e+42 3.8378e+42 1.0546e+42 9.4851e+41 9.893e+41 2.7991e+42 4.9091e+41 3.4991e+41 1.2153e+42 7.1463e+41 5.2954e+41 1.5257e+42 8.4609e+40 2.0707e+41 8.8022e+39 5.211e+39 8.8929e+41 5.8246e+41
-1.5 0.5 100.0 -1.4 1.5592e+42 2.2902e+41 1.1828e+42 3.5602e+42 6.238e+41 5.4608e+41 6.9026e+41 1.6115e+42 2.9902e+41 2.1354e+41 7.7532e+41 5.29e+41 3.9466e+41 1.3218e+42 5.9493e+40 1.4542e+41 7.1785e+39 4.2521e+39 6.114e+41 4.005e+41
-1.5 0.5 100.0 -1.7 5.7286e+41 1.6206e+41 1.0447e+42 3.1446e+42 2.2557e+41 2.0003e+41 4.6509e+41 5.903e+41 1.3848e+41 9.99e+40 3.1582e+41 2.7215e+41 2.0533e+41 9.833e+41 3.0393e+40 7.4017e+40 4.2872e+39 2.548e+39 2.9736e+41 1.9482e+41
-1.5 0.5 100.0 -2.0 2.3477e+41 1.3857e+41 8.4046e+41 2.5298e+42 5.6977e+40 7.407e+40 3.9667e+41 2.1858e+41 6.6925e+40 4.9397e+40 9.7304e+40 1.1039e+41 8.2974e+40 6.6151e+41 1.1485e+40 2.78e+40 1.7692e+39 1.0786e+39 1.1597e+41 7.6008e+40
-1.5 0.5 1000.0 -1.2 4.4094e+42 8.7169e+41 7.5761e+42 2.2804e+43 2.1864e+42 1.7649e+42 2.5339e+42 5.2084e+42 1.1643e+42 1.018e+42 6.3435e+41 1.032e+42 7.7027e+41 4.0002e+42 2.2468e+41 5.4751e+41 3.4551e+40 2.1321e+40 2.2448e+42 1.5076e+42
-1.5 0.5 1000.0 -1.4 2.6361e+42 7.7767e+41 6.4198e+42 1.9324e+43 1.1506e+42 1.0188e+42 2.2386e+42 3.0064e+42 7.4189e+41 6.6998e+41 2.3692e+41 5.2032e+41 3.7756e+41 3.134e+42 1.1536e+41 2.806e+41 2.1725e+40 1.3478e+40 1.2754e+42 8.581e+41
-1.5 0.5 1000.0 -1.7 1.3805e+42 6.8015e+41 4.098e+42 1.2335e+43 3.2732e+41 4.9314e+41 1.9712e+42 1.4553e+42 3.5325e+41 3.5317e+41 4.5876e+40 1.3284e+41 9.2102e+40 1.8644e+42 2.8906e+40 7.0195e+40 9.5011e+39 6.0149e+39 4.1663e+41 2.8111e+41
-1.5 0.5 1000.0 -2.0 8.8656e+41 5.8902e+41 2.1936e+42 6.6028e+42 9.3102e+40 3.2399e+41 1.7306e+42 9.5608e+41 1.9293e+41 2.1913e+41 2.157e+40 3.3632e+40 2.7423e+40 9.8108e+41 5.6975e+39 1.3844e+40 3.8395e+39 2.5912e+39 1.1101e+41 7.5109e+40
-1.5 0.5 10000.0 -1.2 7.1513e+42 2.1718e+42 1.2616e+43 3.7973e+43 4.4142e+42 5.0178e+42 6.3047e+42 1.4807e+43 2.016e+42 2.9314e+42 1.878e+40 1.8223e+41 1.0947e+41 4.682e+42 8.8975e+40 2.1836e+41 5.6783e+40 5.0828e+40 1.3389e+42 1.1541e+42
-1.5 0.5 10000.0 -1.4 5.1231e+42 1.9395e+42 9.1764e+42 2.7621e+43 2.2301e+42 3.6528e+42 5.632e+42 1.0779e+43 1.2324e+42 1.9001e+42 1.4392e+40 7.3954e+40 4.5954e+40 3.4808e+42 4.1222e+40 1.0119e+41 3.2818e+40 2.9787e+40 6.8988e+41 6.0011e+41
-1.5 0.5 10000.0 -1.7 3.2607e+42 1.5332e+42 4.7437e+42 1.4279e+43 8.2992e+41 2.4672e+42 4.4725e+42 7.2807e+42 6.4266e+41 1.1014e+42 7.5396e+39 2.1074e+40 1.6043e+40 1.9103e+42 1.0384e+40 2.5516e+40 1.1108e+40 1.0312e+40 2.1726e+41 1.9082e+41
-1.5 0.5 10000.0 -2.0 2.144e+42 1.1502e+42 2.124e+42 6.3931e+42 4.0639e+41 1.8151e+42 3.3716e+42 5.3563e+42 4.2673e+41 7.7185e+41 1.6799e+39 1.1457e+40 9.8569e+39 9.392e+41 2.4194e+39 5.952e+39 3.1888e+39 3.0344e+39 6.6457e+40 5.8728e+40
-5.0 0.1 100.0 -1.2 3.2089e+41 2.2875e+42 4.9291e+40 1.4837e+41 2.7499e+40 2.3467e+41 7.476e+42 6.9252e+41 3.6067e+41 2.8106e+41 4.3818e+39 7.0013e+39 5.2278e+39 8.0863e+41 1.2518e+37 3.0852e+37 7.2127e+37 4.4967e+37 5.4626e+38 3.585e+38
-5.0 0.1 100.0 -1.4 2.2817e+41 2.167e+42 2.8656e+40 8.6253e+40 1.567e+40 1.5874e+41 7.0973e+42 4.6844e+41 2.4575e+41 1.9269e+41 4.4158e+39 7.3705e+39 5.6208e+39 6.1156e+41 2.9576e+36 7.2894e+36 2.0277e+37 1.4724e+37 1.4774e+38 9.7221e+37
-5.0 0.1 100.0 -1.7 1.3124e+41 1.7489e+42 9.7793e+39 2.9436e+40 5.7183e+39 7.4679e+40 5.7523e+42 2.2038e+41 1.1634e+41 9.2079e+40 3.7478e+39 7.1128e+39 5.4835e+39 3.4317e+41 3.2298e+35 7.9603e+35 1.7792e+36 4.3271e+36 1.3097e+37 8.9486e+36
-5.0 0.1 100.0 -2.0 7.6739e+40 1.2987e+42 2.619e+39 7.8832e+39 1.8756e+39 3.1337e+40 4.2938e+42 9.2475e+40 4.9022e+40 3.9159e+40 2.5327e+39 6.1133e+39 4.7503e+39 1.7289e+41 1.2899e+35 3.179e+35 8.2908e+34 3.7151e+36 6.5044e+35 7.8039e+35
-5.0 0.1 1000.0 -1.2 8.5835e+41 2.2921e+42 1.1338e+41 3.4127e+41 1.5003e+41 7.045e+41 7.2988e+42 2.079e+42 7.9155e+41 9.8102e+41 3.0474e+39 7.2251e+39 5.4109e+39 8.2314e+41 8.1838e+37 2.017e+38 4.9763e+38 3.1438e+38 3.117e+39 2.1151e+39
-5.0 0.1 1000.0 -1.4 6.1935e+41 2.1687e+42 8.2239e+40 2.4754e+41 1.025e+41 5.5027e+41 6.9085e+42 1.6238e+42 6.1328e+41 7.7086e+41 2.5256e+39 7.3101e+39 5.6451e+39 6.2283e+41 3.5812e+37 8.8263e+37 2.5686e+38 1.6476e+38 1.5109e+39 1.0267e+39
-5.0 0.1 1000.0 -1.7 3.3579e+41 1.75e+42 4.3106e+40 1.2975e+41 5.0306e+40 3.2878e+41 5.5848e+42 9.7022e+41 3.6103e+41 4.6285e+41 1.3021e+39 6.7662e+39 5.2031e+39 3.4972e+41 9.0137e+36 2.2215e+37 8.0083e+37 5.4861e+37 4.3426e+38 2.9587e+38
-5.0 0.1 1000.0 -2.0 1.716e+41 1.2995e+42 2.0158e+40 6.0674e+40 2.266e+40 1.7929e+41 4.1582e+42 5.2908e+41 1.9378e+41 2.5293e+41 4.6921e+38 5.563e+39 4.0324e+39 1.7612e+41 2.1238e+36 5.2344e+36 2.1965e+37 1.8733e+37 1.1236e+38 7.6948e+37
-5.0 0.1 10000.0 -1.2 1.3533e+42 2.2925e+42 1.9422e+41 5.846e+41 6.6763e+41 1.5447e+42 7.0456e+42 4.5585e+42 8.1211e+41 1.5694e+42 2.1554e+38 4.441e+39 2.7829e+39 8.3057e+41 2.915e+38 7.1845e+38 1.6707e+39 1.5567e+39 9.6677e+39 8.6313e+39
-5.0 0.1 10000.0 -1.4 1.0446e+42 2.1671e+42 1.5002e+41 4.5156e+41 4.9928e+41 1.2882e+42 6.6587e+42 3.8016e+42 6.5751e+41 1.2816e+42 1.3561e+38 4.1722e+39 2.5445e+39 6.2711e+41 1.5894e+38 3.9173e+38 1.0051e+39 9.4631e+38 5.6732e+39 5.095e+39
-5.0 0.1 10000.0 -1.7 6.2072e+41 1.7469e+42 8.4991e+40 2.5582e+41 2.8285e+41 8.5524e+41 5.3715e+42 2.5238e+42 4.1761e+41 8.2364e+41 4.0977e+37 2.9232e+39 1.6623e+39 3.4924e+41 5.1747e+37 1.2754e+38 3.7273e+38 3.5806e+38 2.1414e+39 1.9393e+39
-5.0 0.1 10000.0 -2.0 3.4061e+41 1.2961e+42 4.1506e+40 1.2493e+41 1.4827e+41 5.2122e+41 3.9909e+42 1.5381e+42 2.4449e+41 4.8713e+41 8.0692e+36 1.5357e+39 8.2247e+38 1.7292e+41 1.4184e+37 3.4959e+37 1.1386e+38 1.1296e+38 7.1764e+38 6.5494e+38
-5.0 0.3 100.0 -1.2 2.2755e+42 2.1753e+42 9.811e+40 2.9531e+41 6.7577e+41 1.6704e+42 6.8063e+42 4.9294e+42 3.6368e+42 2.7108e+42 4.6648e+39 6.9626e+39 4.8689e+39 8.5659e+41 4.7362e+37 1.1673e+38 1.3034e+38 7.8472e+37 2.2847e+39 1.4981e+39
-5.0 0.3 100.0 -1.4 1.7117e+42 2.0678e+42 6.9451e+40 2.0905e+41 4.8972e+41 1.3654e+42 6.4822e+42 4.0293e+42 2.9538e+42 2.2104e+42 4.6497e+39 7.2409e+39 5.2037e+39 6.5011e+41 1.7689e+37 4.3598e+37 5.6015e+37 3.464e+37 1.055e+39 6.9199e+38
-5.0 0.3 100.0 -1.7 9.7018e+41 1.6764e+42 3.4608e+40 1.0417e+41 2.6151e+41 8.7404e+41 5.273e+42 2.5793e+42 1.8674e+42 1.4059e+42 3.9383e+39 7.1047e+39 5.1637e+39 3.6679e+41 3.3579e+36 8.2761e+36 1.2649e+37 9.1561e+36 2.8467e+38 1.8695e+38
-5.0 0.3 100.0 -2.0 5.0401e+41 1.2491e+42 1.5171e+40 4.5665e+40 1.274e+41 5.1004e+41 3.9421e+42 1.5051e+42 1.0759e+42 8.1487e+41 2.6952e+39 6.3546e+39 4.6056e+39 1.8576e+41 6.3818e+35 1.5729e+36 2.4938e+36 3.2499e+36 7.2527e+37 4.7853e+37
-5.0 0.3 1000.0 -1.2 3.5989e+42 2.1687e+42 1.5133e+41 4.5551e+41 1.2347e+42 2.411e+42 6.6673e+42 7.1147e+42 4.0184e+42 4.376e+42 3.2826e+39 7.3922e+39 5.1093e+39 8.5732e+41 1.6743e+38 4.1266e+38 4.9819e+38 3.1246e+38 6.9269e+39 4.6873e+39
-5.0 0.3 1000.0 -1.4 2.8676e+42 2.0595e+42 1.1655e+41 3.5082e+41 9.4072e+41 2.0458e+42 6.3377e+42 6.0373e+42 3.3404e+42 3.6938e+42 2.7114e+39 7.2668e+39 5.2047e+39 6.5034e+41 8.5108e+37 2.0976e+38 2.8932e+38 1.8269e+38 3.9908e+39 2.7028e+39
-5.0 0.3 1000.0 -1.7 1.7787e+42 1.6689e+42 6.7341e+40 2.0269e+41 5.4594e+41 1.3925e+42 5.1473e+42 4.1092e+42 2.201e+42 2.4888e+42 1.4071e+39 6.5868e+39 4.7062e+39 3.6653e+41 2.6642e+37 6.5664e+37 1.1033e+38 7.1304e+37 1.5215e+39 1.0318e+39
-5.0 0.3 1000.0 -2.0 1.0128e+42 1.2428e+42 3.5019e+40 1.0541e+41 2.9163e+41 8.6841e+41 3.8437e+42 2.5627e+42 1.3309e+42 1.5368e+42 5.0217e+38 5.2546e+39 3.526e+39 1.8529e+41 7.7511e+36 1.9104e+37 3.8252e+37 2.6354e+37 5.3777e+38 3.6524e+38
-5.0 0.3 10000.0 -1.2 3.6598e+42 2.1603e+42 2.1982e+41 6.6165e+41 2.5798e+42 3.3965e+42 6.4786e+42 1.0023e+43 2.7784e+42 4.892e+42 2.2107e+38 3.8871e+39 2.2846e+39 8.4946e+41 4.4977e+38 1.1085e+39 1.4054e+39 1.2895e+39 1.7292e+40 1.5117e+40
-5.0 0.3 10000.0 -1.4 2.9982e+42 2.0507e+42 1.7427e+41 5.2456e+41 2.0267e+42 2.9404e+42 6.1515e+42 8.677e+42 2.306e+42 4.1125e+42 1.3848e+38 3.4925e+39 2.018e+39 6.4263e+41 2.5926e+38 6.3899e+38 8.9826e+38 8.3122e+38 1.1016e+40 9.6766e+39
-5.0 0.3 10000.0 -1.7 1.9442e+42 1.6609e+42 1.0322e+41 3.1068e+41 1.235e+42 2.0671e+42 4.9882e+42 6.0999e+42 1.5194e+42 2.7618e+42 4.1719e+37 2.3155e+39 1.2725e+39 3.5899e+41 9.368e+37 2.3089e+38 3.8049e+38 3.5699e+38 4.8363e+39 4.2751e+39
-5.0 0.3 10000.0 -2.0 1.161e+42 1.237e+42 5.3341e+40 1.6056e+41 6.9568e+41 1.3355e+42 3.7219e+42 3.941e+42 9.2332e+41 1.7085e+42 8.221e+36 1.1787e+39 6.2027e+38 1.7845e+41 2.9837e+37 7.3539e+37 1.4294e+38 1.3632e+38 1.9569e+39 1.7392e+39
-5.0 0.5 100.0 -1.2 5.4017e+42 2.0251e+42 1.156e+41 3.4794e+41 2.4271e+42 3.6419e+42 6.1685e+42 1.0747e+43 1.0089e+43 7.3613e+42 5.0351e+39 6.7859e+39 4.3365e+39 8.6672e+41 1.2387e+38 3.0531e+38 1.5259e+38 9.0898e+37 6.8243e+39 4.4717e+39
-5.0 0.5 100.0 -1.4 4.4327e+42 1.9338e+42 8.7746e+40 2.6411e+41 1.8927e+42 3.1368e+42 5.9001e+42 9.2568e+42 8.5616e+42 6.2651e+42 4.9346e+39 6.8775e+39 4.5257e+39 6.59e+41 5.9746e+37 1.4725e+38 8.5341e+37 5.112e+37 4.0414e+39 2.6484e+39
-5.0 0.5 100.0 -1.7 2.8766e+42 1.577e+42 4.9395e+40 1.4868e+41 1.1374e+42 2.187e+42 4.8256e+42 6.4538e+42 5.8255e+42 4.282e+42 4.1555e+39 6.6665e+39 4.4463e+39 3.7286e+41 1.7448e+37 4.3002e+37 3.131e+37 1.9167e+37 1.6325e+39 1.0699e+39
-5.0 0.5 100.0 -2.0 1.7178e+42 1.1801e+42 2.4961e+40 7.5133e+40 6.3012e+41 1.4011e+42 3.6226e+42 4.1347e+42 3.6442e+42 2.6906e+42 2.8882e+39 6.0269e+39 3.9945e+39 1.894e+41 4.8398e+36 1.1929e+37 1.0941e+37 7.1228e+36 6.235e+38 4.0879e+38
-5.0 0.5 1000.0 -1.2 6.2166e+42 2.0175e+42 1.5067e+41 4.5353e+41 3.157e+42 4.2258e+42 6.075e+42 1.247e+43 9.5128e+42 9.3846e+42 3.5958e+39 7.3477e+39 4.6119e+39 8.6225e+41 2.8664e+38 7.0646e+38 3.5572e+38 2.2176e+38 1.2626e+40 8.5111e+39
-5.0 0.5 1000.0 -1.4 5.187e+42 1.9258e+42 1.1914e+41 3.5863e+41 2.4991e+42 3.6799e+42 5.8055e+42 1.0859e+43 8.0663e+42 8.0723e+42 2.9358e+39 7.0131e+39 4.5464e+39 6.5514e+41 1.6157e+38 3.9821e+38 2.2677e+38 1.4182e+38 8.0503e+39 5.4293e+39
-5.0 0.5 1000.0 -1.7 3.4562e+42 1.5704e+42 7.1725e+40 2.1589e+41 1.5381e+42 2.6111e+42 4.7449e+42 7.7054e+42 5.4857e+42 5.6095e+42 1.5374e+39 6.1121e+39 3.968e+39 3.7036e+41 5.912e+37 1.4571e+38 1.0092e+38 6.3658e+37 3.5922e+39 2.4245e+39
-5.0 0.5 1000.0 -2.0 2.1215e+42 1.1749e+42 3.8929e+40 1.1718e+41 8.7416e+41 1.704e+42 3.5591e+42 5.0284e+42 3.4354e+42 3.5876e+42 5.5006e+38 4.6795e+39 2.8926e+39 1.8781e+41 1.9618e+37 4.8352e+37 4.1419e+37 2.6641e+37 1.4821e+39 1.0011e+39
-5.0 0.5 10000.0 -1.2 5.2201e+42 2.0082e+42 2.0113e+41 6.054e+41 4.7358e+42 5.0923e+42 5.9357e+42 1.5027e+43 5.9138e+42 9.3524e+42 2.3223e+38 3.3386e+39 1.8539e+39 8.4922e+41 6.0742e+38 1.4971e+39 8.1866e+38 7.3604e+38 2.5021e+40 2.136e+40
-5.0 0.5 10000.0 -1.4 4.3892e+42 1.9172e+42 1.614e+41 4.8582e+41 3.7941e+42 4.4701e+42 5.6704e+42 1.3191e+43 4.9494e+42 7.9417e+42 1.4368e+38 2.8226e+39 1.5556e+39 6.4369e+41 3.6178e+38 8.9167e+38 5.4825e+38 4.9632e+38 1.6696e+40 1.4306e+40
-5.0 0.5 10000.0 -1.7 2.9599e+42 1.5636e+42 9.7267e+40 2.9277e+41 2.3799e+42 3.2115e+42 4.6317e+42 9.4772e+42 3.3005e+42 5.4185e+42 4.2845e+37 1.746e+39 9.3211e+38 3.6083e+41 1.3611e+38 3.3546e+38 2.5218e+38 2.3056e+38 7.8711e+39 6.7777e+39
-5.0 0.5 10000.0 -2.0 1.8394e+42 1.17e+42 5.1176e+40 1.5404e+41 1.3794e+42 2.1223e+42 3.4723e+42 6.263e+42 2.0273e+42 3.4064e+42 8.4008e+36 8.5366e+38 4.4264e+38 1.7991e+41 4.518e+37 1.1136e+38 1.0486e+38 9.6772e+37 3.4293e+39 2.9656e+39
