# Created: 2023 Aug 10, D.Kashino
# Kashino et al. 2019, ApJS, 241, 10, Figure 34
# Sample-HJ
# index is 0-origin index in the FMOS-COSMOS master catalog (inc. 5484 sources).
# class=1 LQ S/N(Halpha)>3 S/N(others)>1.5
# class=2 HQ S/N(Halpha)>5 S/N(others)>3.0
# class=3 N2 detected, O3 upper limit
# class=4 N2 detected, O3 lower limit
# class=5 N2 upper limit, O3 detected
# class=6 N2 upper limit, O3 upper limit
# class=7 N2 upper limit, O3 lower limit
# N2 = log10([NII]6584/Halpha)
# S2 = log10([SII]6717+6731/Halpha)
# O3 = log10([OIII]5007/Hbeta)
# [IMPORTANT]
# The values of O3 provided here are already corrected for the Hbeta absorption (see Equations 14-15) so that they better represent the intrinsic values. 
# The "uncorrected" values can be obtained by O3uncor = O3 + Hb_corr.
# index class mass N2 N2_err N2_uplim O3 O3_err O3_uplim O3_lolim Hb_corr
          26     10.0910997      4     -0.6978932      0.1377075            NaN            NaN            NaN            NaN      0.1665260      0.0448278
          41     10.9490004      3     -0.3017669      0.1169512            NaN            NaN            NaN     -0.6387368            NaN      0.0639524
          53     10.0749998      2     -0.5654081      0.0834891            NaN      0.3271674      0.0717175            NaN            NaN      0.0448456
          69      9.6198902      1     -0.9915443      0.1596233            NaN      0.2836891      0.0764425            NaN            NaN      0.0245676
          77      9.6632996      5            NaN            NaN     -0.6142137      0.6281830      0.2060701            NaN            NaN      0.0220882
          92      9.8313503      2     -0.8065876      0.0792314            NaN      0.6630212      0.0585475            NaN            NaN      0.0173791
          98      9.7934904      5            NaN            NaN     -0.3952059      0.6986072      0.2117416            NaN            NaN      0.0313457
         109     10.3762999      2     -0.6635084      0.1178993            NaN      0.0326533      0.0732832            NaN            NaN      0.0340073
         122     10.0466995      4     -0.4249081      0.1381262            NaN            NaN            NaN            NaN     -0.0463498      0.0254240
         130      9.6104698      4     -0.4641363      0.2189732            NaN            NaN            NaN            NaN      0.3102289      0.0224860
         156      9.8833303      2     -0.7565786      0.0833361            NaN      0.1231651      0.0819275            NaN            NaN      0.0240456
         168      9.7798405      2     -0.4317226      0.0872976            NaN      0.3994062      0.0831278            NaN            NaN      0.0125590
         169      9.8048096      2     -0.7718264      0.1375095            NaN      0.5606498      0.1305483            NaN            NaN      0.0279766
         174     10.4928999      5            NaN            NaN     -0.6063680      0.3496204      0.1832241            NaN            NaN      0.0518267
         181      9.2826204      2     -0.3295766      0.1057130            NaN      0.4047503      0.1040353            NaN            NaN      0.0329629
         193     10.8487997      1     -0.5858794      0.0692144            NaN      0.5962023      0.2302520            NaN            NaN      0.1083505
         194     10.4708004      2     -0.4039313      0.0592543            NaN      0.0394651      0.1112353            NaN            NaN      0.0345709
         196      9.6694698      1     -0.8743057      0.2381106            NaN      0.3261766      0.0561281            NaN            NaN      0.0237117
         197     10.3782997      7            NaN            NaN     -0.9557062            NaN            NaN            NaN      0.5679873      0.0750518
         235     10.2059002      2     -0.4501084      0.0961809            NaN      0.0653358      0.0619142            NaN            NaN      0.0615221
         238     10.0990000      7            NaN            NaN     -0.4890252            NaN            NaN            NaN      0.0344614      0.0288020
         241      9.8531799      5            NaN            NaN     -0.5091211      0.1047501      0.1714623            NaN            NaN      0.0379942
         265     10.2447996      4     -0.6536915      0.1851704            NaN            NaN            NaN            NaN      0.2852916      0.0593490
         268      9.9534101      2     -0.7508321      0.0819136            NaN      0.3268799      0.0706064            NaN            NaN      0.0376198
         273     10.2707996      2     -0.4685018      0.0621448            NaN      0.2720982      0.1016791            NaN            NaN      0.0534113
         281     10.9618998      2     -0.2994623      0.0576837            NaN      0.2047999      0.1106070            NaN            NaN      0.1258851
         288      9.9930296      5            NaN            NaN     -0.1022245      0.2790126      0.2085638            NaN            NaN      0.0424356
         290      9.9519901      6            NaN            NaN      0.0873510            NaN            NaN     -0.2711337            NaN      0.0535278
         294     10.4923000      2     -0.4603239      0.0461948            NaN     -0.2306073      0.1686856            NaN            NaN      0.0667220
         295     10.0040998      2     -0.5352408      0.0790656            NaN      0.0393254      0.0953097            NaN            NaN      0.0264932
         296      9.7151604      4     -0.9217654      0.1526663            NaN            NaN            NaN            NaN      0.6848508      0.0153469
         297     10.2854996      2     -0.4821560      0.0629865            NaN      0.0275578      0.1715612            NaN            NaN      0.0510648
         309      9.9377203      1     -0.7430208      0.1196343            NaN      0.3457612      0.2579123            NaN            NaN      0.0385617
         311     10.0664997      2     -0.6759316      0.0751576            NaN      0.3989654      0.1535484            NaN            NaN      0.0240020
         315     10.5136995      2     -0.4727581      0.1113563            NaN     -0.2978429      0.1719033            NaN            NaN      0.0596265
         316     10.6075001      2     -0.1644987      0.0270907            NaN     -0.0366623      0.1098386            NaN            NaN      0.0560206
         331     10.0412998      1     -1.0130727      0.1930719            NaN      0.3759434      0.2028243            NaN            NaN      0.0370275
         335      9.9351301      4     -0.7304156      0.1585091            NaN            NaN            NaN            NaN      0.2828634      0.0584090
         339      9.6416798      1     -0.4000764      0.1257639            NaN      0.0432625      0.3176934            NaN            NaN      0.0338684
         346     10.2978001      2     -0.5635995      0.0887991            NaN     -0.1043619      0.1773514            NaN            NaN      0.0362021
         348     11.0052996      2     -0.5354292      0.0415709            NaN      0.2117278      0.1868993            NaN            NaN      0.0135042
         351      9.7842999      2     -0.5511143      0.0760296            NaN      0.4513317      0.0827967            NaN            NaN      0.0210546
         364      9.8164597      7            NaN            NaN     -0.3200373            NaN            NaN            NaN      0.4089193      0.0210368
         377      9.8641500      2     -1.0215625      0.1146882            NaN      0.3517493      0.0871336            NaN            NaN      0.0293925
         379     10.2444000      1     -0.6079718      0.1578574            NaN     -0.3764634      0.2241296            NaN            NaN      0.0519316
         382      9.3332396      1     -0.8030759      0.1684049            NaN      0.5366012      0.1763875            NaN            NaN      0.0150281
         393      9.6455002      4     -0.4855927      0.2168061            NaN            NaN            NaN            NaN      0.0686482      0.0221906
         396      9.6823397      4     -0.7920281      0.2629120            NaN            NaN            NaN            NaN      0.2304740      0.0275142
         426      9.5564404      1     -0.5708473      0.2278997            NaN      0.0231808      0.2200763            NaN            NaN      0.0498774
         429      9.6187897      5            NaN            NaN     -0.5459870      0.3915574      0.2487224            NaN            NaN      0.0311121
         443     10.2164001      6            NaN            NaN      0.0603694            NaN            NaN      0.0041440            NaN      0.0625793
         493      9.9862604      1     -1.0755898      0.1117946            NaN      0.5714541      0.1895581            NaN            NaN      0.0095251
         495     10.5649004      2     -0.4986466      0.0369678            NaN      0.2206418      0.0966146            NaN            NaN      0.0319749
         497     10.1524000      4     -0.6381893      0.1226805            NaN            NaN            NaN            NaN      0.2848008      0.0388656
         510     11.0716000      3     -0.2327937      0.0532984            NaN            NaN            NaN     -0.1766799            NaN      0.0468220
         531     10.6184998      2     -0.3844141      0.0366730            NaN     -0.1446057      0.0919992            NaN            NaN      0.0313770
         542      9.7424498      6            NaN            NaN     -0.6252745            NaN            NaN     -0.0275443            NaN      0.0546427
         547     10.0405998      7            NaN            NaN     -0.4621530            NaN            NaN            NaN      0.0679730      0.0365065
         550      9.7495298      4     -1.1459181      0.1538990            NaN            NaN            NaN            NaN      0.4964537      0.0281084
         562     10.6904001      3     -0.3286217      0.0893775            NaN            NaN            NaN     -0.0081563            NaN      0.0672064
         568      9.4627895      7            NaN            NaN     -0.6416814            NaN            NaN            NaN     -0.0552146      0.0266303
         578     10.0994997      1     -1.0166122      0.1871716            NaN      0.3231009      0.1910885            NaN            NaN      0.0351616
         581      9.8094301      7            NaN            NaN     -0.5006238            NaN            NaN            NaN      0.0330063      0.0287249
         591      9.6337605      7            NaN            NaN     -0.3345832            NaN            NaN            NaN      0.1792978      0.0145109
         611      9.9409199      4     -0.4867326      0.1649399            NaN            NaN            NaN            NaN      0.1372193      0.0485580
         612     10.9271002      3     -0.1610041      0.1198699            NaN            NaN            NaN      0.3447418            NaN      0.1125559
         614      9.9254303      1     -0.7738051      0.2071927            NaN      0.2610230      0.1422295            NaN            NaN      0.0642352
         616      9.6908398      2     -0.9019437      0.0997181            NaN      0.3303516      0.0821548            NaN            NaN      0.0128602
         630      9.5170603      7            NaN            NaN     -0.2141280            NaN            NaN            NaN      0.1283566      0.0234007
         644     10.1208000      1     -0.9094933      0.1953898            NaN      0.4237475      0.1496815            NaN            NaN      0.0359244
         657     10.1452999      5            NaN            NaN     -0.8379483      0.1444529      0.1690234            NaN            NaN      0.0852178
         670     10.1021996      1     -1.0851432      0.2711417            NaN      0.2277846      0.0861861            NaN            NaN      0.0349786
         682     10.5464001      2     -0.2237794      0.0674621            NaN     -0.1309071      0.1876395            NaN            NaN      0.0639895
         691     10.0978003      1     -1.0464972      0.2282445            NaN     -0.0648611      0.0866607            NaN            NaN      0.0373853
         692      9.8216200      5            NaN            NaN     -0.4071364      0.1538950      0.1927729            NaN            NaN      0.0326628
         699      9.7866297      1     -0.8261116      0.2003362            NaN      0.0374973      0.1497034            NaN            NaN      0.0440611
         716     10.1771002      5            NaN            NaN     -0.3464925      0.6221347      0.2702095            NaN            NaN      0.0517773
         723     10.3987999      2     -0.4581919      0.0997172            NaN      0.1794254      0.1231967            NaN            NaN      0.0654305
         742      9.8781900      7            NaN            NaN     -0.2394361            NaN            NaN            NaN      0.0025493      0.0487143
         751     10.1573000      1     -0.4465046      0.1449454            NaN      0.2796793      0.2297916            NaN            NaN      0.0421652
         772     10.3662996      1     -0.6448380      0.1688348            NaN      0.3305564      0.2387206            NaN            NaN      0.0730813
         777     10.4115000      2     -0.4403057      0.0973074            NaN      0.0792536      0.1559643            NaN            NaN      0.0766774
         799     10.5143003      2     -0.5242789      0.0421684            NaN      0.3221256      0.0616550            NaN            NaN      0.0496282
         802     10.7865000      1     -0.2749158      0.0497980            NaN     -0.3407272      0.2707058            NaN            NaN      0.0801184
         814      8.9925299      7            NaN            NaN     -0.3714873            NaN            NaN            NaN      0.5160431      0.0106574
         817     10.1097002      1     -0.9671325      0.2805454            NaN      0.0823491      0.1232452            NaN            NaN      0.0406341
         819     10.1225996      2     -0.8317975      0.1128875            NaN      0.5550262      0.1340882            NaN            NaN      0.0261081
         821      9.7494602      7            NaN            NaN     -0.4502025            NaN            NaN            NaN      0.3474015      0.0472369
         825      9.8533497      1     -0.2495539      0.2798983            NaN      0.2618332      0.1288480            NaN            NaN      0.0363067
         840     10.0899000      5            NaN            NaN     -0.4057188      0.3712523      0.3123141            NaN            NaN      0.0457181
         854      9.9920998      3     -0.7398651      0.1691695            NaN            NaN            NaN     -0.2649586            NaN      0.0301741
         865      9.5219402      4     -0.4011559      0.2939846            NaN            NaN            NaN            NaN     -0.0090855      0.0239121
         878      9.9329100      7            NaN            NaN     -0.2139215            NaN            NaN            NaN      0.5434587      0.0459145
         924     10.0951004      1     -0.3240452      0.1685732            NaN      0.0365084      0.2286993            NaN            NaN      0.0290676
         929     10.1975002      7            NaN            NaN     -0.6252642            NaN            NaN            NaN      0.3947586      0.0490888
         937     10.7458000      6            NaN            NaN     -0.0240924            NaN            NaN      0.1671622            NaN      0.1578845
        1022      9.6833897      4     -0.7759382      0.2965652            NaN            NaN            NaN            NaN      0.2033290      0.0315791
        1023      9.9570503      4     -0.5291482      0.2164003            NaN            NaN            NaN            NaN     -0.1173628      0.0409685
        1034     10.0403004      1     -1.2071292      0.2182660            NaN      0.4714866      0.0321947            NaN            NaN      0.0171926
        1044     10.2378998      5            NaN            NaN     -0.4342690      0.0952825      0.2465492            NaN            NaN      0.0673151
        1059     10.3254995      1     -0.8098636      0.1811213            NaN      0.2172339      0.2559070            NaN            NaN      0.0478772
        1062      9.8178301      5            NaN            NaN     -0.3580510     -0.5110475      0.3047156            NaN            NaN      0.0367166
        1093      9.5386600      5            NaN            NaN     -0.2374065      0.5267169      0.2657157            NaN            NaN      0.0073823
        1095     10.3615999      3     -0.1371726      0.1731178            NaN            NaN            NaN     -0.2057022            NaN      0.1156867
        1100     10.2407999      2     -0.5115529      0.1152855            NaN     -0.3232304      0.1059994            NaN            NaN      0.0369112
        1102     10.2707005      5            NaN            NaN     -0.3066531      0.3082355      0.2285696            NaN            NaN      0.0402837
        1115     10.3465996      1     -0.2677802      0.1253345            NaN     -0.2277049      0.2220314            NaN            NaN      0.0503018
        1138      9.8881998      3     -0.3564473      0.1328657            NaN            NaN            NaN     -0.3703323            NaN      0.0236286
        1143      9.7306995      2     -0.5847890      0.0844234            NaN      0.1608521      0.0587852            NaN            NaN      0.0326409
        1144      9.6910400      4     -0.2438029      0.2036310            NaN            NaN            NaN            NaN      0.2643287      0.0292460
        1150     10.3204002      7            NaN            NaN     -0.2420820            NaN            NaN            NaN      0.2190896      0.0787756
        1183      9.8518600      1     -0.7692221      0.1567696            NaN      0.0684562      0.1164187            NaN            NaN      0.0110342
        1188      9.8711100      4     -0.7272540      0.1670524            NaN            NaN            NaN            NaN      0.2940425      0.0379520
        1194     11.2524996      1     -0.1899497      0.1364332            NaN     -0.1013583      0.2709152            NaN            NaN      0.2068164
        1196     10.2156000      5            NaN            NaN     -0.2871877      0.3135802      0.2294761            NaN            NaN      0.0471776
        1205      9.5860205      1     -0.6139118      0.1591633            NaN      0.4618039      0.0596360            NaN            NaN      0.0167716
        1207     10.0801001      4     -0.7967635      0.2753418            NaN            NaN            NaN            NaN      0.0190330      0.0696468
        1208      9.6284704      1     -0.4154020      0.2319065            NaN      0.2442151      0.0828849            NaN            NaN      0.0178193
        1221      9.8516598      1     -0.5062230      0.0958970            NaN      0.4376089      0.1587930            NaN            NaN      0.0341769
        1222     10.8999996      7            NaN            NaN     -0.3622001            NaN            NaN            NaN     -0.2363124      0.0494108
        1229      9.7735100      1     -0.5356167      0.1738758            NaN      0.3852102      0.2320986            NaN            NaN      0.0388230
        1236     10.7809000      3     -0.3065380      0.1083240            NaN            NaN            NaN     -0.4231431            NaN      0.1268126
        1239      9.9288502      1     -0.7163368      0.1991637            NaN      0.0265858      0.1001758            NaN            NaN      0.0408883
        1244     10.5242004      4     -0.4601354      0.1319534            NaN            NaN            NaN            NaN      0.0750110      0.0915691
        1252     10.4174995      1     -1.1659063      0.2719211            NaN      0.0626504      0.0613947            NaN            NaN      0.0651299
        1254     10.6075001      6            NaN            NaN     -0.2013896            NaN            NaN     -0.0307397            NaN      0.1537923
        1261      9.8239202      2     -0.8944112      0.1236845            NaN      0.5693050      0.0365568            NaN            NaN      0.0218345
        1265      9.7082996      4     -0.2899286      0.1194159            NaN            NaN            NaN            NaN     -0.2610233      0.0210047
        1266     10.3336000      3     -0.4096664      0.0985507            NaN            NaN            NaN      0.0215422            NaN      0.1061227
        1309     10.1554003      4     -0.4402773      0.0998763            NaN            NaN            NaN            NaN      0.2493199      0.0435757
        1334     10.3823004      4     -0.4562903      0.0654037            NaN            NaN            NaN            NaN     -0.0874530      0.0160750
        1356     10.4742002      4     -0.1762928      0.1031139            NaN            NaN            NaN            NaN     -0.2983614      0.0495795
        1385      9.6226101      4     -0.8591133      0.1094581            NaN            NaN            NaN            NaN      0.4534945      0.0144617
        1399     10.0530005      1     -0.4876156      0.0858343            NaN      0.0033540      0.1798194            NaN            NaN      0.0614870
        1402      9.8836203      4     -0.7425209      0.2205449            NaN            NaN            NaN            NaN     -0.0512105      0.0307284
        1414     10.1206999      4     -0.6827224      0.0771686            NaN            NaN            NaN            NaN      0.2285297      0.0526203
        1415      9.7102604      4     -0.8309487      0.1697565            NaN            NaN            NaN            NaN      0.1907124      0.0241489
        1438     10.2508001      4     -0.5442854      0.1725327            NaN            NaN            NaN            NaN      0.1346032      0.0308133
        1473      9.6945200      3     -0.5396181      0.1282284            NaN            NaN            NaN      0.1720766            NaN      0.0266068
        1481      9.2422895      5            NaN            NaN     -0.6320496      0.6510113      0.1884966            NaN            NaN      0.0060651
        1492     10.0577002      1     -0.6110722      0.1847311            NaN      0.0656709      0.2152897            NaN            NaN      0.0768897
        1496      9.9332705      7            NaN            NaN     -0.6501957            NaN            NaN            NaN      0.6710992      0.0536203
        1580      9.6226101      2     -0.2311066      0.1290372            NaN      0.2318370      0.1549669            NaN            NaN      0.0220003
        1599     10.3818998      6            NaN            NaN     -0.0073652            NaN            NaN     -0.0290999            NaN      0.1027241
        1645     10.0684996      4     -0.2654417      0.1765464            NaN            NaN            NaN            NaN      0.3109406      0.0587004
        1708      9.9739103      4     -0.9176335      0.2087240            NaN            NaN            NaN            NaN      0.0527966      0.0435737
        1731      9.8684702      1     -1.0649661      0.1675451            NaN      0.4383175      0.1615741            NaN            NaN      0.0225912
        1733      9.4809103      6            NaN            NaN     -0.2161846            NaN            NaN     -0.2128627            NaN      0.0264789
        1750     10.4820995      2     -0.7519690      0.0803556            NaN      0.3487418      0.1337363            NaN            NaN      0.0679155
        1768     10.3030996      4     -0.2976044      0.1115474            NaN            NaN            NaN            NaN      0.0232451      0.1220887
        1772      9.8945303      4     -0.6929845      0.1530787            NaN            NaN            NaN            NaN      0.1401185      0.0348831
        1784     11.1627998      1     -0.3484325      0.1017936            NaN      0.1243151      0.2307130            NaN            NaN      0.2346723
        1789     10.2279997      4     -0.5569065      0.1786059            NaN            NaN            NaN            NaN     -0.0585862      0.0365838
        1793     10.3248997      1     -0.3454632      0.0368624            NaN     -0.0605264      0.2290295            NaN            NaN      0.0452983
        1816     10.4583998      2     -0.3727411      0.0362263            NaN     -0.2012913      0.1934010            NaN            NaN      0.0517623
        1831     10.8649998      3     -0.3453380      0.0886481            NaN            NaN            NaN     -0.5216274            NaN      0.2226559
        1844      9.7128201      1     -0.5238744      0.2119272            NaN      0.4148105      0.1920597            NaN            NaN      0.0287842
        1855      9.6325397      1     -1.3736082      0.2049358            NaN      0.5364451      0.0673011            NaN            NaN      0.0091202
        1861     10.8587999      4     -0.1040081      0.1560709            NaN            NaN            NaN            NaN     -0.0796073      0.1489567
        1867      9.7388601      4     -1.1648093      0.2887548            NaN            NaN            NaN            NaN      0.5397402      0.0160487
        1873     10.5706997      4     -0.6441872      0.1682314            NaN            NaN            NaN            NaN     -0.1699916      0.1088741
        1883      9.6073303      5            NaN            NaN     -0.5973582     -0.1385778      0.2484631            NaN            NaN      0.0186876
        1904     10.0895004      5            NaN            NaN      0.1817691      0.5662890      0.2650254            NaN            NaN      0.0217173
        1908     10.5549002      1     -0.6830924      0.2061101            NaN     -0.0307080      0.1974488            NaN            NaN      0.0476920
        1922      9.7575903      2     -0.7252086      0.0938624            NaN      0.4690688      0.0694081            NaN            NaN      0.0295012
        1923     10.0098000      2     -0.6613798      0.1310699            NaN      0.2238249      0.1221566            NaN            NaN      0.0362114
        1926      9.9174500      5            NaN            NaN     -0.2549161      0.3534344      0.2038636            NaN            NaN      0.0371425
        1928     10.0796003      2     -0.4781290      0.0792753            NaN      0.2444685      0.1682271            NaN            NaN      0.0479359
        1931      9.9665499      1     -0.9154813      0.2020107            NaN      0.4020655      0.1121075            NaN            NaN      0.0304357
        1932      9.7579403      1     -0.7887223      0.2062501            NaN      0.4479925      0.0951866            NaN            NaN      0.0286462
        1933      9.8219404      1     -0.6075948      0.1794348            NaN      0.4904999      0.0663835            NaN            NaN      0.0354256
        1938      9.6337900      1     -0.8165005      0.1930714            NaN      0.1826178      0.1980718            NaN            NaN      0.0302277
        1940     10.3971004      2     -0.4444322      0.0470257            NaN     -0.0568671      0.1060966            NaN            NaN      0.0286158
        1942     10.4338999      1     -0.9097136      0.2124659            NaN      0.4538333      0.0653267            NaN            NaN      0.1416449
        1950     10.0897999      2     -0.5317993      0.0797085            NaN      0.1947395      0.1258785            NaN            NaN      0.0309412
        1957      9.8637505      4     -0.3839571      0.1856708            NaN            NaN            NaN            NaN      0.3067887      0.0134205
        1958     10.6499996      3     -0.2948070      0.0498687            NaN            NaN            NaN      0.0922990            NaN      0.0323728
        1983      9.8849602      4     -0.4430154      0.1697867            NaN            NaN            NaN            NaN      0.1191713      0.0445368
        1990      9.8768797      2     -0.7855647      0.1034802            NaN      0.1867316      0.0596950            NaN            NaN      0.0314864
        1994      9.8417597      7            NaN            NaN     -0.4992550            NaN            NaN            NaN      0.1557396      0.0415892
        2011     10.1942997      3     -0.4958843      0.1049695            NaN            NaN            NaN     -0.0737606            NaN      0.0509852
        2026      9.9289703      2     -0.7451829      0.1209570            NaN      0.4420710      0.0531103            NaN            NaN      0.0197870
        2038     10.4532003      2     -0.5118383      0.0934000            NaN      0.2309454      0.1627900            NaN            NaN      0.0694268
        2039     10.3690996      2     -0.6494516      0.0783135            NaN     -0.0885160      0.1407564            NaN            NaN      0.0388418
        2094      9.7238903      2     -0.7798503      0.1365974            NaN      0.4985417      0.0690064            NaN            NaN      0.0130187
        2102      9.5933104      2     -0.7409921      0.0824861            NaN      0.4941460      0.0976940            NaN            NaN      0.0147268
        2103     10.3872004      2     -0.5069393      0.0798056            NaN     -0.2290584      0.1567479            NaN            NaN      0.0790515
        2108     10.5600004      2     -0.5498107      0.0738782            NaN     -0.4122666      0.0979595            NaN            NaN      0.0649234
        2109     10.3409996      2     -0.5176533      0.0686066            NaN      0.3003485      0.1610630            NaN            NaN      0.0521089
        2116      9.9664202      1     -0.9501581      0.2252981            NaN      0.0998777      0.1072671            NaN            NaN      0.0350246
        2120     10.5067997      2     -0.5324977      0.1230228            NaN      0.0492974      0.1719776            NaN            NaN      0.0935758
        2127     10.4615002      2     -0.6269429      0.1509129            NaN     -0.1770245      0.1031507            NaN            NaN      0.0561524
        2138     10.2784996      2     -0.5396119      0.1234941            NaN      0.0140199      0.0981681            NaN            NaN      0.0455223
        2148     10.3570004      1     -0.6935660      0.1589727            NaN     -0.0266129      0.1339365            NaN            NaN      0.0743743
        2156     10.3136997      2     -0.8442032      0.0430093            NaN      0.1273634      0.1805941            NaN            NaN      0.0350521
        2157     10.2607002      3     -0.5873869      0.1714883            NaN            NaN            NaN     -0.4729438            NaN      0.0397598
        2158     10.1072998      2     -0.4215762      0.0482502            NaN      0.0434752      0.1146144            NaN            NaN      0.0496916
        2175     10.8100004      2     -0.6390144      0.1073211            NaN      0.2221742      0.1508852            NaN            NaN      0.1379769
        2189     10.3760004      3     -0.5961638      0.1359348            NaN            NaN            NaN     -0.7194023            NaN      0.0435516
        2209     10.5662003      2     -0.4794278      0.0896419            NaN     -0.0261856      0.1659696            NaN            NaN      0.0839198
        2228     10.0993996      1     -0.2677052      0.1115712            NaN      0.2021189      0.3104318            NaN            NaN      0.0491354
        2251     10.3008003      1     -0.7091328      0.1536102            NaN     -0.0995806      0.1652327            NaN            NaN      0.0774814
        2258      9.9602900      5            NaN            NaN     -0.7513449      0.1407002      0.1539019            NaN            NaN      0.0155689
        2267     10.0818005      1     -0.5691704      0.0883584            NaN      0.3821936      0.2173322            NaN            NaN      0.0243453
        2327     10.3906002      3     -0.3607275      0.0671206            NaN            NaN            NaN     -0.6361887            NaN      0.0462178
        2375     10.8083000      3     -0.1078949      0.0832053            NaN            NaN            NaN     -0.3801330            NaN      0.0729368
        2452      9.9235096      3     -0.5677436      0.1963973            NaN            NaN            NaN     -0.1682543            NaN      0.0617907
        2570     10.3324003      2     -0.8371527      0.1480879            NaN     -0.1611781      0.1467303            NaN            NaN      0.0300514
        2587      9.9058199      4     -0.6250628      0.0485946            NaN            NaN            NaN            NaN      0.4655797      0.0165302
        3242     10.3676996      1     -0.7666200      0.2314451            NaN      0.1777232      0.1014888            NaN            NaN      0.0603548
        3279      9.8765097      1     -0.8059918      0.1890134            NaN      0.1927026      0.1653328            NaN            NaN      0.0668603
        3336     10.5116997      4     -0.5453946      0.1906410            NaN            NaN            NaN            NaN     -0.2610233      0.0399297
        3522      9.8832703      1     -0.6686881      0.2484042            NaN      0.1004630      0.1619379            NaN            NaN      0.0147855
        3668      9.8651896      1     -0.5474939      0.1547049            NaN      0.2661046      0.1712481            NaN            NaN      0.0211808
        3763     10.8128996      2     -0.5257431      0.0732996            NaN     -0.1810915      0.1378145            NaN            NaN      0.1905255
        3772     10.0695000      4     -0.7068013      0.0751783            NaN            NaN            NaN            NaN     -0.1773580      0.0478567
        4033      9.8999796      5            NaN            NaN     -0.3692572      0.2954479      0.3908663            NaN            NaN      0.0312831
        4098      9.7686901      7            NaN            NaN     -0.4031618            NaN            NaN            NaN      0.2569424      0.0328909
        4174      9.7126198      5            NaN            NaN     -1.1066737      0.8250536      0.1976604            NaN            NaN      0.0312122
        4236     10.2538004      1     -0.6755680      0.0751574            NaN      0.3920926      0.2952511            NaN            NaN      0.0398082
        4243     11.0008001      6            NaN            NaN     -0.4665076            NaN            NaN     -0.0104238            NaN      0.0301990
        4263      9.9243402      4     -0.3450259      0.0958615            NaN            NaN            NaN            NaN      0.2887794      0.0219809
        4477     10.0475998      1     -0.4914650      0.1561634            NaN      0.3102432      0.1711209            NaN            NaN      0.0354151
        4534      9.2350197      1     -1.5201020      0.2618826            NaN      0.7957991      0.0347142            NaN            NaN      0.0110084
        4538      9.7375002      5            NaN            NaN     -0.6566374      0.3891822      0.1652765            NaN            NaN      0.0384935
        4546     10.5345001      3     -0.3450312      0.0701838            NaN            NaN            NaN     -0.1850551            NaN      0.0909029
        4549     10.4666004      1     -0.9626682      0.2349024            NaN      0.1263133      0.1180437            NaN            NaN      0.0423748
        4555      9.9890900      5            NaN            NaN     -0.6456063     -0.1982915      0.3677852            NaN            NaN      0.0818314
        4562      9.9679403      4     -0.7067579      0.0988763            NaN            NaN            NaN            NaN      0.4526680      0.0523090
        4629      9.3715801      3     -0.6637502      0.2517854            NaN            NaN            NaN      0.1017465            NaN      0.0324214
        4635     10.5895004      3     -0.4085076      0.1899018            NaN            NaN            NaN     -0.0402226            NaN      0.0767152
