# log(Us)  xid nh alpha [OII]3727 Hbeta [OIII]4959 [OIII]5007 [OI]6300 [NII]6548 Halpha [NII]6584 [SII]6717 [SII]6731 NV1240 CIV1548 CIV1551 HeII1640 OIII]1661 OIII]1666 [SiIII]1883 SiIII]1888 [CIII]1907 CIII]1910 
-2.5 0.1 100.0 -1.2 2.9126e+42 3.1589e+42 5.1047e+42 1.5365e+43 8.2901e+41 3.2661e+40 9.4898e+42 9.6381e+40 4.8462e+41 3.4767e+41 1.0581e+41 4.713e+42 2.4012e+42 5.4069e+42 4.0223e+41 9.9041e+41 6.571e+41 3.8893e+41 4.2745e+42 2.7996e+42
-2.5 0.1 100.0 -1.4 2.4855e+42 2.6579e+42 4.7255e+42 1.4224e+43 4.4456e+41 2.4345e+40 7.866e+42 7.1843e+40 3.2362e+41 2.3551e+41 8.1639e+40 3.6758e+42 1.877e+42 3.964e+42 3.3414e+41 8.2264e+41 6.3916e+41 3.7841e+41 3.5907e+42 2.3517e+42
-2.5 0.1 100.0 -1.7 1.8071e+42 1.9265e+42 3.5499e+42 1.0685e+43 1.5627e+41 1.5858e+40 5.625e+42 4.6797e+40 1.7671e+41 1.3146e+41 5.0029e+40 2.0841e+42 1.0697e+42 2.1529e+42 2.051e+41 5.0483e+41 4.9174e+41 2.9131e+41 2.2765e+42 1.4911e+42
-2.5 0.1 100.0 -2.0 1.2606e+42 1.3518e+42 2.3793e+42 7.1616e+42 5.49e+40 1.0579e+40 3.9236e+42 3.1219e+40 1.0137e+41 7.6767e+40 2.964e+40 1.0303e+42 5.3373e+41 1.0654e+42 1.0954e+41 2.6956e+41 3.2443e+41 1.9243e+41 1.2742e+42 8.3459e+41
-2.5 0.1 1000.0 -1.2 2.6209e+42 3.2188e+42 5.1679e+42 1.5555e+43 9.0054e+41 3.8079e+40 9.6458e+42 1.1237e+41 4.6582e+41 3.879e+41 8.3395e+40 4.7632e+42 2.4231e+42 5.4138e+42 4.0277e+41 9.9178e+41 6.6591e+41 4.0727e+41 4.3097e+42 2.8814e+42
-2.5 0.1 1000.0 -1.4 2.2408e+42 2.7112e+42 4.7941e+42 1.443e+43 4.8795e+41 2.8147e+40 8.0024e+42 8.3061e+40 2.9461e+41 2.5987e+41 5.624e+40 3.6299e+42 1.8497e+42 3.9677e+42 3.3483e+41 8.2438e+41 6.5561e+41 4.0123e+41 3.6403e+42 2.4346e+42
-2.5 0.1 1000.0 -1.7 1.6595e+42 1.97e+42 3.6204e+42 1.0898e+43 1.78e+41 1.8024e+40 5.7363e+42 5.3188e+40 1.4927e+41 1.452e+41 2.4371e+40 1.8747e+42 9.5942e+41 2.1528e+42 2.0582e+41 5.0666e+41 5.2448e+41 3.2141e+41 2.3415e+42 1.567e+42
-2.5 0.1 1000.0 -2.0 1.2071e+42 1.3861e+42 2.4342e+42 7.3269e+42 6.6893e+40 1.2143e+40 4.0123e+42 3.5835e+40 8.253e+40 8.7565e+40 7.8306e+39 7.4058e+41 3.8354e+41 1.0642e+42 1.0936e+41 2.6918e+41 3.6839e+41 2.2614e+41 1.3219e+42 8.8534e+41
-2.5 0.1 10000.0 -1.2 2.1438e+42 3.3944e+42 4.6312e+42 1.394e+43 1.3337e+42 6.9052e+40 1.021e+43 2.0377e+41 4.6372e+41 5.4491e+41 3.6128e+39 1.1003e+42 5.6016e+41 5.1322e+42 2.5542e+41 6.2926e+41 7.308e+41 5.9787e+41 2.9119e+42 2.3755e+42
-2.5 0.1 10000.0 -1.4 1.9118e+42 2.8722e+42 4.0895e+42 1.2309e+43 7.902e+41 5.3706e+40 8.5233e+42 1.5849e+41 2.9242e+41 3.6239e+41 1.6716e+39 6.5942e+41 3.3844e+41 3.7725e+42 2.0001e+41 4.9274e+41 6.7005e+41 5.5033e+41 2.3215e+42 1.8996e+42
-2.5 0.1 10000.0 -1.7 1.611e+42 2.0872e+42 2.7313e+42 8.2213e+42 3.5149e+41 3.8123e+40 6.1168e+42 1.125e+41 1.5302e+41 2.098e+41 3.0319e+38 2.0431e+41 1.0842e+41 2.0395e+42 1.048e+41 2.5821e+41 4.5139e+41 3.7382e+41 1.3035e+42 1.0728e+42
-2.5 0.1 10000.0 -2.0 1.3663e+42 1.4585e+42 1.5091e+42 4.5425e+42 1.6766e+41 2.9441e+40 4.248e+42 8.6879e+40 9.0627e+40 1.3738e+41 3.7394e+37 5.2273e+40 3.0035e+40 9.9636e+41 4.4298e+40 1.0916e+41 2.4871e+41 2.0779e+41 6.2761e+41 5.1955e+41
-2.5 0.3 100.0 -1.2 2.4801e+42 3.0833e+42 4.2056e+42 1.2659e+43 9.1209e+41 3.3663e+40 9.3454e+42 9.9339e+40 6.5843e+41 4.677e+41 1.147e+41 3.1994e+42 1.7502e+42 5.3142e+42 3.5866e+41 8.8331e+41 2.9903e+41 1.7698e+41 3.2602e+42 2.1352e+42
-2.5 0.3 100.0 -1.4 2.1184e+42 2.5732e+42 3.9415e+42 1.1864e+43 4.9653e+41 2.4839e+40 7.6763e+42 7.3299e+40 4.2073e+41 3.0251e+41 8.9576e+40 2.5561e+42 1.3989e+42 3.9004e+42 3.0863e+41 7.6e+41 3.0042e+41 1.7784e+41 2.8182e+42 1.8457e+42
-2.5 0.3 100.0 -1.7 1.5484e+42 1.8437e+42 3.0251e+42 9.1055e+42 1.788e+41 1.6001e+40 5.4124e+42 4.7219e+40 2.1392e+41 1.571e+41 5.5092e+40 1.5118e+42 8.2782e+41 2.123e+42 2.0028e+41 4.931e+41 2.4305e+41 1.4396e+41 1.8685e+42 1.2238e+42
-2.5 0.3 100.0 -2.0 1.089e+42 1.2849e+42 2.0696e+42 6.2296e+42 6.2873e+40 1.0624e+40 3.7408e+42 3.1351e+40 1.1503e+41 8.6183e+40 3.2226e+40 7.8432e+41 4.3025e+41 1.0524e+42 1.1238e+41 2.7665e+41 1.6736e+41 9.9221e+40 1.0877e+42 7.124e+41
-2.5 0.3 1000.0 -1.2 2.2545e+42 3.1813e+42 4.3419e+42 1.3069e+43 9.8955e+41 3.9165e+40 9.6109e+42 1.1558e+41 6.6331e+41 5.2879e+41 9.1468e+40 3.3103e+42 1.7882e+42 5.3572e+42 3.6484e+41 8.9855e+41 3.0881e+41 1.8878e+41 3.3318e+42 2.2269e+42
-2.5 0.3 1000.0 -1.4 1.931e+42 2.6645e+42 4.0758e+42 1.2268e+43 5.4378e+41 2.8905e+40 7.9222e+42 8.53e+40 4.0689e+41 3.4001e+41 6.2303e+40 2.6011e+42 1.3997e+42 3.9305e+42 3.1294e+41 7.7064e+41 3.1307e+41 1.9148e+41 2.8872e+42 1.9303e+42
-2.5 0.3 1000.0 -1.7 1.44e+42 1.9241e+42 3.1398e+42 9.4507e+42 2.0146e+41 1.8483e+40 5.6308e+42 5.4544e+40 1.932e+41 1.7673e+41 2.6773e+40 1.4218e+42 7.6219e+41 2.1369e+42 2.0159e+41 4.9638e+41 2.6164e+41 1.6021e+41 1.9271e+42 1.2891e+42
-2.5 0.3 1000.0 -2.0 1.0584e+42 1.3521e+42 2.1524e+42 6.4788e+42 7.5395e+40 1.2456e+40 3.9257e+42 3.6758e+40 9.9636e+40 1.001e+41 8.4215e+39 6.0079e+41 3.2449e+41 1.058e+42 1.1154e+41 2.7461e+41 1.9049e+41 1.1682e+41 1.122e+42 7.5108e+41
-2.5 0.3 10000.0 -1.2 1.8636e+42 3.4067e+42 3.9899e+42 1.201e+43 1.4058e+42 7.1289e+40 1.0308e+43 2.1037e+41 6.8427e+41 7.4265e+41 3.8952e+39 8.5414e+41 4.4224e+41 5.123e+42 2.3296e+41 5.7396e+41 3.447e+41 2.8133e+41 2.2515e+42 1.8338e+42
-2.5 0.3 10000.0 -1.4 1.6639e+42 2.8798e+42 3.547e+42 1.0676e+43 8.3514e+41 5.5768e+40 8.5906e+42 1.6457e+41 4.2287e+41 4.8032e+41 1.8044e+39 5.2469e+41 2.7318e+41 3.7667e+42 1.8546e+41 4.5695e+41 3.2047e+41 2.6249e+41 1.8182e+42 1.485e+42
-2.5 0.3 10000.0 -1.7 1.4096e+42 2.0896e+42 2.3954e+42 7.2101e+42 3.7008e+41 3.9688e+40 6.1478e+42 1.1712e+41 2.0927e+41 2.6151e+41 3.2631e+38 1.6998e+41 9.1013e+40 2.0371e+42 9.9655e+40 2.4555e+41 2.2027e+41 1.8184e+41 1.041e+42 8.5495e+41
-2.5 0.3 10000.0 -2.0 1.2053e+42 1.4605e+42 1.3369e+42 4.024e+42 1.7385e+41 3.0586e+40 4.2664e+42 9.026e+40 1.1584e+41 1.6126e+41 3.9945e+37 4.5312e+40 2.601e+40 9.9538e+41 4.3042e+40 1.0607e+41 1.2352e+41 1.0284e+41 5.0973e+41 4.2102e+41
-2.5 0.5 100.0 -1.2 1.8945e+42 3.0069e+42 3.1171e+42 9.3825e+42 8.6627e+41 3.424e+40 9.1957e+42 1.0104e+41 8.6811e+41 6.1235e+41 1.2356e+41 2.3533e+42 1.2972e+42 5.2216e+42 2.8584e+41 7.0415e+41 7.6108e+40 4.504e+40 2.2774e+42 1.4915e+42
-2.5 0.5 100.0 -1.4 1.6207e+42 2.4994e+42 2.9571e+42 8.9008e+42 4.7929e+41 2.5105e+40 7.52e+42 7.4085e+40 5.4413e+41 3.8754e+41 9.7802e+40 1.9278e+42 1.0707e+42 3.8372e+42 2.547e+41 6.2737e+41 7.8895e+40 4.6697e+40 2.0254e+42 1.3265e+42
-2.5 0.5 100.0 -1.7 1.1931e+42 1.7719e+42 2.3226e+42 6.9909e+42 1.7671e+41 1.6062e+40 5.2359e+42 4.74e+40 2.6343e+41 1.9119e+41 6.0638e+40 1.1872e+42 6.6713e+41 2.0924e+42 1.7562e+41 4.3253e+41 6.7446e+40 3.9938e+40 1.4099e+42 9.2342e+41
-2.5 0.5 100.0 -2.0 8.477e+41 1.2253e+42 1.6278e+42 4.8996e+42 6.2815e+40 1.0645e+40 3.5824e+42 3.1413e+40 1.3377e+41 9.909e+40 3.5147e+40 6.4121e+41 3.6479e+41 1.0391e+42 1.0464e+41 2.5768e+41 4.8945e+40 2.9005e+40 8.6091e+41 5.6386e+41
-2.5 0.5 1000.0 -1.2 1.7398e+42 3.1471e+42 3.2858e+42 9.8903e+42 9.4102e+41 3.9624e+40 9.5853e+42 1.1693e+41 9.0489e+41 6.9913e+41 9.96e+40 2.4441e+42 1.3412e+42 5.3006e+42 2.9653e+41 7.3047e+41 8.0344e+40 4.9094e+40 2.3668e+42 1.5816e+42
-2.5 0.5 1000.0 -1.4 1.4946e+42 2.6252e+42 3.1219e+42 9.3969e+42 5.2349e+41 2.9253e+40 7.8657e+42 8.6325e+40 5.4733e+41 4.3907e+41 6.8577e+40 1.9614e+42 1.0785e+42 3.8937e+42 2.6261e+41 6.4686e+41 8.3904e+40 5.1288e+40 2.1051e+42 1.4069e+42
-2.5 0.5 1000.0 -1.7 1.1245e+42 1.8849e+42 2.4585e+42 7.4002e+42 1.9822e+41 1.8761e+40 5.5487e+42 5.5364e+40 2.5164e+41 2.1814e+41 2.9426e+40 1.1141e+42 6.1057e+41 2.1212e+42 1.7827e+41 4.3907e+41 7.3603e+40 4.5032e+40 1.4648e+42 9.7945e+41
-2.5 0.5 1000.0 -2.0 8.3641e+41 1.3213e+42 1.7223e+42 5.1842e+42 7.4406e+40 1.2691e+40 3.8509e+42 3.7451e+40 1.2273e+41 1.167e+41 9.1057e+39 4.9386e+41 2.6917e+41 1.0517e+42 1.0344e+41 2.5477e+41 5.5877e+40 3.423e+40 8.8469e+41 5.9194e+41
-2.5 0.5 10000.0 -1.2 1.4519e+42 3.4132e+42 3.0989e+42 9.3275e+42 1.2932e+42 7.1994e+40 1.0387e+43 2.1245e+41 9.4969e+41 9.6557e+41 4.1919e+39 6.2901e+41 3.2514e+41 5.1133e+42 1.9115e+41 4.71e+41 9.137e+40 7.4399e+40 1.6036e+42 1.304e+42
-2.5 0.5 10000.0 -1.4 1.2996e+42 2.884e+42 2.7733e+42 8.3476e+42 7.7261e+41 5.6749e+40 8.649e+42 1.6747e+41 5.8478e+41 6.174e+41 1.9488e+39 3.9367e+41 2.0494e+41 3.7602e+42 1.5476e+41 3.8133e+41 8.6131e+40 7.0358e+40 1.3119e+42 1.0696e+42
-2.5 0.5 10000.0 -1.7 1.1077e+42 2.0916e+42 1.8928e+42 5.6972e+42 3.4409e+41 4.072e+40 6.1784e+42 1.2016e+41 2.8292e+41 3.2472e+41 3.5214e+38 1.3185e+41 7.098e+40 2.0343e+42 8.5174e+40 2.0989e+41 6.0303e+40 4.9626e+40 7.6504e+41 6.27e+41
-2.5 0.5 10000.0 -2.0 9.5412e+41 1.4618e+42 1.0657e+42 3.2078e+42 1.6012e+41 3.1465e+40 4.2829e+42 9.2854e+40 1.4894e+41 1.9026e+41 4.2814e+37 3.6571e+40 2.0861e+40 9.9433e+41 3.7483e+40 9.2372e+40 3.4294e+40 2.8459e+40 3.7988e+41 3.1309e+41
-1.5 0.1 100.0 -1.2 6.8467e+41 2.6874e+42 5.945e+42 1.7894e+43 5.4971e+41 1.5195e+40 7.9159e+42 4.484e+40 2.9058e+41 2.0456e+41 4.0856e+41 7.9093e+42 4.2688e+42 5.6008e+42 8.8085e+41 2.1583e+42 4.1932e+41 2.4842e+41 3.2858e+42 2.1517e+42
-1.5 0.1 100.0 -1.4 5.0193e+41 2.2106e+42 5.4384e+42 1.637e+43 2.617e+41 8.2043e+39 6.391e+42 2.4211e+40 1.6065e+41 1.1383e+41 2.9102e+41 6.5707e+42 3.4623e+42 4.0464e+42 6.4988e+41 1.5901e+42 3.6887e+41 2.1877e+41 2.6978e+42 1.7667e+42
-1.5 0.1 100.0 -1.7 3.2828e+41 1.6306e+42 4.0673e+42 1.2243e+43 6.9202e+40 3.5195e+39 4.649e+42 1.0386e+40 6.0408e+40 4.359e+40 1.5553e+41 3.9902e+42 2.0581e+42 2.1699e+42 3.4315e+41 8.3773e+41 2.5983e+41 1.5451e+41 1.6918e+42 1.108e+42
-1.5 0.1 100.0 -2.0 2.2605e+41 1.1915e+42 2.7628e+42 8.3159e+42 1.533e+40 1.9015e+39 3.3875e+42 5.6113e+39 2.3845e+40 1.7741e+40 7.4949e+40 2.1046e+42 1.0819e+42 1.069e+42 1.6894e+41 4.1178e+41 1.7749e+41 1.0602e+41 1.0146e+42 6.6457e+41
-1.5 0.1 1000.0 -1.2 9.6883e+41 3.1599e+42 6.7936e+42 2.0449e+43 7.8718e+41 3.1739e+40 9.3598e+42 9.3662e+40 3.794e+41 2.9644e+41 2.465e+41 9.9153e+42 5.1736e+42 5.7522e+42 8.2648e+41 2.0292e+42 5.5424e+41 3.387e+41 5.0038e+42 3.3392e+42
-1.5 0.1 1000.0 -1.4 7.822e+41 2.6416e+42 6.2183e+42 1.8717e+43 4.1334e+41 1.955e+40 7.6774e+42 5.7691e+40 2.2238e+41 1.7857e+41 1.3536e+41 7.4686e+42 3.8819e+42 4.1428e+42 6.1289e+41 1.5043e+42 5.4934e+41 3.3611e+41 4.2468e+42 2.8362e+42
-1.5 0.1 1000.0 -1.7 6.2094e+41 1.9481e+42 4.5639e+42 1.3737e+43 1.4083e+41 9.7785e+39 5.5769e+42 2.8856e+40 9.6773e+40 8.4169e+40 4.2725e+40 3.5146e+42 1.817e+42 2.2075e+42 3.2229e+41 7.9115e+41 4.7587e+41 2.9174e+41 2.7589e+42 1.8447e+42
-1.5 0.1 1000.0 -2.0 5.3735e+41 1.3956e+42 2.9775e+42 8.9623e+42 4.7331e+40 5.9904e+39 3.979e+42 1.7678e+40 4.7749e+40 4.6998e+40 1.2179e+40 1.2092e+42 6.2667e+41 1.0795e+42 1.5275e+41 3.7524e+41 3.7593e+41 2.3095e+41 1.5625e+42 1.046e+42
-1.5 0.1 10000.0 -1.2 2.0287e+42 3.5616e+42 4.9886e+42 1.5016e+43 1.7158e+42 8.8169e+40 1.0707e+43 2.6019e+41 6.1588e+41 6.9671e+41 4.3232e+39 1.2723e+42 6.4736e+41 5.2222e+42 2.8738e+41 7.0791e+41 7.6992e+41 6.2863e+41 3.1765e+42 2.5872e+42
-1.5 0.1 10000.0 -1.4 1.7786e+42 2.9689e+42 4.3693e+42 1.3151e+43 9.6401e+41 6.1573e+40 8.7763e+42 1.817e+41 3.6555e+41 4.3031e+41 1.937e+39 7.428e+41 3.8084e+41 3.8116e+42 2.2071e+41 5.437e+41 7.0508e+41 5.7824e+41 2.4955e+42 2.0397e+42
-1.5 0.1 10000.0 -1.7 1.5263e+42 2.1284e+42 2.8637e+42 8.6199e+42 3.8782e+41 3.8914e+40 6.1995e+42 1.1483e+41 1.6724e+41 2.1966e+41 3.3262e+38 2.1908e+41 1.1617e+41 2.0415e+42 1.1167e+41 2.7513e+41 4.6878e+41 3.8791e+41 1.3654e+42 1.1231e+42
-1.5 0.1 10000.0 -2.0 1.3313e+42 1.469e+42 1.5517e+42 4.6706e+42 1.7202e+41 2.9063e+40 4.2685e+42 8.5764e+40 9.1352e+40 1.3591e+41 3.9205e+37 5.4042e+40 3.1041e+40 9.8907e+41 4.5879e+40 1.1305e+41 2.5414e+41 2.1225e+41 6.4381e+41 5.3282e+41
-1.5 0.3 100.0 -1.2 5.6326e+41 2.198e+42 3.4675e+42 1.0437e+43 5.9349e+41 1.615e+40 6.6618e+42 4.7658e+40 3.6815e+41 2.5783e+41 3.9397e+41 3.5134e+42 2.3646e+42 5.1123e+42 6.0168e+41 1.4779e+42 1.3558e+41 8.0287e+40 2.009e+42 1.3155e+42
-1.5 0.3 100.0 -1.4 3.972e+41 1.7229e+42 3.3913e+42 1.0208e+43 3.0059e+41 8.5068e+39 5.1005e+42 2.5104e+40 2.0839e+41 1.4653e+41 2.9892e+41 2.9219e+42 1.9277e+42 3.7465e+42 5.0715e+41 1.2445e+42 1.384e+41 8.2017e+40 1.8361e+42 1.2024e+42
-1.5 0.3 100.0 -1.7 2.5233e+41 1.2213e+42 2.7893e+42 8.3957e+42 9.0046e+40 3.4435e+39 3.5287e+42 1.0162e+40 8.024e+40 5.71e+40 1.6936e+41 1.9062e+42 1.1815e+42 2.0556e+42 3.1047e+41 7.606e+41 1.13e+41 6.7089e+40 1.2909e+42 8.4538e+41
-1.5 0.3 100.0 -2.0 1.7504e+41 9.0504e+41 2.0357e+42 6.1275e+42 2.3506e+40 1.797e+39 2.5894e+42 5.3029e+39 3.0985e+40 2.2552e+40 8.3875e+40 1.1076e+42 6.487e+41 1.0323e+42 1.6406e+41 4.0135e+41 8.2167e+40 4.8954e+40 8.1267e+41 5.3226e+41
-1.5 0.3 1000.0 -1.2 8.3784e+41 2.9626e+42 5.3186e+42 1.6009e+43 8.1111e+41 2.9366e+40 8.9135e+42 8.6659e+40 4.9533e+41 3.786e+41 2.7016e+41 5.1999e+42 3.2332e+42 5.6282e+42 7.2405e+41 1.7795e+42 2.3957e+41 1.463e+41 3.7881e+42 2.5269e+42
-1.5 0.3 1000.0 -1.4 6.738e+41 2.4473e+42 5.0249e+42 1.5125e+43 4.412e+41 1.8627e+40 7.2133e+42 5.4969e+40 2.9623e+41 2.3096e+41 1.5285e+41 4.2593e+42 2.4688e+42 4.0737e+42 5.6894e+41 1.3979e+42 2.5383e+41 1.5515e+41 3.3665e+42 2.2471e+42
-1.5 0.3 1000.0 -1.7 5.3612e+41 1.8051e+42 3.8548e+42 1.1603e+43 1.5967e+41 9.8728e+39 5.2198e+42 2.9135e+40 1.3062e+41 1.0826e+41 4.822e+40 2.3205e+42 1.2681e+42 2.1838e+42 3.1793e+41 7.8119e+41 2.3616e+41 1.4461e+41 2.2912e+42 1.5312e+42
-1.5 0.3 1000.0 -2.0 4.6796e+41 1.3115e+42 2.5958e+42 7.8133e+42 5.6298e+40 6.2369e+39 3.7617e+42 1.8405e+40 6.1927e+40 5.7173e+40 1.3154e+40 9.0998e+41 5.0052e+41 1.0719e+42 1.564e+41 3.8447e+41 1.9426e+41 1.1918e+41 1.3317e+42 8.9098e+41
-1.5 0.3 10000.0 -1.2 1.7644e+42 3.5451e+42 4.2964e+42 1.2932e+43 1.7539e+42 8.8496e+40 1.075e+43 2.6115e+41 8.5209e+41 9.071e+41 4.6594e+39 9.8282e+41 5.1071e+41 5.2134e+42 2.6214e+41 6.458e+41 3.63e+41 2.9567e+41 2.4565e+42 1.9974e+42
-1.5 0.3 10000.0 -1.4 1.5494e+42 2.9534e+42 3.7888e+42 1.1404e+43 1.0141e+42 6.3895e+40 8.8026e+42 1.8855e+41 5.2199e+41 5.7058e+41 2.0888e+39 5.8965e+41 3.0747e+41 3.8057e+42 2.0474e+41 5.044e+41 3.3716e+41 2.7574e+41 1.9552e+42 1.595e+42
-1.5 0.3 10000.0 -1.7 1.3356e+42 2.121e+42 2.5116e+42 7.5598e+42 4.1693e+41 4.1073e+40 6.2139e+42 1.2121e+41 2.3816e+41 2.8406e+41 3.5755e+38 1.8233e+41 9.758e+40 2.0391e+42 1.0619e+41 2.6165e+41 2.2868e+41 1.8863e+41 1.0905e+42 8.9512e+41
-1.5 0.3 10000.0 -2.0 1.1739e+42 1.4705e+42 1.3747e+42 4.1379e+42 1.8168e+41 3.0401e+40 4.2836e+42 8.9714e+40 1.2016e+41 1.6283e+41 4.1838e+37 4.6842e+40 2.6878e+40 9.8832e+41 4.4556e+40 1.098e+41 1.2613e+41 1.0498e+41 5.2271e+41 4.3163e+41
-1.5 0.5 100.0 -1.2 4.2182e+41 1.9524e+42 1.8984e+42 5.7142e+42 5.2181e+41 1.6967e+40 6.0512e+42 5.007e+40 4.1889e+41 2.9272e+41 3.7158e+41 2.445e+42 1.6323e+42 4.6921e+42 3.5221e+41 8.6651e+41 2.3765e+40 1.4071e+40 1.1189e+42 7.3266e+41
-1.5 0.5 100.0 -1.4 2.9007e+41 1.4804e+42 1.9611e+42 5.9028e+42 2.7547e+41 8.8483e+39 4.4782e+42 2.6111e+40 2.4644e+41 1.726e+41 3.0246e+41 2.1153e+42 1.4839e+42 3.4784e+42 3.3521e+41 8.2419e+41 2.7533e+40 1.6308e+40 1.1162e+42 7.3089e+41
-1.5 0.5 100.0 -1.7 1.8032e+41 1.0002e+42 1.7701e+42 5.3279e+42 8.9253e+40 3.4194e+39 2.9341e+42 1.0091e+40 9.8848e+40 6.981e+40 1.8423e+41 1.3924e+42 1.0236e+42 1.9475e+42 2.4699e+41 6.0661e+41 2.7336e+40 1.6213e+40 9.058e+41 5.9316e+41
-1.5 0.5 100.0 -2.0 1.2568e+41 7.2933e+41 1.3987e+42 4.21e+42 2.5994e+40 1.719e+39 2.1028e+42 5.0728e+39 3.9081e+40 2.8058e+40 9.4287e+40 8.1869e+41 5.9573e+41 9.9578e+41 1.4724e+41 3.6127e+41 2.2378e+40 1.3306e+40 6.2366e+41 4.0843e+41
-1.5 0.5 1000.0 -1.2 6.4669e+41 2.8244e+42 3.7636e+42 1.1329e+43 7.0783e+41 2.745e+40 8.6125e+42 8.1004e+40 5.9073e+41 4.4512e+41 2.9273e+41 4.0388e+42 2.6402e+42 5.5068e+42 5.6415e+41 1.3879e+42 5.7514e+40 3.51e+40 2.621e+42 1.7476e+42
-1.5 0.5 1000.0 -1.4 5.2027e+41 2.3129e+42 3.6724e+42 1.1054e+43 3.9416e+41 1.7477e+40 6.9037e+42 5.1575e+40 3.61e+41 2.7628e+41 1.7101e+41 3.2189e+42 2.0993e+42 4.0045e+42 4.7323e+41 1.164e+42 6.5478e+40 3.9987e+40 2.4485e+42 1.6336e+42
-1.5 0.5 1000.0 -1.7 4.1687e+41 1.696e+42 2.9509e+42 8.8823e+42 1.504e+41 9.5806e+39 4.951e+42 2.8272e+40 1.6484e+41 1.3236e+41 5.4403e+40 1.7818e+42 1.11e+42 2.1599e+42 2.8505e+41 7.0107e+41 6.6521e+40 4.0682e+40 1.7664e+42 1.1798e+42
-1.5 0.5 1000.0 -2.0 3.6809e+41 1.2398e+42 2.0579e+42 6.1943e+42 5.5955e+40 6.291e+39 3.5792e+42 1.8565e+40 7.8775e+40 6.913e+40 1.4327e+40 7.5483e+41 4.3882e+41 1.0642e+42 1.4721e+41 3.6215e+41 5.7581e+40 3.5275e+40 1.0638e+42 7.1135e+41
-1.5 0.5 10000.0 -1.2 1.3712e+42 3.5277e+42 3.3353e+42 1.0039e+43 1.5209e+42 8.5528e+40 1.0785e+43 2.5239e+41 1.0562e+42 1.0759e+42 5.0146e+39 7.2577e+41 3.7584e+41 5.2026e+42 2.1513e+41 5.3005e+41 9.6199e+40 7.8171e+40 1.7502e+42 1.4209e+42
-1.5 0.5 10000.0 -1.4 1.2095e+42 2.9403e+42 2.9615e+42 8.9142e+42 9.0314e+41 6.3509e+40 8.8293e+42 1.8741e+41 6.6687e+41 6.9257e+41 2.252e+39 4.4266e+41 2.3053e+41 3.7993e+42 1.708e+41 4.2085e+41 9.0583e+40 7.388e+40 1.4107e+42 1.1488e+42
-1.5 0.5 10000.0 -1.7 1.0496e+42 2.1126e+42 1.9851e+42 5.9752e+42 3.8861e+41 4.2201e+40 6.2266e+42 1.2454e+41 3.2128e+41 3.5494e+41 3.8545e+38 1.4152e+41 7.6123e+40 2.0365e+42 9.0821e+40 2.2379e+41 6.2632e+40 5.15e+40 8.0198e+41 6.569e+41
-1.5 0.5 10000.0 -2.0 9.2934e+41 1.4693e+42 1.0962e+42 3.2995e+42 1.6993e+41 3.1433e+40 4.2934e+42 9.276e+40 1.5801e+41 1.9571e+41 4.479e+37 3.7797e+40 2.1582e+40 9.8732e+41 3.8802e+40 9.5621e+40 3.502e+40 2.905e+40 3.8963e+41 3.2104e+41
-2.0 0.1 100.0 -1.2 1.4481e+42 3.0455e+42 5.9431e+42 1.7889e+43 7.2194e+41 2.2033e+40 9.0619e+42 6.5019e+40 3.9093e+41 2.7683e+41 2.5299e+41 7.8137e+42 4.0684e+42 5.6093e+42 6.4854e+41 1.5944e+42 5.6756e+41 3.3603e+41 4.6124e+42 3.0206e+42
-2.0 0.1 100.0 -1.4 1.1577e+42 2.5237e+42 5.4699e+42 1.6464e+43 3.5511e+41 1.3684e+40 7.3731e+42 4.038e+40 2.2908e+41 1.6407e+41 1.8434e+41 6.1098e+42 3.1852e+42 4.0669e+42 5.0945e+41 1.2519e+42 5.4526e+41 3.2299e+41 3.7806e+42 2.476e+42
-2.0 0.1 100.0 -1.7 7.9665e+41 1.8275e+42 4.0611e+42 1.2224e+43 1.0385e+41 7.3148e+39 5.2624e+42 2.1586e+40 1.0079e+41 7.3924e+40 1.0144e+41 3.4318e+42 1.7924e+42 2.1841e+42 2.8766e+41 7.0631e+41 4.0958e+41 2.4295e+41 2.3056e+42 1.51e+42
-2.0 0.1 100.0 -2.0 5.4144e+41 1.2942e+42 2.7091e+42 8.1543e+42 2.8378e+40 4.4527e+39 3.7144e+42 1.314e+40 4.8432e+40 3.645e+40 5.2953e+40 1.6867e+42 8.8431e+41 1.0736e+42 1.4531e+41 3.5653e+41 2.7072e+41 1.6098e+41 1.2757e+42 8.3559e+41
-2.0 0.1 1000.0 -1.2 1.4552e+42 3.2087e+42 6.1971e+42 1.8653e+43 8.3383e+41 3.1784e+40 9.5447e+42 9.3795e+40 4.1467e+41 3.2934e+41 1.7568e+41 8.1274e+42 4.1904e+42 5.6536e+42 6.3666e+41 1.5657e+42 6.0381e+41 3.6909e+41 5.0283e+42 3.3579e+42
-2.0 0.1 1000.0 -1.4 1.194e+42 2.6789e+42 5.7253e+42 1.7233e+43 4.2884e+41 2.055e+40 7.8258e+42 6.0643e+40 2.4048e+41 1.9932e+41 1.0505e+41 6.114e+42 3.1501e+42 4.0965e+42 5.0077e+41 1.2311e+42 6.0147e+41 3.6801e+41 4.2115e+42 2.814e+42
-2.0 0.1 1000.0 -1.7 8.9281e+41 1.9559e+42 4.2706e+42 1.2854e+43 1.4344e+41 1.1275e+40 5.6304e+42 3.3272e+40 1.062e+41 9.6928e+40 3.7347e+40 2.9697e+42 1.5285e+42 2.1939e+42 2.8231e+41 6.9393e+41 5.0116e+41 3.0717e+41 2.6837e+42 1.7949e+42
-2.0 0.1 1000.0 -2.0 6.9809e+41 1.3885e+42 2.8286e+42 8.5139e+42 4.9725e+40 7.2639e+39 3.9823e+42 2.1436e+40 5.4454e+40 5.5535e+40 1.105e+40 1.0681e+42 5.5284e+41 1.075e+42 1.3984e+41 3.438e+41 3.7691e+41 2.3148e+41 1.5067e+42 1.0087e+42
-2.0 0.1 10000.0 -1.2 2.0309e+42 3.4994e+42 4.9255e+42 1.4826e+43 1.5469e+42 7.9729e+40 1.0519e+43 2.3528e+41 5.3956e+41 6.1834e+41 4.1964e+39 1.2417e+42 6.3183e+41 5.207e+42 2.8158e+41 6.9365e+41 7.6315e+41 6.2332e+41 3.1289e+42 2.5492e+42
-2.0 0.1 10000.0 -1.4 1.7949e+42 2.9336e+42 4.32e+42 1.3003e+43 8.8962e+41 5.8046e+40 8.6801e+42 1.7129e+41 3.2811e+41 3.9349e+41 1.8909e+39 7.2841e+41 3.7355e+41 3.8083e+42 2.17e+41 5.3456e+41 6.9895e+41 5.7337e+41 2.4645e+42 2.0148e+42
-2.0 0.1 10000.0 -1.7 1.5391e+42 2.1146e+42 2.8439e+42 8.5601e+42 3.7475e+41 3.8432e+40 6.1706e+42 1.1341e+41 1.6033e+41 2.1356e+41 3.2881e+38 2.1712e+41 1.1516e+41 2.0442e+42 1.1062e+41 2.7253e+41 4.6621e+41 3.8584e+41 1.3561e+42 1.1156e+42
-2.0 0.1 10000.0 -2.0 1.3366e+42 1.466e+42 1.5479e+42 4.6591e+42 1.7054e+41 2.9083e+40 4.2644e+42 8.5825e+40 9.0737e+40 1.3564e+41 3.9126e+37 5.3943e+40 3.0986e+40 9.9289e+41 4.5732e+40 1.1269e+41 2.537e+41 2.1189e+41 6.4236e+41 5.3165e+41
-2.0 0.3 100.0 -1.2 1.1978e+42 2.7761e+42 4.3836e+42 1.3195e+43 7.8684e+41 2.2804e+40 8.3977e+42 6.7295e+40 5.2727e+41 3.7068e+41 2.6561e+41 4.2058e+42 2.601e+42 5.3728e+42 5.3402e+41 1.3138e+42 2.2731e+41 1.3456e+41 3.2949e+42 2.1577e+42
-2.0 0.3 100.0 -1.4 9.4843e+41 2.248e+42 4.1473e+42 1.2483e+43 4.0234e+41 1.3938e+40 6.663e+42 4.1132e+40 3.0502e+41 2.1618e+41 1.9951e+41 3.3953e+42 2.0543e+42 3.9143e+42 4.4886e+41 1.1039e+42 2.3373e+41 1.3841e+41 2.8495e+42 1.8661e+42
-2.0 0.3 100.0 -1.7 6.5013e+41 1.5905e+42 3.2092e+42 9.6598e+42 1.2606e+41 7.2309e+39 4.6204e+42 2.1338e+40 1.2816e+41 9.2576e+40 1.1285e+41 2.0278e+42 1.1854e+42 2.1185e+42 2.7629e+41 6.7907e+41 1.9174e+41 1.1367e+41 1.8595e+42 1.2178e+42
-2.0 0.3 100.0 -2.0 4.4416e+41 1.1222e+42 2.2141e+42 6.6646e+42 3.6449e+40 4.3167e+39 3.233e+42 1.2739e+40 5.7093e+40 4.2274e+40 5.9065e+40 1.0689e+42 6.1022e+41 1.0492e+42 1.4753e+41 3.6239e+41 1.338e+41 7.9474e+40 1.0727e+42 7.0255e+41
-2.0 0.3 1000.0 -1.2 1.2474e+42 3.0813e+42 5.0196e+42 1.5109e+43 8.976e+41 3.1701e+40 9.2822e+42 9.3549e+40 5.7972e+41 4.4648e+41 1.9336e+41 4.7965e+42 2.8252e+42 5.5569e+42 5.6772e+41 1.3969e+42 2.687e+41 1.6415e+41 3.8477e+42 2.5685e+42
-2.0 0.3 1000.0 -1.4 1.0224e+42 2.5476e+42 4.7371e+42 1.4259e+43 4.7519e+41 2.0741e+40 7.5271e+42 6.1208e+40 3.3622e+41 2.6722e+41 1.1809e+41 3.8146e+42 2.1675e+42 4.0384e+42 4.6745e+41 1.1499e+42 2.8122e+41 1.7193e+41 3.3437e+42 2.2332e+42
-2.0 0.3 1000.0 -1.7 7.6859e+41 1.8518e+42 3.6484e+42 1.0982e+43 1.6527e+41 1.1572e+40 5.3711e+42 3.4149e+40 1.4377e+41 1.2361e+41 4.1868e+40 2.0616e+42 1.1298e+42 2.1728e+42 2.7877e+41 6.8563e+41 2.4916e+41 1.5256e+41 2.2262e+42 1.4882e+42
-2.0 0.3 1000.0 -2.0 6.0755e+41 1.3234e+42 2.4796e+42 7.4635e+42 5.8372e+40 7.5054e+39 3.8105e+42 2.2149e+40 6.8759e+40 6.5808e+40 1.1946e+40 8.2531e+41 4.5315e+41 1.0678e+42 1.434e+41 3.5272e+41 1.9499e+41 1.1961e+41 1.285e+42 8.5987e+41
-2.0 0.3 10000.0 -1.2 1.7655e+42 3.4944e+42 4.2409e+42 1.2765e+43 1.5975e+42 8.1296e+40 1.0586e+43 2.399e+41 7.6906e+41 8.2309e+41 4.5212e+39 9.596e+41 4.9827e+41 5.1974e+42 2.5672e+41 6.3247e+41 3.5968e+41 2.9307e+41 2.4185e+42 1.9672e+42
-2.0 0.3 10000.0 -1.4 1.5627e+42 2.927e+42 3.7469e+42 1.1278e+43 9.3449e+41 6.0348e+40 8.7225e+42 1.7809e+41 4.7159e+41 5.2245e+41 2.0411e+39 5.7873e+41 3.0169e+41 3.8026e+42 2.0136e+41 4.9608e+41 3.3438e+41 2.7354e+41 1.9316e+42 1.5761e+42
-2.0 0.3 10000.0 -1.7 1.3465e+42 2.1109e+42 2.4942e+42 7.5075e+42 3.9826e+41 4.0352e+40 6.1905e+42 1.1908e+41 2.2407e+41 2.7163e+41 3.5355e+38 1.8064e+41 9.6698e+40 2.0419e+42 1.0519e+41 2.5918e+41 2.2745e+41 1.8764e+41 1.0832e+42 8.8916e+41
-2.0 0.3 10000.0 -2.0 1.1787e+42 1.4673e+42 1.3711e+42 4.1271e+42 1.7901e+41 3.0364e+40 4.2797e+42 8.9604e+40 1.1816e+41 1.6137e+41 4.1766e+37 4.6768e+40 2.6831e+40 9.9198e+41 4.4415e+40 1.0945e+41 1.2592e+41 1.0481e+41 5.2153e+41 4.3067e+41
-2.0 0.5 100.0 -1.2 8.908e+41 2.5715e+42 2.9133e+42 8.7689e+42 7.2261e+41 2.3182e+40 7.8953e+42 6.841e+40 6.6214e+41 4.6351e+41 2.7566e+41 3.1368e+42 1.9388e+42 5.148e+42 3.8548e+41 9.4902e+41 5.0263e+40 2.975e+40 2.1306e+42 1.3952e+42
-2.0 0.5 100.0 -1.4 7.0046e+41 2.0538e+42 2.8293e+42 8.5162e+42 3.8123e+41 1.4013e+40 6.1778e+42 4.1353e+40 3.878e+41 2.73e+41 2.1427e+41 2.5846e+42 1.6386e+42 3.7668e+42 3.4668e+41 8.5327e+41 5.5065e+40 3.2602e+40 1.9426e+42 1.2721e+42
-2.0 0.5 100.0 -1.7 4.8e+41 1.4168e+42 2.2902e+42 6.8936e+42 1.2652e+41 7.1151e+39 4.1608e+42 2.0997e+40 1.6169e+41 1.1549e+41 1.2529e+41 1.5844e+42 1.0345e+42 2.0538e+42 2.3643e+41 5.8167e+41 5.0109e+40 2.9691e+40 1.3741e+42 8.9988e+41
-2.0 0.5 100.0 -2.0 3.3068e+41 9.8807e+41 1.647e+42 4.9574e+42 3.8634e+40 4.1924e+39 2.8633e+42 1.2372e+40 6.9119e+40 5.0438e+40 6.609e+40 8.558e+41 5.6585e+41 1.0244e+42 1.3695e+41 3.3678e+41 3.793e+40 2.2508e+40 8.4431e+41 5.5296e+41
-2.0 0.5 1000.0 -1.2 9.5722e+41 2.9818e+42 3.662e+42 1.1023e+43 8.2169e+41 3.1025e+40 9.085e+42 9.1555e+40 7.4916e+41 5.6534e+41 2.1055e+41 3.6549e+42 2.2211e+42 5.4603e+42 4.5182e+41 1.1123e+42 6.6722e+40 4.0738e+40 2.6941e+42 1.7979e+42
-2.0 0.5 1000.0 -1.4 7.8584e+41 2.4471e+42 3.5325e+42 1.0633e+43 4.4519e+41 2.0406e+40 7.3096e+42 6.0219e+40 4.3847e+41 3.3893e+41 1.3159e+41 2.9103e+42 1.7725e+42 3.9805e+42 3.9077e+41 9.6185e+41 7.3529e+40 4.4918e+40 2.4357e+42 1.626e+42
-2.0 0.5 1000.0 -1.7 5.9614e+41 1.7662e+42 2.8187e+42 8.4842e+42 1.617e+41 1.1579e+40 5.1659e+42 3.417e+40 1.893e+41 1.5562e+41 4.693e+40 1.6149e+42 9.5894e+41 2.1512e+42 2.4936e+41 6.137e+41 7.0115e+40 4.2884e+40 1.7104e+42 1.1428e+42
-2.0 0.5 1000.0 -2.0 4.7746e+41 1.2653e+42 1.9724e+42 5.9371e+42 5.842e+40 7.6202e+39 3.6616e+42 2.2487e+40 8.7209e+40 7.8902e+40 1.2993e+40 6.8755e+41 3.9019e+41 1.0604e+42 1.346e+41 3.3126e+41 5.7628e+40 3.5302e+40 1.0235e+42 6.8451e+41
-2.0 0.5 10000.0 -1.2 1.3734e+42 3.4858e+42 3.2932e+42 9.9124e+42 1.4167e+42 8.0218e+40 1.0637e+43 2.3672e+41 9.995e+41 1.0152e+42 4.8657e+39 7.0806e+41 3.6653e+41 5.1881e+42 2.1071e+41 5.1917e+41 9.5343e+40 7.7505e+40 1.7234e+42 1.3996e+42
-2.0 0.5 10000.0 -1.4 1.2198e+42 2.9206e+42 2.9319e+42 8.8249e+42 8.4388e+41 6.0663e+40 8.7632e+42 1.7902e+41 6.2385e+41 6.5074e+41 2.2074e+39 4.354e+41 2.2673e+41 3.7953e+42 1.6829e+41 4.1467e+41 8.9961e+40 7.339e+40 1.3958e+42 1.1368e+42
-2.0 0.5 10000.0 -1.7 1.058e+42 2.1064e+42 1.9713e+42 5.9337e+42 3.7015e+41 4.1461e+40 6.2101e+42 1.2235e+41 3.0255e+41 3.3874e+41 3.8127e+38 1.4022e+41 7.5445e+40 2.0393e+42 8.9963e+40 2.2168e+41 6.2297e+40 5.1231e+40 7.9655e+41 6.525e+41
-2.0 0.5 10000.0 -2.0 9.3316e+41 1.4672e+42 1.0935e+42 3.2914e+42 1.6639e+41 3.1346e+40 4.2919e+42 9.2503e+40 1.5395e+41 1.9255e+41 4.4729e+37 3.7749e+40 2.1546e+40 9.9099e+41 3.8696e+40 9.5361e+40 3.4977e+40 2.9016e+40 3.8889e+41 3.2044e+41
-3.5 0.1 100.0 -1.2 7.2298e+42 3.0223e+42 2.2629e+42 6.8114e+42 1.0535e+42 7.691e+40 9.1424e+42 2.2696e+41 1.089e+42 7.9904e+41 8.1373e+39 5.2919e+41 2.7154e+41 4.2065e+42 9.2137e+40 2.2706e+41 4.4795e+41 2.6518e+41 1.4742e+42 9.6568e+41
-3.5 0.1 100.0 -1.4 6.6026e+42 2.6562e+42 2.0389e+42 6.1371e+42 7.0734e+41 6.8067e+40 7.9573e+42 2.0086e+41 8.845e+41 6.5462e+41 7.0366e+39 4.2441e+41 2.1975e+41 3.1998e+42 7.8817e+40 1.9424e+41 4.1687e+41 2.4681e+41 1.2706e+42 8.3228e+41
-3.5 0.1 100.0 -1.7 5.1098e+42 1.9774e+42 1.4888e+42 4.4814e+42 3.5922e+41 5.1211e+40 5.8555e+42 1.5112e+41 5.9232e+41 4.4344e+41 4.9917e+39 2.5747e+41 1.363e+41 1.8215e+42 5.2317e+40 1.2893e+41 3.1207e+41 1.848e+41 8.6141e+41 5.6427e+41
-3.5 0.1 100.0 -2.0 3.667e+42 1.3945e+42 9.7501e+41 2.9348e+42 1.8091e+41 3.627e+40 4.0969e+42 1.0703e+41 3.8216e+41 2.8879e+41 3.1452e+39 1.4003e+41 7.7009e+40 9.3617e+41 3.0567e+40 7.5329e+40 2.0509e+41 1.2149e+41 5.1991e+41 3.4058e+41
-3.5 0.1 1000.0 -1.2 6.3204e+42 3.0571e+42 2.2769e+42 6.8534e+42 1.1153e+42 7.773e+40 9.2176e+42 2.2938e+41 9.1465e+41 8.4877e+41 6.5841e+39 5.3927e+41 2.7652e+41 4.1975e+42 9.3635e+40 2.3076e+41 4.4761e+41 2.746e+41 1.4854e+42 9.9547e+41
-3.5 0.1 1000.0 -1.4 5.7643e+42 2.6794e+42 2.0537e+42 6.1816e+42 7.4649e+41 6.8714e+40 7.998e+42 2.0278e+41 7.1358e+41 6.8952e+41 4.942e+39 4.2823e+41 2.2148e+41 3.1922e+42 8.0291e+40 1.9787e+41 4.1797e+41 2.5647e+41 1.283e+42 8.5992e+41
-3.5 0.1 1000.0 -1.7 4.4582e+42 1.9913e+42 1.5029e+42 4.5236e+42 3.7727e+41 5.1643e+40 5.8729e+42 1.524e+41 4.5269e+41 4.6281e+41 2.3747e+39 2.4882e+41 1.3149e+41 1.8165e+42 5.3491e+40 1.3182e+41 3.1494e+41 1.9336e+41 8.7243e+41 5.849e+41
-3.5 0.1 1000.0 -2.0 3.2059e+42 1.4035e+42 9.8677e+41 2.9702e+42 1.8911e+41 3.6621e+40 4.1053e+42 1.0807e+41 2.7953e+41 2.9991e+41 8.2856e+38 1.2184e+41 6.704e+40 9.3262e+41 3.1338e+40 7.7228e+40 2.0869e+41 1.2821e+41 5.2697e+41 3.5341e+41
-3.5 0.1 10000.0 -1.2 3.2881e+42 3.1214e+42 2.2495e+42 6.7711e+42 1.2861e+42 7.9398e+40 9.384e+42 2.343e+41 5.8302e+41 7.5816e+41 5.7956e+38 2.56e+41 1.3251e+41 4.1059e+42 8.8225e+40 2.1743e+41 3.9521e+41 3.2785e+41 1.2709e+42 1.046e+42
-3.5 0.1 10000.0 -1.4 2.976e+42 2.7264e+42 2.0047e+42 6.0342e+42 8.6271e+41 6.9908e+40 8.1121e+42 2.063e+41 4.2104e+41 5.7275e+41 3.1089e+38 1.7562e+41 9.2301e+40 3.1139e+42 7.3455e+40 1.8103e+41 3.6264e+41 3.0141e+41 1.0714e+42 8.8324e+41
-3.5 0.1 10000.0 -1.7 2.3216e+42 2.0263e+42 1.402e+42 4.2199e+42 4.4329e+41 5.2955e+40 5.9579e+42 1.5627e+41 2.4135e+41 3.5232e+41 7.4224e+37 7.2653e+40 3.9753e+40 1.7532e+42 4.4356e+40 1.0931e+41 2.5856e+41 2.1583e+41 6.8111e+41 5.6328e+41
-3.5 0.1 10000.0 -2.0 1.7182e+42 1.4285e+42 8.3212e+41 2.5047e+42 2.2987e+41 3.859e+40 4.1668e+42 1.1388e+41 1.3841e+41 2.164e+41 1.1844e+37 2.5125e+40 1.4266e+40 8.8255e+41 2.1752e+40 5.3609e+40 1.5651e+41 1.3137e+41 3.7316e+41 3.0974e+41
-3.5 0.3 100.0 -1.2 6.3082e+42 3.0396e+42 1.9576e+42 5.8925e+42 1.1327e+42 7.8993e+40 9.2356e+42 2.3311e+41 1.3194e+42 9.5938e+41 8.6005e+39 4.1694e+41 2.1536e+41 4.1937e+42 8.4715e+40 2.0878e+41 2.1334e+41 1.2629e+41 1.1469e+42 7.5126e+41
-3.5 0.3 100.0 -1.4 5.7895e+42 2.6729e+42 1.774e+42 5.3398e+42 7.511e+41 6.9892e+40 8.0429e+42 2.0625e+41 1.0393e+42 7.6264e+41 7.4196e+39 3.4024e+41 1.7747e+41 3.1899e+42 7.3674e+40 1.8157e+41 2.0147e+41 1.1927e+41 1.0023e+42 6.5652e+41
-3.5 0.3 100.0 -1.7 4.5224e+42 1.9839e+42 1.3085e+42 3.9385e+42 3.7282e+41 5.2695e+40 5.8983e+42 1.555e+41 6.7037e+41 4.9831e+41 5.2108e+39 2.1263e+41 1.1353e+41 1.8156e+42 5.0321e+40 1.2401e+41 1.5465e+41 9.1567e+40 6.9583e+41 4.558e+41
-3.5 0.3 100.0 -2.0 3.2841e+42 1.3949e+42 8.6657e+41 2.6084e+42 1.8232e+41 3.7499e+40 4.1117e+42 1.1066e+41 4.2096e+41 3.1639e+41 3.2408e+39 1.1965e+41 6.6402e+40 9.3264e+41 3.0361e+40 7.4824e+40 1.0451e+41 6.1897e+40 4.3133e+41 2.8254e+41
-3.5 0.3 1000.0 -1.2 5.5061e+42 3.0802e+42 1.9674e+42 5.9217e+42 1.2045e+42 7.979e+40 9.3278e+42 2.3546e+41 1.163e+42 1.0295e+42 6.9979e+39 4.2406e+41 2.1884e+41 4.1869e+42 8.5727e+40 2.1127e+41 2.1226e+41 1.3017e+41 1.1515e+42 7.7152e+41
-3.5 0.3 1000.0 -1.4 5.0421e+42 2.6968e+42 1.7841e+42 5.3703e+42 7.9491e+41 7.0494e+40 8.0846e+42 2.0803e+41 8.757e+41 8.0858e+41 5.2579e+39 3.4251e+41 1.7841e+41 3.184e+42 7.4645e+40 1.8396e+41 2.0092e+41 1.2324e+41 1.0074e+42 6.7506e+41
-3.5 0.3 1000.0 -1.7 3.934e+42 1.9987e+42 1.318e+42 3.9672e+42 3.9222e+41 5.3087e+40 5.9179e+42 1.5666e+41 5.314e+41 5.2198e+41 2.5216e+39 2.0499e+41 1.0922e+41 1.8116e+42 5.1078e+40 1.2588e+41 1.5499e+41 9.5108e+40 7.0044e+41 4.6947e+41
-3.5 0.3 1000.0 -2.0 2.8597e+42 1.4051e+42 8.7459e+41 2.6325e+42 1.9108e+41 3.7803e+40 4.1237e+42 1.1156e+41 3.1697e+41 3.2918e+41 8.7791e+38 1.0387e+41 5.7616e+40 9.2986e+41 3.0828e+40 7.5974e+40 1.0538e+41 6.4703e+40 4.3358e+41 2.9068e+41
-3.5 0.3 10000.0 -1.2 2.8632e+42 3.1465e+42 1.9411e+42 5.8428e+42 1.3678e+42 8.1533e+40 9.4976e+42 2.406e+41 8.1446e+41 9.7076e+41 6.1877e+38 2.0203e+41 1.0515e+41 4.1012e+42 8.0122e+40 1.9746e+41 1.8596e+41 1.5396e+41 9.7789e+41 8.038e+41
-3.5 0.3 10000.0 -1.4 2.598e+42 2.7458e+42 1.7383e+42 5.2322e+42 9.0492e+41 7.1772e+40 8.2032e+42 2.118e+41 5.6872e+41 7.0979e+41 3.328e+38 1.4111e+41 7.454e+40 3.1108e+42 6.7605e+40 1.6661e+41 1.726e+41 1.4313e+41 8.334e+41 6.8603e+41
-3.5 0.3 10000.0 -1.7 2.0384e+42 2.0351e+42 1.2253e+42 3.688e+42 4.539e+41 5.4419e+40 6.0054e+42 1.6059e+41 3.1089e+41 4.1812e+41 7.9407e+37 6.0253e+40 3.2915e+40 1.7514e+42 4.1697e+40 1.0276e+41 1.2529e+41 1.0431e+41 5.3899e+41 4.4496e+41
-3.5 0.3 10000.0 -2.0 1.5204e+42 1.4326e+42 7.333e+41 2.2072e+42 2.2895e+41 3.976e+40 4.1917e+42 1.1733e+41 1.704e+41 2.4754e+41 1.2607e+37 2.1309e+40 1.181e+40 8.818e+41 2.089e+40 5.1485e+40 7.7286e+40 6.4672e+40 3.0054e+41 2.4897e+41
-3.5 0.5 100.0 -1.2 4.9378e+42 3.0608e+42 1.5267e+42 4.5953e+42 1.068e+42 8.0615e+40 9.3428e+42 2.379e+41 1.5861e+42 1.1445e+42 9.0687e+39 3.0549e+41 1.5871e+41 4.1812e+42 7.005e+40 1.7264e+41 5.6983e+40 3.3731e+40 8.2086e+41 5.3768e+41
-3.5 0.5 100.0 -1.4 4.5502e+42 2.6863e+42 1.3907e+42 4.186e+42 7.0439e+41 7.1332e+40 8.1185e+42 2.105e+41 1.2232e+42 8.9053e+41 7.8144e+39 2.5362e+41 1.3322e+41 3.1798e+42 6.1859e+40 1.5245e+41 5.4516e+40 3.2272e+40 7.2641e+41 4.7582e+41
-3.5 0.5 100.0 -1.7 3.5841e+42 1.9905e+42 1.0353e+42 3.1163e+42 3.4351e+41 5.3896e+40 5.9418e+42 1.5905e+41 7.6091e+41 5.6158e+41 5.4458e+39 1.6345e+41 8.8065e+40 1.8093e+42 4.3411e+40 1.0699e+41 4.2815e+40 2.5349e+40 5.1566e+41 3.3777e+41
-3.5 0.5 100.0 -2.0 2.6291e+42 1.3961e+42 6.9314e+41 2.0863e+42 1.6436e+41 3.8512e+40 4.1296e+42 1.1365e+41 4.6466e+41 3.4721e+41 3.3462e+39 9.5367e+40 5.3477e+40 9.2913e+41 2.7034e+40 6.6625e+40 2.9697e+40 1.7586e+40 3.2788e+41 2.1477e+41
-3.5 0.5 1000.0 -1.2 4.3028e+42 3.1059e+42 1.5324e+42 4.6127e+42 1.1481e+42 8.1382e+40 9.4472e+42 2.4016e+41 1.4731e+42 1.2513e+42 7.4066e+39 3.0978e+41 1.6081e+41 4.1765e+42 7.0565e+40 1.7391e+41 5.6438e+40 3.4602e+40 8.2096e+41 5.4998e+41
-3.5 0.5 1000.0 -1.4 3.955e+42 2.7117e+42 1.3967e+42 4.204e+42 7.4906e+41 7.1889e+40 8.1633e+42 2.1215e+41 1.0758e+42 9.526e+41 5.577e+39 2.5446e+41 1.3349e+41 3.1757e+42 6.2343e+40 1.5365e+41 5.4096e+40 3.317e+40 7.2695e+41 4.8704e+41
-3.5 0.5 1000.0 -1.7 3.1092e+42 2.0056e+42 1.0407e+42 3.1325e+42 3.6249e+41 5.4241e+40 5.9615e+42 1.6007e+41 6.2568e+41 5.9102e+41 2.6763e+39 1.5695e+41 8.4358e+40 1.8064e+42 4.3748e+40 1.0782e+41 4.2618e+40 2.6141e+40 5.1596e+41 3.4573e+41
-3.5 0.5 1000.0 -2.0 2.2807e+42 1.407e+42 6.9747e+41 2.0994e+42 1.7261e+41 3.8765e+40 4.143e+42 1.1439e+41 3.6047e+41 3.6199e+41 9.3154e+38 8.2505e+40 4.6133e+40 9.2705e+41 2.7175e+40 6.6973e+40 2.9664e+40 1.8203e+40 3.2679e+41 2.1902e+41
-3.5 0.5 10000.0 -1.2 2.2353e+42 3.1689e+42 1.5095e+42 4.5435e+42 1.2923e+42 8.3109e+40 9.6022e+42 2.4525e+41 1.1217e+42 1.2338e+42 6.5928e+38 1.4799e+41 7.7226e+40 4.0965e+42 6.5384e+40 1.6114e+41 4.9025e+40 4.0514e+40 6.9184e+41 5.6797e+41
-3.5 0.5 10000.0 -1.4 2.0323e+42 2.7598e+42 1.3574e+42 4.0859e+42 8.4348e+41 7.3138e+40 8.2755e+42 2.1583e+41 7.6028e+41 8.7498e+41 3.5582e+38 1.0519e+41 5.566e+40 3.1068e+42 5.5844e+40 1.3763e+41 4.5961e+40 3.8033e+40 5.9531e+41 4.8935e+41
-3.5 0.5 10000.0 -1.7 1.6024e+42 2.0429e+42 9.637e+41 2.9007e+42 4.1431e+41 5.5529e+40 6.0489e+42 1.6387e+41 3.9868e+41 4.9501e+41 8.505e+37 4.6323e+40 2.5077e+40 1.7495e+42 3.5121e+40 8.6558e+40 3.3883e+40 2.8138e+40 3.9089e+41 3.2217e+41
-3.5 0.5 10000.0 -2.0 1.2028e+42 1.4358e+42 5.8078e+41 1.7481e+42 2.0418e+41 4.0664e+40 4.2134e+42 1.2e+41 2.0995e+41 2.8294e+41 1.3448e+37 1.659e+40 8.9494e+39 8.8095e+41 1.7921e+40 4.4169e+40 2.1216e+40 1.7703e+40 2.211e+41 1.8283e+41
-3.0 0.1 100.0 -1.2 5.1246e+42 3.1242e+42 3.782e+42 1.1384e+43 9.2479e+41 5.2029e+40 9.4436e+42 1.5354e+41 6.8916e+41 5.0205e+41 3.387e+40 1.8676e+42 9.4823e+41 4.9693e+42 2.1247e+41 5.2349e+41 6.5459e+41 3.8745e+41 2.8459e+42 1.864e+42
-3.0 0.1 100.0 -1.4 4.5763e+42 2.682e+42 3.4689e+42 1.0441e+43 5.5404e+41 4.373e+40 8.0057e+42 1.2905e+41 5.2392e+41 3.8624e+41 2.8296e+40 1.4681e+42 7.4824e+41 3.7053e+42 1.8095e+41 4.4581e+41 6.2016e+41 3.6712e+41 2.4345e+42 1.5946e+42
-3.0 0.1 100.0 -1.7 3.4739e+42 1.967e+42 2.595e+42 7.8111e+42 2.3649e+41 3.1608e+40 5.7919e+42 9.3275e+40 3.3065e+41 2.4761e+41 1.9518e+40 8.5437e+41 4.3971e+41 2.0543e+42 1.1758e+41 2.8968e+41 4.686e+41 2.7749e+41 1.6115e+42 1.0556e+42
-3.0 0.1 100.0 -2.0 2.4799e+42 1.3807e+42 1.7366e+42 5.227e+42 1.0196e+41 2.2087e+40 4.032e+42 6.5179e+40 2.0682e+41 1.5675e+41 1.247e+40 4.3773e+41 2.2946e+41 1.0322e+42 6.6538e+40 1.6392e+41 3.0614e+41 1.8139e+41 9.4151e+41 6.1672e+41
-3.0 0.1 1000.0 -1.2 4.4919e+42 3.1605e+42 3.8039e+42 1.145e+43 9.8782e+41 5.45e+40 9.5253e+42 1.6083e+41 6.0722e+41 5.4053e+41 2.7828e+40 1.8965e+42 9.6248e+41 4.9655e+42 2.146e+41 5.2874e+41 6.5296e+41 3.999e+41 2.8536e+42 1.9104e+42
-3.0 0.1 1000.0 -1.4 4.004e+42 2.7102e+42 3.4939e+42 1.0517e+43 5.9181e+41 4.5513e+40 8.0641e+42 1.3431e+41 4.3688e+41 4.1014e+41 2.0482e+40 1.4708e+42 7.4915e+41 3.702e+42 1.8311e+41 4.5113e+41 6.219e+41 3.8102e+41 2.4468e+42 1.6384e+42
-3.0 0.1 1000.0 -1.7 3.046e+42 1.9864e+42 2.6221e+42 7.8924e+42 2.5369e+41 3.2669e+40 5.8281e+42 9.6405e+40 2.5679e+41 2.5999e+41 9.7572e+39 8.069e+41 4.1507e+41 2.0512e+42 1.194e+41 2.9415e+41 4.7648e+41 2.9217e+41 1.6272e+42 1.09e+42
-3.0 0.1 1000.0 -2.0 2.194e+42 1.3949e+42 1.7614e+42 5.3017e+42 1.1022e+41 2.2863e+40 4.0582e+42 6.7468e+40 1.5279e+41 1.6465e+41 3.3096e+39 3.5643e+41 1.8738e+41 1.0297e+42 6.77e+40 1.6678e+41 3.1847e+41 1.9551e+41 9.5213e+41 6.3808e+41
-3.0 0.1 10000.0 -1.2 2.6006e+42 3.2556e+42 3.6949e+42 1.1122e+43 1.2336e+42 6.7894e+40 9.8042e+42 2.0036e+41 4.6314e+41 5.7095e+41 1.9894e+39 6.8544e+41 3.5019e+41 4.8096e+42 1.8019e+41 4.44e+41 6.1136e+41 5.0284e+41 2.2254e+42 1.8222e+42
-3.0 0.1 10000.0 -1.4 2.3332e+42 2.7947e+42 3.2948e+42 9.9174e+42 7.6459e+41 5.6741e+40 8.3134e+42 1.6744e+41 3.116e+41 4.0521e+41 9.8754e+38 4.3513e+41 2.2459e+41 3.5812e+42 1.4597e+41 3.5968e+41 5.6063e+41 4.6246e+41 1.8241e+42 1.497e+42
-3.0 0.1 10000.0 -1.7 1.8785e+42 2.0523e+42 2.2688e+42 6.829e+42 3.5831e+41 4.2154e+40 6.0242e+42 1.244e+41 1.714e+41 2.4337e+41 2.0253e+38 1.514e+41 8.1102e+40 1.9675e+42 8.2096e+40 2.023e+41 3.8745e+41 3.217e+41 1.0843e+42 8.9388e+41
-3.0 0.1 10000.0 -2.0 1.4889e+42 1.4416e+42 1.2996e+42 3.9118e+42 1.7671e+41 3.1997e+40 4.1982e+42 9.4423e+40 1.0074e+41 1.5554e+41 2.773e+37 4.3225e+40 2.4927e+40 9.7165e+41 3.6964e+40 9.1089e+40 2.2144e+41 1.8526e+41 5.4958e+41 4.5534e+41
-3.0 0.3 100.0 -1.2 4.4322e+42 3.1208e+42 3.2365e+42 9.7419e+42 1.0096e+42 5.3431e+40 9.4846e+42 1.5767e+41 8.8036e+41 6.3459e+41 3.6341e+40 1.4244e+42 7.3562e+41 4.9352e+42 1.9432e+41 4.7881e+41 3.0931e+41 1.8307e+41 2.2093e+42 1.4471e+42
-3.0 0.3 100.0 -1.4 3.9745e+42 2.6777e+42 2.9911e+42 9.0031e+42 6.0423e+41 4.4747e+40 8.0364e+42 1.3205e+41 6.3971e+41 4.6665e+41 3.0386e+40 1.1427e+42 5.9244e+41 3.6803e+42 1.6916e+41 4.168e+41 2.9887e+41 1.7691e+41 1.9243e+42 1.2604e+42
-3.0 0.3 100.0 -1.7 3.0458e+42 1.9523e+42 2.2688e+42 6.829e+42 2.5632e+41 3.2312e+40 5.7743e+42 9.5354e+40 3.8228e+41 2.8364e+41 2.0787e+40 6.8806e+41 3.6032e+41 2.0406e+42 1.1425e+41 2.8148e+41 2.3358e+41 1.383e+41 1.3145e+42 8.6101e+41
-3.0 0.3 100.0 -2.0 2.1999e+42 1.3643e+42 1.5417e+42 4.6405e+42 1.0836e+41 2.2643e+40 3.9974e+42 6.6821e+40 2.3025e+41 1.7327e+41 1.3069e+40 3.66e+41 1.9527e+41 1.0254e+42 6.7377e+40 1.66e+41 1.5802e+41 9.3612e+40 7.9394e+41 5.2004e+41
-3.0 0.3 1000.0 -1.2 3.8902e+42 3.1717e+42 3.2633e+42 9.8224e+42 1.0802e+42 5.6036e+40 9.6103e+42 1.6536e+41 8.1805e+41 6.9227e+41 3.0003e+40 1.45e+42 7.4734e+41 4.9399e+42 1.9621e+41 4.8346e+41 3.0856e+41 1.8891e+41 2.2148e+42 1.4824e+42
-3.0 0.3 1000.0 -1.4 3.4806e+42 2.713e+42 3.0192e+42 9.0879e+42 6.4622e+41 4.6681e+40 8.1147e+42 1.3776e+41 5.6343e+41 5.0177e+41 2.2118e+40 1.1479e+42 5.9362e+41 3.6835e+42 1.7091e+41 4.2111e+41 2.9939e+41 1.8335e+41 1.9319e+42 1.2932e+42
-3.0 0.3 1000.0 -1.7 2.6711e+42 1.979e+42 2.2959e+42 6.9107e+42 2.7498e+41 3.35e+40 5.8318e+42 9.8857e+40 3.1201e+41 3.0068e+41 1.0477e+40 6.53e+41 3.4094e+41 2.0416e+42 1.1547e+41 2.845e+41 2.3662e+41 1.45e+41 1.3222e+42 8.8538e+41
-3.0 0.3 1000.0 -2.0 1.9451e+42 1.3854e+42 1.5642e+42 4.7082e+42 1.1716e+41 2.3505e+40 4.0437e+42 6.9364e+40 1.7711e+41 1.8316e+41 3.5266e+39 3.0065e+41 1.6049e+41 1.0251e+42 6.7906e+40 1.673e+41 1.6303e+41 1.0001e+41 7.9622e+41 5.3338e+41
-3.0 0.3 10000.0 -1.2 2.261e+42 3.2793e+42 3.1866e+42 9.5915e+42 1.3158e+42 7.0065e+40 9.9212e+42 2.0676e+41 6.7532e+41 7.6319e+41 2.138e+39 5.3666e+41 2.7703e+41 4.8025e+42 1.6414e+41 4.0446e+41 2.8817e+41 2.3649e+41 1.7177e+42 1.4043e+42
-3.0 0.3 10000.0 -1.4 2.0324e+42 2.8111e+42 2.8586e+42 8.6044e+42 8.0964e+41 5.8546e+40 8.3998e+42 1.7277e+41 4.3814e+41 5.209e+41 1.0637e+39 3.4796e+41 1.8137e+41 3.5764e+42 1.3506e+41 3.328e+41 2.6774e+41 2.2029e+41 1.4255e+42 1.1678e+42
-3.0 0.3 10000.0 -1.7 1.6455e+42 2.0592e+42 1.9874e+42 5.9821e+42 3.7393e+41 4.3506e+40 6.0674e+42 1.2839e+41 2.2729e+41 2.9549e+41 2.1771e+38 1.2584e+41 6.7889e+40 1.9652e+42 7.7767e+40 1.9164e+41 1.8856e+41 1.5609e+41 8.6305e+41 7.1007e+41
-3.0 0.3 10000.0 -2.0 1.3152e+42 1.4445e+42 1.1495e+42 3.4599e+42 1.8045e+41 3.3058e+40 4.2198e+42 9.7554e+40 1.2632e+41 1.8013e+41 2.9604e+37 3.7338e+40 2.1392e+40 9.7069e+41 3.5804e+40 8.8235e+40 1.0979e+41 9.1543e+40 4.4528e+41 3.6812e+41
-3.0 0.5 100.0 -1.2 3.4424e+42 3.1212e+42 2.4962e+42 7.5136e+42 9.6471e+41 5.4467e+40 9.5405e+42 1.6073e+41 1.1212e+42 8.0117e+41 3.8856e+40 1.0379e+42 5.411e+41 4.9015e+42 1.5971e+41 3.9355e+41 8.2059e+40 4.8566e+40 1.5779e+42 1.0335e+42
-3.0 0.5 100.0 -1.4 3.1005e+42 2.6742e+42 2.3241e+42 6.9955e+42 5.7796e+41 4.5521e+40 8.0716e+42 1.3433e+41 7.8879e+41 5.6985e+41 3.2567e+40 8.4894e+41 4.4477e+41 3.6557e+42 1.4208e+41 3.5011e+41 8.0833e+40 4.7844e+40 1.3993e+42 9.1652e+41
-3.0 0.5 100.0 -1.7 2.3974e+42 1.9405e+42 1.787e+42 5.3789e+42 2.4465e+41 3.2871e+40 5.7684e+42 9.7003e+40 4.4767e+41 3.2907e+41 2.2152e+40 5.2829e+41 2.8006e+41 2.027e+42 9.9714e+40 2.457e+41 6.529e+40 3.8653e+40 9.8596e+41 6.4579e+41
-3.0 0.5 100.0 -2.0 1.752e+42 1.3499e+42 1.2341e+42 3.7146e+42 1.0231e+41 2.3113e+40 3.971e+42 6.8206e+40 2.5911e+41 1.9347e+41 1.3735e+40 2.9196e+41 1.58e+41 1.0186e+42 6.1467e+40 1.5145e+41 4.5822e+40 2.7139e+40 6.1698e+41 4.0412e+41
-3.0 0.5 1000.0 -1.2 3.0247e+42 3.1814e+42 2.5233e+42 7.5951e+42 1.0364e+42 5.7112e+40 9.692e+42 1.6854e+41 1.0931e+42 8.8743e+41 3.2165e+40 1.0554e+42 5.4962e+41 4.9146e+42 1.6126e+41 3.9737e+41 8.1886e+40 5.0115e+40 1.5819e+42 1.0585e+42
-3.0 0.5 1000.0 -1.4 2.7166e+42 2.715e+42 2.3512e+42 7.0771e+42 6.1903e+41 4.7523e+40 8.1643e+42 1.4024e+41 7.2757e+41 6.1871e+41 2.379e+40 8.5158e+41 4.4519e+41 3.6653e+42 1.4335e+41 3.5324e+41 8.0896e+40 4.9519e+40 1.4032e+42 9.391e+41
-3.0 0.5 1000.0 -1.7 2.1039e+42 1.9737e+42 1.8117e+42 5.4532e+42 2.6241e+41 3.4147e+40 5.8441e+42 1.0077e+41 3.8288e+41 3.5177e+41 1.1244e+40 5.0057e+41 2.6419e+41 2.0322e+42 1.0038e+41 2.4735e+41 6.5937e+40 4.0383e+40 9.8863e+41 6.6178e+41
-3.0 0.5 1000.0 -2.0 1.5489e+42 1.3773e+42 1.2527e+42 3.7706e+42 1.1064e+41 2.4046e+40 4.0353e+42 7.0961e+40 2.0784e+41 2.0588e+41 3.7683e+39 2.3983e+41 1.2923e+41 1.0201e+42 6.1391e+40 1.5127e+41 4.6899e+40 2.8747e+40 6.1384e+41 4.1104e+41
-3.0 0.5 10000.0 -1.2 1.7636e+42 3.2976e+42 2.4775e+42 7.4572e+42 1.2371e+42 7.1411e+40 1.0021e+43 2.1074e+41 9.5457e+41 9.9948e+41 2.2935e+39 3.941e+41 2.0371e+41 4.7953e+42 1.3448e+41 3.3141e+41 7.6283e+40 6.2469e+40 1.2206e+42 9.9649e+41
-3.0 0.5 10000.0 -1.4 1.5885e+42 2.8238e+42 2.235e+42 6.7274e+42 7.5827e+41 5.9751e+40 8.4742e+42 1.7632e+41 6.0583e+41 6.6403e+41 1.1453e+39 2.602e+41 1.36e+41 3.5712e+42 1.1232e+41 2.768e+41 7.174e+40 5.888e+40 1.0249e+42 8.3824e+41
-3.0 0.5 10000.0 -1.7 1.2939e+42 2.0653e+42 1.5683e+42 4.7206e+42 3.4629e+41 4.4505e+40 6.1087e+42 1.3134e+41 3.0078e+41 3.5917e+41 2.3454e+38 9.7417e+40 5.2781e+40 1.9627e+42 6.617e+40 1.6307e+41 5.1423e+40 4.2443e+40 6.3161e+41 5.1864e+41
-3.0 0.5 10000.0 -2.0 1.0415e+42 1.4472e+42 9.1479e+41 2.7535e+42 1.6431e+41 3.3887e+40 4.2407e+42 1e+41 1.5936e+41 2.094e+41 3.1709e+37 2.9968e+40 1.6906e+40 9.6971e+41 3.1066e+40 7.656e+40 3.0394e+40 2.5263e+40 3.3075e+41 2.7287e+41
-4.5 0.1 100.0 -1.2 6.5863e+42 2.6373e+42 2.3215e+41 6.9877e+41 1.7026e+42 8.9681e+40 7.9627e+42 2.6465e+41 2.1907e+42 1.5934e+42 2.7777e+38 2.3833e+40 1.2385e+40 1.6526e+42 6.1145e+39 1.507e+40 6.6146e+40 3.9164e+40 1.9396e+41 1.2704e+41
-4.5 0.1 100.0 -1.4 6.0961e+42 2.4232e+42 2.0822e+41 6.2674e+41 1.3675e+42 8.1907e+40 7.2707e+42 2.4171e+41 1.8882e+42 1.3794e+42 2.4346e+38 2.0927e+40 1.0983e+40 1.2733e+42 5.3047e+39 1.3075e+40 6.1832e+40 3.6612e+40 1.679e+41 1.0997e+41
-4.5 0.1 100.0 -1.7 4.7248e+42 1.8869e+42 1.4994e+41 4.5133e+41 8.7431e+41 6.2679e+40 5.6192e+42 1.8497e+41 1.336e+42 9.8204e+41 1.7407e+38 1.5124e+40 8.0745e+39 7.3704e+41 3.6054e+39 8.8862e+39 4.7222e+40 2.7964e+40 1.1537e+41 7.5572e+40
-4.5 0.1 100.0 -2.0 3.3507e+42 1.3637e+42 9.6284e+40 2.8981e+41 5.2317e+41 4.4199e+40 4.0385e+42 1.3043e+41 8.822e+41 6.5222e+41 1.0905e+38 1.0319e+40 5.6047e+39 3.8377e+41 2.1648e+39 5.3356e+39 3.2108e+40 1.9017e+40 7.11e+40 4.6574e+40
-4.5 0.1 1000.0 -1.2 5.8605e+42 2.6664e+42 2.3351e+41 7.0287e+41 1.7885e+42 8.9719e+40 8.0225e+42 2.6476e+41 1.8913e+42 1.7216e+42 2.2185e+38 2.4152e+40 1.2537e+40 1.6488e+42 6.2249e+39 1.5342e+40 6.664e+40 4.0934e+40 1.9759e+41 1.3243e+41
-4.5 0.1 1000.0 -1.4 5.4166e+42 2.4442e+42 2.0957e+41 6.308e+41 1.43e+42 8.1951e+40 7.3064e+42 2.4184e+41 1.5926e+42 1.4816e+42 1.6802e+38 2.0936e+40 1.0961e+40 1.27e+42 5.4094e+39 1.3333e+40 6.2444e+40 3.8367e+40 1.7131e+41 1.1485e+41
-4.5 0.1 1000.0 -1.7 4.1949e+42 1.899e+42 1.5108e+41 4.5475e+41 9.1017e+41 6.2769e+40 5.6321e+42 1.8523e+41 1.0924e+42 1.0489e+42 8.1138e+37 1.4374e+40 7.6161e+39 7.3467e+41 3.6879e+39 9.0897e+39 4.7908e+40 2.9448e+40 1.1808e+41 7.9187e+40
-4.5 0.1 1000.0 -2.0 2.9756e+42 1.3711e+42 9.7089e+40 2.9224e+41 5.4251e+41 4.4321e+40 4.042e+42 1.3079e+41 7.0154e+41 6.9385e+41 2.8623e+37 8.6512e+39 4.6071e+39 3.8217e+41 2.2177e+39 5.4659e+39 3.2729e+40 2.0127e+40 7.2933e+40 4.8925e+40
-4.5 0.1 10000.0 -1.2 3.1341e+42 2.7116e+42 2.2941e+41 6.9054e+41 1.9478e+42 8.4754e+40 8.1187e+42 2.5011e+41 1.157e+42 1.5168e+42 1.9148e+37 1.2528e+40 6.3956e+39 1.6302e+42 6.0785e+39 1.4982e+40 5.9397e+40 4.9639e+40 1.8252e+41 1.5012e+41
-4.5 0.1 10000.0 -1.4 2.8696e+42 2.4779e+42 2.0464e+41 6.1597e+41 1.5474e+42 7.734e+40 7.3699e+42 2.2823e+41 9.306e+41 1.2506e+42 1.0744e+37 9.5035e+39 4.8573e+39 1.2523e+42 5.1954e+39 1.2805e+40 5.5484e+40 4.6451e+40 1.5735e+41 1.2969e+41
-4.5 0.1 10000.0 -1.7 2.2004e+42 1.9188e+42 1.4367e+41 4.3245e+41 9.7766e+41 5.9234e+40 5.6597e+42 1.748e+41 5.9701e+41 8.3355e+41 2.7849e+36 4.6864e+39 2.3924e+39 7.181e+41 3.3237e+39 8.1919e+39 4.1887e+40 3.5172e+40 1.0629e+41 8.7862e+40
-4.5 0.1 10000.0 -2.0 1.5527e+42 1.383e+42 8.6895e+40 2.6156e+41 5.8096e+41 4.1902e+40 4.0537e+42 1.2365e+41 3.6045e+41 5.2293e+41 4.8918e+35 1.8447e+39 9.3821e+38 3.6695e+41 1.7655e+39 4.3514e+39 2.78e+40 2.3421e+40 6.3521e+40 5.2654e+40
-4.5 0.3 100.0 -1.2 5.8479e+42 2.6566e+42 2.0107e+41 6.0523e+41 1.7235e+42 9.2928e+40 8.066e+42 2.7423e+41 2.516e+42 1.8214e+42 2.9152e+38 1.8683e+40 9.6235e+39 1.6504e+42 5.5925e+39 1.3784e+40 3.2002e+40 1.8947e+40 1.523e+41 9.9757e+40
-4.5 0.3 100.0 -1.4 5.4399e+42 2.44e+42 1.8106e+41 5.45e+41 1.3698e+42 8.5016e+40 7.3606e+42 2.5088e+41 2.1415e+42 1.5575e+42 2.549e+38 1.6566e+40 8.5897e+39 1.2717e+42 4.9103e+39 1.2103e+40 3.0297e+40 1.7939e+40 1.3326e+41 8.7282e+40
-4.5 0.3 100.0 -1.7 4.2538e+42 1.8978e+42 1.3128e+41 3.9514e+41 8.6488e+41 6.5316e+40 5.679e+42 1.9275e+41 1.493e+42 1.0931e+42 1.8058e+38 1.2109e+40 6.3503e+39 7.3609e+41 3.4083e+39 8.4004e+39 2.3645e+40 1.4002e+40 9.3261e+40 6.1088e+40
-4.5 0.3 100.0 -2.0 3.048e+42 1.37e+42 8.4938e+40 2.5566e+41 5.1316e+41 4.6306e+40 4.0737e+42 1.3665e+41 9.7576e+41 7.1891e+41 1.118e+38 8.2945e+39 4.3983e+39 3.8328e+41 2.0958e+39 5.1656e+39 1.6476e+40 9.7577e+39 5.8669e+40 3.843e+40
-4.5 0.3 1000.0 -1.2 5.1785e+42 2.6886e+42 2.0176e+41 6.0729e+41 1.834e+42 9.2707e+40 8.1325e+42 2.7358e+41 2.2606e+42 1.9936e+42 2.3426e+38 1.8898e+40 9.7273e+39 1.6465e+42 5.6616e+39 1.3954e+40 3.1961e+40 1.9627e+40 1.5404e+41 1.0323e+41
-4.5 0.3 1000.0 -1.4 4.8062e+42 2.4619e+42 1.8175e+41 5.4705e+41 1.4458e+42 8.4775e+40 7.3973e+42 2.5017e+41 1.8694e+42 1.6874e+42 1.7766e+38 1.6533e+40 8.5589e+39 1.2684e+42 4.9743e+39 1.226e+40 3.0295e+40 1.8608e+40 1.3487e+41 9.0397e+40
-4.5 0.3 1000.0 -1.7 3.7514e+42 1.9094e+42 1.3184e+41 3.9683e+41 9.0409e+41 6.5144e+40 5.6892e+42 1.9224e+41 1.2531e+42 1.1708e+42 8.5758e+37 1.1465e+40 5.9805e+39 7.3384e+41 3.4574e+39 8.5215e+39 2.3707e+40 1.4567e+40 9.4536e+40 6.3384e+40
-4.5 0.3 1000.0 -2.0 2.685e+42 1.3764e+42 8.531e+40 2.5678e+41 5.3226e+41 4.6205e+40 4.0741e+42 1.3635e+41 7.909e+41 7.638e+41 3.0241e+37 6.9078e+39 3.6134e+39 3.8176e+41 2.125e+39 5.2375e+39 1.6557e+40 1.0177e+40 5.9489e+40 3.9897e+40
-4.5 0.3 10000.0 -1.2 2.7588e+42 2.7344e+42 1.9749e+41 5.9444e+41 1.9898e+42 8.7252e+40 8.2281e+42 2.5748e+41 1.4993e+42 1.8272e+42 2.0284e+37 9.6835e+39 4.9241e+39 1.6287e+42 5.4704e+39 1.3483e+40 2.812e+40 2.3461e+40 1.4079e+41 1.1566e+41
-4.5 0.3 10000.0 -1.4 2.5315e+42 2.494e+42 1.7673e+41 5.3195e+41 1.5571e+42 7.9655e+40 7.453e+42 2.3506e+41 1.18e+42 1.4771e+42 1.1408e+37 7.3907e+39 3.7607e+39 1.2512e+42 4.7221e+39 1.1639e+40 2.6528e+40 2.2168e+40 1.2238e+41 1.0073e+41
-4.5 0.3 10000.0 -1.7 1.9519e+42 1.9279e+42 1.2477e+41 3.7555e+41 9.6468e+41 6.1153e+40 5.7113e+42 1.8046e+41 7.3443e+41 9.5954e+41 2.9564e+36 3.6661e+39 1.8636e+39 7.1765e+41 3.0714e+39 7.5702e+39 2.0377e+40 1.7073e+40 8.3875e+40 6.923e+40
-4.5 0.3 10000.0 -2.0 1.3865e+42 1.3877e+42 7.5914e+40 2.285e+41 5.648e+41 4.341e+40 4.0829e+42 1.281e+41 4.3158e+41 5.8961e+41 5.1733e+35 1.4453e+39 7.3281e+38 3.6679e+41 1.6607e+39 4.093e+39 1.3784e+40 1.1583e+40 5.091e+40 4.2131e+40
-4.5 0.5 100.0 -1.2 4.6085e+42 2.6732e+42 1.5654e+41 4.7118e+41 1.519e+42 9.5095e+40 8.1555e+42 2.8062e+41 2.8169e+42 2.0317e+42 3.0532e+38 1.3446e+40 6.8715e+39 1.6484e+42 4.5779e+39 1.1283e+40 8.555e+39 5.065e+39 1.0863e+41 7.115e+40
-4.5 0.5 100.0 -1.4 4.3011e+42 2.4521e+42 1.4143e+41 4.2571e+41 1.1949e+42 8.7081e+40 7.4304e+42 2.5698e+41 2.3703e+42 1.7176e+42 2.6663e+38 1.2025e+40 6.1704e+39 1.2701e+42 4.0634e+39 1.0015e+40 8.1799e+39 4.8431e+39 9.5862e+40 6.2789e+40
-4.5 0.5 100.0 -1.7 3.3835e+42 1.905e+42 1.0312e+41 3.104e+41 7.4575e+41 6.7075e+40 5.7232e+42 1.9794e+41 1.6316e+42 1.1906e+42 1.8747e+38 8.8757e+39 4.5853e+39 7.3507e+41 2.8733e+39 7.0818e+39 6.4905e+39 3.8432e+39 6.8069e+40 4.4586e+40
-4.5 0.5 100.0 -2.0 2.4409e+42 1.3739e+42 6.7149e+40 2.0212e+41 4.384e+41 4.7712e+40 4.0999e+42 1.408e+41 1.0556e+42 7.7544e+41 1.1484e+38 6.0962e+39 3.17e+39 3.8271e+41 1.8048e+39 4.4483e+39 4.6062e+39 2.7277e+39 4.3519e+40 2.8506e+40
-4.5 0.5 1000.0 -1.2 4.0701e+42 2.7082e+42 1.5675e+41 4.7183e+41 1.6555e+42 9.4754e+40 8.2292e+42 2.7962e+41 2.6499e+42 2.2742e+42 2.4637e+38 1.3564e+40 6.9289e+39 1.6449e+42 4.6073e+39 1.1356e+40 8.485e+39 5.2095e+39 1.0927e+41 7.3216e+40
-4.5 0.5 1000.0 -1.4 3.7882e+42 2.4752e+42 1.4165e+41 4.2638e+41 1.2872e+42 8.6698e+40 7.4692e+42 2.5585e+41 2.1553e+42 1.8948e+42 1.8733e+38 1.1972e+40 6.137e+39 1.267e+42 4.0913e+39 1.0084e+40 8.1196e+39 4.986e+39 9.6455e+40 6.4643e+40
-4.5 0.5 1000.0 -1.7 2.971e+42 1.9162e+42 1.0328e+41 3.1088e+41 7.8989e+41 6.6737e+40 5.731e+42 1.9694e+41 1.412e+42 1.2879e+42 9.0594e+37 8.3778e+39 4.3137e+39 7.3287e+41 2.8931e+39 7.1307e+39 6.449e+39 3.9613e+39 6.85e+40 4.592e+40
-4.5 0.5 1000.0 -2.0 2.1389e+42 1.38e+42 6.7227e+40 2.0235e+41 4.5788e+41 4.7467e+40 4.0984e+42 1.4008e+41 8.74e+41 8.266e+41 3.1976e+37 5.0532e+39 2.6052e+39 3.8124e+41 1.8135e+39 4.4698e+39 4.579e+39 2.8137e+39 4.374e+40 2.9329e+40
-4.5 0.5 10000.0 -1.2 2.1612e+42 2.7558e+42 1.5285e+41 4.6008e+41 1.8062e+42 8.8929e+40 8.3272e+42 2.6243e+41 1.9073e+42 2.1719e+42 2.1435e+37 6.8796e+39 3.4864e+39 1.6274e+42 4.4051e+39 1.0857e+40 7.371e+39 6.1417e+39 9.8848e+40 8.1133e+40
-4.5 0.5 10000.0 -1.4 1.9858e+42 2.5074e+42 1.3715e+41 4.1281e+41 1.3898e+42 8.1193e+40 7.5226e+42 2.396e+41 1.4664e+42 1.7189e+42 1.2095e+37 5.2813e+39 2.6774e+39 1.2504e+42 3.8352e+39 9.4527e+39 7.0076e+39 5.8472e+39 8.6494e+40 7.1127e+40
-4.5 0.5 10000.0 -1.7 1.5358e+42 1.9336e+42 9.7246e+40 2.9271e+41 8.4168e+41 6.2402e+40 5.7481e+42 1.8415e+41 8.7988e+41 1.0833e+42 3.1386e+36 2.6345e+39 1.3347e+39 7.1712e+41 2.529e+39 6.2332e+39 5.4481e+39 4.5569e+39 5.9893e+40 4.9382e+40
-4.5 0.5 10000.0 -2.0 1.0954e+42 1.3901e+42 5.9446e+40 1.7893e+41 4.8283e+41 4.4385e+40 4.1025e+42 1.3098e+41 4.994e+41 6.4838e+41 5.4714e+35 1.0399e+39 5.2602e+38 3.6661e+41 1.3865e+39 3.4174e+39 3.7338e+39 3.1315e+39 3.6756e+40 3.0381e+40
-4.0 0.1 100.0 -1.2 7.9588e+42 2.8634e+42 9.1809e+41 2.7635e+42 1.2874e+42 9.3575e+40 8.667e+42 2.7614e+41 1.6131e+42 1.1828e+42 1.5505e+39 1.1708e+41 6.1731e+40 3.0068e+42 2.8673e+40 7.0668e+40 2.0501e+41 1.2138e+41 5.9977e+41 3.9287e+41
-4.0 0.1 100.0 -1.4 7.3095e+42 2.5714e+42 8.226e+41 2.476e+42 9.623e+41 8.4408e+40 7.7215e+42 2.4909e+41 1.3577e+42 1.0018e+42 1.354e+39 9.7693e+40 5.2467e+40 2.3227e+42 2.4675e+40 6.0815e+40 1.9037e+41 1.1272e+41 5.1882e+41 3.3985e+41
-4.0 0.1 100.0 -1.7 5.6431e+42 1.9519e+42 5.931e+41 1.7852e+42 5.644e+41 6.408e+40 5.8047e+42 1.891e+41 9.4104e+41 7.0035e+41 9.658e+38 6.4215e+40 3.5879e+40 1.3519e+42 1.6585e+40 4.0876e+40 1.434e+41 8.4922e+40 3.556e+41 2.3294e+41
-4.0 0.1 100.0 -2.0 4.0094e+42 1.3895e+42 3.8215e+41 1.1503e+42 3.1752e+41 4.5185e+40 4.1029e+42 1.3334e+41 6.1797e+41 4.6328e+41 6.0531e+38 3.9134e+40 2.3092e+40 7.0881e+41 9.8481e+39 2.4272e+40 9.5768e+40 5.6724e+40 2.1807e+41 1.4285e+41
-4.0 0.1 1000.0 -1.2 6.9932e+42 2.8938e+42 9.2396e+41 2.7811e+42 1.3513e+42 9.3722e+40 8.7271e+42 2.7657e+41 1.3471e+42 1.2602e+42 1.2429e+39 1.1917e+41 6.2749e+40 2.999e+42 2.9204e+40 7.1977e+40 2.0575e+41 1.2636e+41 6.0768e+41 4.0743e+41
-4.0 0.1 1000.0 -1.4 6.4153e+42 2.5934e+42 8.2845e+41 2.4936e+42 1.0049e+42 8.4544e+40 7.7581e+42 2.4949e+41 1.0994e+42 1.0602e+42 9.3872e+38 9.8467e+40 5.2767e+40 2.3161e+42 2.5182e+40 6.2064e+40 1.9155e+41 1.1767e+41 5.2662e+41 3.5315e+41
-4.0 0.1 1000.0 -1.7 4.9502e+42 1.9646e+42 5.9812e+41 1.8003e+42 5.8586e+41 6.4224e+40 5.8178e+42 1.8953e+41 7.3173e+41 7.3608e+41 4.5278e+38 6.2225e+40 3.4584e+40 1.3472e+42 1.6983e+40 4.1857e+40 1.45e+41 8.9106e+40 3.6204e+41 2.4284e+41
-4.0 0.1 1000.0 -2.0 3.5195e+42 1.3975e+42 3.8594e+41 1.1617e+42 3.2816e+41 4.5347e+40 4.1078e+42 1.3382e+41 4.6446e+41 4.8486e+41 1.5943e+38 3.4587e+40 2.0114e+40 7.0568e+41 1.0104e+40 2.4904e+40 9.7325e+40 5.9841e+40 2.2237e+41 1.492e+41
-4.0 0.1 10000.0 -1.2 3.6046e+42 2.9472e+42 9.0815e+41 2.7335e+42 1.4968e+42 8.9823e+40 8.8508e+42 2.6507e+41 8.0268e+41 1.073e+42 1.1089e+38 6.3281e+40 3.3184e+40 2.9502e+42 2.8327e+40 6.9816e+40 1.8148e+41 1.5154e+41 5.4576e+41 4.5037e+41
-4.0 0.1 10000.0 -1.4 3.2779e+42 2.6299e+42 8.0808e+41 2.4323e+42 1.105e+42 8.0901e+40 7.832e+42 2.3874e+41 6.1391e+41 8.4979e+41 6.1655e+37 4.6626e+40 2.4693e+40 2.2707e+42 2.3955e+40 5.9041e+40 1.6759e+41 1.4017e+41 4.6739e+41 3.8632e+41
-4.0 0.1 10000.0 -1.7 2.5186e+42 1.9875e+42 5.6527e+41 1.7015e+42 6.4074e+41 6.1599e+40 5.8582e+42 1.8178e+41 3.7337e+41 5.4481e+41 1.5804e+37 2.2287e+40 1.1874e+40 1.3055e+42 1.5031e+40 3.7047e+40 1.2326e+41 1.0342e+41 3.1004e+41 2.5694e+41
-4.0 0.1 10000.0 -2.0 1.7976e+42 1.4127e+42 3.3918e+41 1.0209e+42 3.596e+41 4.3832e+40 4.1326e+42 1.2935e+41 2.1947e+41 3.3684e+41 2.7464e+36 8.6699e+39 4.5732e+39 6.6909e+41 7.7796e+39 1.9174e+40 7.8674e+40 6.627e+40 1.7997e+41 1.4957e+41
-4.0 0.3 100.0 -1.2 6.9934e+42 2.8818e+42 7.9523e+41 2.3936e+42 1.3377e+42 9.6334e+40 8.7604e+42 2.8428e+41 1.892e+42 1.3776e+42 1.6296e+39 9.306e+40 4.9126e+40 3.0016e+42 2.6293e+40 6.4804e+40 9.8035e+40 5.8041e+40 4.6715e+41 3.06e+41
-4.0 0.3 100.0 -1.4 6.4534e+42 2.5883e+42 7.1582e+41 2.1546e+42 9.8287e+41 8.6966e+40 7.8062e+42 2.5664e+41 1.5583e+42 1.1423e+42 1.4197e+39 7.9023e+40 4.2441e+40 2.3186e+42 2.2939e+40 5.6536e+40 9.2207e+40 5.4594e+40 4.0884e+41 2.6781e+41
-4.0 0.3 100.0 -1.7 5.0266e+42 1.9636e+42 5.2019e+41 1.5658e+42 5.6239e+41 6.6238e+40 5.8635e+42 1.9547e+41 1.051e+42 7.7795e+41 1.0031e+39 5.3469e+40 2.9745e+40 1.3493e+42 1.5779e+40 3.889e+40 7.0986e+40 4.2034e+40 2.8582e+41 1.8722e+41
-4.0 0.3 100.0 -2.0 3.6091e+42 1.3951e+42 3.3813e+41 1.0178e+42 3.0954e+41 4.6938e+40 4.1343e+42 1.3852e+41 6.7663e+41 5.0515e+41 6.2116e+38 3.3584e+40 1.9553e+40 7.0725e+41 9.6206e+39 2.3712e+40 4.8595e+40 2.878e+40 1.7927e+41 1.1743e+41
-4.0 0.3 1000.0 -1.2 6.1263e+42 2.9181e+42 7.9891e+41 2.4047e+42 1.4164e+42 9.6328e+40 8.8376e+42 2.8426e+41 1.6518e+42 1.4838e+42 1.3142e+39 9.449e+40 4.9817e+40 2.9945e+42 2.665e+40 6.5682e+40 9.7818e+40 6.0058e+40 4.7103e+41 3.1576e+41
-4.0 0.3 1000.0 -1.4 5.6419e+42 2.612e+42 7.1916e+41 2.1647e+42 1.0324e+42 8.6923e+40 7.8463e+42 2.5651e+41 1.3103e+42 1.2164e+42 9.9388e+38 7.9398e+40 4.2545e+40 2.3126e+42 2.3258e+40 5.7322e+40 9.2099e+40 5.6556e+40 4.1244e+41 2.7652e+41
-4.0 0.3 1000.0 -1.7 4.3872e+42 1.9758e+42 5.2306e+41 1.5744e+42 5.8557e+41 6.6201e+40 5.8739e+42 1.9536e+41 8.4127e+41 8.1923e+41 4.7911e+38 5.1594e+40 2.8519e+40 1.3449e+42 1.6031e+40 3.9511e+40 7.1144e+40 4.3703e+40 2.8883e+41 1.9369e+41
-4.0 0.3 1000.0 -2.0 3.1493e+42 1.4026e+42 3.4021e+41 1.024e+42 3.203e+41 4.6953e+40 4.1372e+42 1.3856e+41 5.1955e+41 5.2836e+41 1.6861e+38 2.9444e+40 1.6811e+40 7.0436e+41 9.771e+39 2.4082e+40 4.8832e+40 3.001e+40 1.8107e+41 1.2146e+41
-4.0 0.3 10000.0 -1.2 3.1487e+42 2.9724e+42 7.8255e+41 2.3555e+42 1.5591e+42 9.2114e+40 8.9623e+42 2.7183e+41 1.0806e+42 1.3306e+42 1.1774e+38 4.9878e+40 2.5999e+40 2.9474e+42 2.5589e+40 6.3067e+40 8.5366e+40 7.1161e+40 4.1916e+41 3.4549e+41
-4.0 0.3 10000.0 -1.4 2.8708e+42 2.6484e+42 6.9921e+41 2.1046e+42 1.1283e+42 8.2989e+40 7.9181e+42 2.449e+41 8.0101e+41 1.0242e+42 6.5614e+37 3.7213e+40 1.9513e+40 2.2688e+42 2.1887e+40 5.3945e+40 7.9683e+40 6.6515e+40 3.6243e+41 2.9918e+41
-4.0 0.3 10000.0 -1.7 2.2174e+42 1.9976e+42 4.921e+41 1.4812e+42 6.3603e+41 6.3289e+40 5.9097e+42 1.8677e+41 4.6611e+41 6.3235e+41 1.6816e+37 1.799e+40 9.4466e+39 1.3045e+42 1.3982e+40 3.4461e+40 5.9571e+40 4.9867e+40 2.4404e+41 2.0193e+41
-4.0 0.3 10000.0 -2.0 1.5938e+42 1.4175e+42 2.9726e+41 8.9476e+41 3.4865e+41 4.518e+40 4.1604e+42 1.3333e+41 2.6361e+41 3.7944e+41 2.9101e+36 6.9787e+39 3.6314e+39 6.6867e+41 7.3766e+39 1.8181e+40 3.8742e+40 3.2546e+40 1.4401e+41 1.1948e+41
-4.0 0.5 100.0 -1.2 5.4919e+42 2.9014e+42 6.2018e+41 1.8667e+42 1.2221e+42 9.8378e+40 8.8562e+42 2.9031e+41 2.1868e+42 1.5828e+42 1.7093e+39 6.8463e+40 3.6043e+40 2.9963e+42 2.1644e+40 5.3345e+40 2.6156e+40 1.5485e+40 3.3335e+41 2.1836e+41
-4.0 0.5 100.0 -1.4 5.0858e+42 2.6022e+42 5.6051e+41 1.6871e+42 8.878e+41 8.8868e+40 7.8785e+42 2.6225e+41 1.7729e+42 1.292e+42 1.4872e+39 5.918e+40 3.1611e+40 2.3143e+42 1.9116e+40 4.7115e+40 2.4864e+40 1.4721e+40 2.9466e+41 1.9301e+41
-4.0 0.5 100.0 -1.7 3.9881e+42 1.9723e+42 4.1011e+41 1.2344e+42 4.9794e+41 6.7842e+40 5.9108e+42 2.002e+41 1.1678e+42 8.5981e+41 1.0428e+39 4.1255e+40 2.2654e+40 1.3464e+42 1.3431e+40 3.3102e+40 1.9494e+40 1.1543e+40 2.0955e+41 1.3727e+41
-4.0 0.5 100.0 -2.0 2.8866e+42 1.3994e+42 2.687e+41 8.088e+41 2.6855e+41 4.8254e+40 4.1606e+42 1.424e+41 7.365e+41 5.4747e+41 6.3865e+38 2.671e+40 1.5151e+40 7.057e+41 8.3909e+39 2.0681e+40 1.3622e+40 8.0668e+39 1.3402e+41 8.779e+40
-4.0 0.5 1000.0 -1.2 4.7997e+42 2.9432e+42 6.2173e+41 1.8714e+42 1.3205e+42 9.8278e+40 8.9489e+42 2.9002e+41 2.0129e+42 1.7434e+42 1.3842e+39 6.9283e+40 3.6433e+40 2.9898e+42 2.1808e+40 5.375e+40 2.5935e+40 1.5919e+40 3.3442e+41 2.2415e+41
-4.0 0.5 1000.0 -1.4 4.4348e+42 2.6276e+42 5.621e+41 1.6919e+42 9.4534e+41 8.8715e+40 7.9228e+42 2.618e+41 1.5573e+42 1.3952e+42 1.0494e+39 5.9249e+40 3.1575e+40 2.3089e+42 1.9271e+40 4.7496e+40 2.4688e+40 1.5156e+40 2.9577e+41 1.9827e+41
-4.0 0.5 1000.0 -1.7 3.4689e+42 1.9841e+42 4.1132e+41 1.2381e+42 5.2208e+41 6.7691e+40 5.9191e+42 1.9976e+41 9.6533e+41 9.1057e+41 5.0658e+38 3.9591e+40 2.1575e+40 1.3426e+42 1.3539e+40 3.3369e+40 1.9382e+40 1.1902e+40 2.1035e+41 1.4103e+41
-4.0 0.5 1000.0 -2.0 2.5071e+42 1.4063e+42 2.6944e+41 8.1101e+41 2.7877e+41 4.8147e+40 4.161e+42 1.4208e+41 5.7893e+41 5.7333e+41 1.7844e+38 2.3153e+40 1.2834e+40 7.0299e+41 8.44e+39 2.0802e+40 1.3555e+40 8.3264e+39 1.3422e+41 9.0011e+40
-4.0 0.5 10000.0 -1.2 2.4608e+42 2.9954e+42 6.0716e+41 1.8275e+42 1.4532e+42 9.3804e+40 9.0633e+42 2.7682e+41 1.4421e+42 1.6419e+42 1.2474e+38 3.6232e+40 1.8725e+40 2.9447e+42 2.0736e+40 5.1107e+40 2.2402e+40 1.8646e+40 2.9497e+41 2.4289e+41
-4.0 0.5 10000.0 -1.4 2.2467e+42 2.6618e+42 5.441e+41 1.6378e+42 1.0313e+42 8.4486e+40 7.985e+42 2.4932e+41 1.0389e+42 1.23e+42 6.9741e+37 2.7307e+40 1.4158e+40 2.2663e+42 1.7906e+40 4.4132e+40 2.1081e+40 1.7567e+40 2.5697e+41 2.1188e+41
-4.0 0.5 10000.0 -1.7 1.7416e+42 2.005e+42 3.8508e+41 1.1591e+42 5.6513e+41 6.45e+40 5.95e+42 1.9034e+41 5.7964e+41 7.3142e+41 1.79e+37 1.3309e+40 6.8949e+39 1.3036e+42 1.162e+40 2.864e+40 1.5968e+40 1.3339e+40 1.7513e+41 1.4472e+41
-4.0 0.5 10000.0 -2.0 1.258e+42 1.421e+42 2.339e+41 7.0404e+41 3.0208e+41 4.6138e+40 4.1822e+42 1.3615e+41 3.1523e+41 4.2521e+41 3.0873e+36 5.1453e+39 2.647e+39 6.6825e+41 6.2282e+39 1.5351e+40 1.0529e+40 8.8246e+39 1.0465e+41 8.6692e+40
-5.0 0.1 100.0 -1.2 4.4266e+42 2.3984e+42 4.5484e+40 1.3691e+41 2.072e+42 7.2107e+40 7.1992e+42 2.1279e+41 2.5788e+42 1.8558e+42 4.938e+37 4.4427e+39 2.2517e+39 6.8207e+41 1.0952e+39 2.6993e+39 1.6835e+40 9.967e+39 5.2378e+40 3.4302e+40
-5.0 0.1 100.0 -1.4 4.1394e+42 2.2562e+42 4.0906e+40 1.2313e+41 1.7344e+42 6.6746e+40 6.7448e+42 1.9697e+41 2.2687e+42 1.6375e+42 4.3323e+37 3.9807e+39 2.0215e+39 5.188e+41 9.5593e+38 2.3561e+39 1.5851e+40 9.3851e+39 4.5361e+40 2.9707e+40
-5.0 0.1 100.0 -1.7 3.2428e+42 1.8028e+42 2.9552e+40 8.8952e+40 1.1651e+42 5.1769e+40 5.3633e+42 1.5277e+41 1.6373e+42 1.187e+42 3.1006e+37 2.9744e+39 1.5153e+39 2.9377e+41 6.5575e+38 1.6162e+39 1.2264e+40 7.2621e+39 3.1213e+40 2.0443e+40
-5.0 0.1 100.0 -2.0 2.3147e+42 1.3264e+42 1.9023e+40 5.7258e+40 7.2463e+41 3.6783e+40 3.9321e+42 1.0855e+41 1.0914e+42 7.9457e+41 1.9422e+37 2.0918e+39 1.0689e+39 1.4932e+41 3.9707e+38 9.7867e+38 8.4624e+39 5.0117e+39 1.9277e+40 1.2625e+40
-5.0 0.1 1000.0 -1.2 4.0265e+42 2.4226e+42 4.5728e+40 1.3764e+41 2.2178e+42 7.2414e+40 7.2466e+42 2.1369e+41 2.354e+42 2.0599e+42 3.9393e+37 4.4908e+39 2.2755e+39 6.8095e+41 1.1142e+39 2.7463e+39 1.703e+40 1.0451e+40 5.3691e+40 3.5946e+40
-5.0 0.1 1000.0 -1.4 3.7618e+42 2.2741e+42 4.1158e+40 1.2388e+41 1.851e+42 6.7064e+40 6.7734e+42 1.979e+41 2.0362e+42 1.8102e+42 2.9858e+37 3.9635e+39 2.0117e+39 5.1773e+41 9.7465e+38 2.4022e+39 1.6086e+40 9.8751e+39 4.66e+40 3.1207e+40
-5.0 0.1 1000.0 -1.7 2.9458e+42 1.8141e+42 2.9765e+40 8.9592e+40 1.2399e+42 5.2075e+40 5.3755e+42 1.5367e+41 1.4348e+42 1.3063e+42 1.4423e+37 2.7859e+39 1.4169e+39 2.9298e+41 6.7051e+38 1.6526e+39 1.2508e+40 7.6824e+39 3.2175e+40 2.1556e+40
-5.0 0.1 1000.0 -2.0 2.104e+42 1.3329e+42 1.9172e+40 5.7707e+40 7.6891e+41 3.7061e+40 3.9345e+42 1.0937e+41 9.3452e+41 8.7111e+41 5.0896e+36 1.6922e+39 8.6106e+38 1.4879e+41 4.0633e+38 1.0015e+39 8.6763e+39 5.3315e+39 1.9929e+40 1.3356e+40
-5.0 0.1 10000.0 -1.2 2.3337e+42 2.4609e+42 4.4965e+40 1.3535e+41 2.4553e+42 6.8994e+40 7.3223e+42 2.036e+41 1.5581e+42 1.9707e+42 3.3397e+36 2.2404e+39 1.1314e+39 6.7579e+41 1.0879e+39 2.6813e+39 1.5339e+40 1.2723e+40 5.0631e+40 4.1235e+40
-5.0 0.1 10000.0 -1.4 2.1585e+42 2.3037e+42 4.0252e+40 1.2116e+41 2.0421e+42 6.3839e+40 6.8229e+42 1.8839e+41 1.3042e+42 1.6825e+42 1.8772e+36 1.7094e+39 8.6336e+38 5.1283e+41 9.3621e+38 2.3075e+39 1.447e+40 1.2029e+40 4.3803e+40 3.5764e+40
-5.0 0.1 10000.0 -1.7 1.6711e+42 1.8323e+42 2.844e+40 8.5606e+40 1.3616e+42 4.9563e+40 5.3965e+42 1.4626e+41 8.7334e+41 1.1633e+42 4.8634e+35 8.4533e+38 4.2682e+38 2.8851e+41 6.0559e+38 1.4926e+39 1.1154e+40 9.3024e+39 2.9891e+40 2.4488e+40
-5.0 0.1 10000.0 -2.0 1.1847e+42 1.3441e+42 1.7369e+40 5.2281e+40 8.4237e+41 3.5314e+40 3.9416e+42 1.0421e+41 5.4091e+41 7.4518e+41 8.5198e+34 3.3247e+38 1.6774e+38 1.4484e+41 3.2601e+38 8.0351e+38 7.6068e+39 6.3642e+39 1.8152e+40 1.4916e+40
-5.0 0.3 100.0 -1.2 4.0202e+42 2.415e+42 3.9419e+40 1.1865e+41 2.165e+42 7.6108e+40 7.2956e+42 2.2459e+41 3.0201e+42 2.1658e+42 5.1804e+37 3.4224e+39 1.7304e+39 6.8062e+41 1.0007e+39 2.4664e+39 8.3067e+39 4.9176e+39 4.1888e+40 2.7432e+40
-5.0 0.3 100.0 -1.4 3.78e+42 2.2693e+42 3.5587e+40 1.0712e+41 1.8051e+42 7.0617e+40 6.8236e+42 2.0839e+41 2.6393e+42 1.8984e+42 4.5348e+37 3.0802e+39 1.5593e+39 5.1776e+41 8.839e+38 2.1786e+39 7.9287e+39 4.6941e+39 3.6669e+40 2.4014e+40
-5.0 0.3 100.0 -1.7 2.9912e+42 1.8113e+42 2.5872e+40 7.7874e+40 1.2114e+42 5.5058e+40 5.4147e+42 1.6248e+41 1.8947e+42 1.3688e+42 3.2155e+37 2.3032e+39 1.1683e+39 2.932e+41 6.1849e+38 1.5244e+39 6.277e+39 3.7166e+39 2.5694e+40 1.6828e+40
-5.0 0.3 100.0 -2.0 2.1594e+42 1.3311e+42 1.677e+40 5.0477e+40 7.5499e+41 3.9366e+40 3.9615e+42 1.1617e+41 1.2598e+42 9.1396e+41 1.9909e+37 1.6103e+39 8.1841e+38 1.4907e+41 3.8306e+38 9.4413e+38 4.4426e+39 2.6307e+39 1.6188e+40 1.0602e+40
-5.0 0.3 1000.0 -1.2 3.6321e+42 2.4406e+42 3.9521e+40 1.1896e+41 2.3465e+42 7.6067e+40 7.3467e+42 2.2447e+41 2.8576e+42 2.4316e+42 4.158e+37 3.4546e+39 1.7465e+39 6.7959e+41 1.0115e+39 2.4932e+39 8.3019e+39 5.0931e+39 4.2509e+40 2.8452e+40
-5.0 0.3 1000.0 -1.4 3.4079e+42 2.2882e+42 3.5692e+40 1.0743e+41 1.9467e+42 7.0561e+40 6.8548e+42 2.0823e+41 2.4484e+42 2.1171e+42 3.1561e+37 3.0629e+39 1.55e+39 5.1668e+41 8.9446e+38 2.2046e+39 7.9368e+39 4.8705e+39 3.7246e+40 2.4937e+40
-5.0 0.3 1000.0 -1.7 2.6905e+42 1.8222e+42 2.5961e+40 7.8144e+40 1.2958e+42 5.501e+40 5.4257e+42 1.6234e+41 1.707e+42 1.512e+42 1.5241e+37 2.1584e+39 1.0937e+39 2.9238e+41 6.2675e+38 1.5448e+39 6.299e+39 3.8671e+39 2.6134e+40 1.7504e+40
-5.0 0.3 1000.0 -2.0 1.9392e+42 1.3373e+42 1.683e+40 5.0658e+40 8.0139e+41 3.9339e+40 3.963e+42 1.1609e+41 1.1039e+42 1.0013e+42 5.3744e+36 1.3083e+39 6.631e+38 1.4852e+41 3.8797e+38 9.5623e+38 4.4684e+39 2.7444e+39 1.6475e+40 1.1038e+40
-5.0 0.3 10000.0 -1.2 2.0939e+42 2.4807e+42 3.8712e+40 1.1652e+41 2.5745e+42 7.1959e+40 7.4269e+42 2.1235e+41 2.027e+42 2.3896e+42 3.5355e+36 1.7176e+39 8.6661e+38 6.7486e+41 9.7771e+38 2.4098e+39 7.36e+39 6.0915e+39 3.9557e+40 3.2157e+40
-5.0 0.3 10000.0 -1.4 1.9416e+42 2.3191e+42 3.4759e+40 1.0462e+41 2.1222e+42 6.6648e+40 6.908e+42 1.9668e+41 1.676e+42 2.017e+42 1.992e+36 1.3174e+39 6.6476e+38 5.1225e+41 8.4942e+38 2.0936e+39 7.0158e+39 5.8188e+39 3.4499e+40 2.8115e+40
-5.0 0.3 10000.0 -1.7 1.5113e+42 1.8405e+42 2.4684e+40 7.4299e+40 1.4004e+42 5.1886e+40 5.4472e+42 1.5312e+41 1.1033e+42 1.3738e+42 5.16e+35 6.5556e+38 3.3072e+38 2.882e+41 5.5817e+38 1.3757e+39 5.5032e+39 4.5778e+39 2.3865e+40 1.9512e+40
-5.0 0.3 10000.0 -2.0 1.0784e+42 1.3479e+42 1.5159e+40 4.563e+40 8.6012e+41 3.7104e+40 3.9689e+42 1.0949e+41 6.7358e+41 8.6966e+41 8.9998e+34 2.587e+38 1.3046e+38 1.447e+41 3.0565e+38 7.5335e+38 3.8274e+39 3.1928e+39 1.4711e+40 1.2062e+40
-5.0 0.5 100.0 -1.2 3.2001e+42 2.4293e+42 3.0663e+40 9.2297e+40 1.9258e+42 7.8561e+40 7.3811e+42 2.3183e+41 3.4107e+42 2.4389e+42 5.4239e+37 2.4258e+39 1.2242e+39 6.7967e+41 8.1692e+38 2.0135e+39 2.2369e+39 1.3242e+39 3.0066e+40 1.969e+40
-5.0 0.5 100.0 -1.4 3.0183e+42 2.2792e+42 2.7767e+40 8.3579e+40 1.5928e+42 7.2973e+40 6.8894e+42 2.1534e+41 2.9493e+42 2.1156e+42 4.7421e+37 2.192e+39 1.1069e+39 5.17e+41 7.2905e+38 1.7969e+39 2.1559e+39 1.2763e+39 2.6524e+40 1.737e+40
-5.0 0.5 100.0 -1.7 2.4012e+42 1.8167e+42 2.029e+40 6.1074e+40 1.0611e+42 5.7033e+40 5.4555e+42 1.683e+41 2.0945e+42 1.5094e+42 3.3376e+37 1.6426e+39 8.3038e+38 2.927e+41 5.1926e+38 1.2798e+39 1.734e+39 1.0267e+39 1.8824e+40 1.2328e+40
-5.0 0.5 100.0 -2.0 1.7443e+42 1.3336e+42 1.3227e+40 3.9814e+40 6.5869e+41 4.0909e+40 3.9841e+42 1.2072e+41 1.3836e+42 1.0014e+42 2.0447e+37 1.1433e+39 5.7862e+38 1.488e+41 3.2819e+38 8.0889e+38 1.2488e+39 7.3944e+38 1.2029e+40 7.8784e+39
-5.0 0.5 1000.0 -1.2 2.8812e+42 2.4596e+42 3.0682e+40 9.2352e+40 2.1309e+42 7.834e+40 7.4472e+42 2.3118e+41 3.3454e+42 2.7835e+42 4.3719e+37 2.4443e+39 1.2334e+39 6.7903e+41 8.2141e+38 2.0246e+39 2.2177e+39 1.3602e+39 3.0316e+40 2.0288e+40
-5.0 0.5 1000.0 -1.4 2.71e+42 2.3009e+42 2.7787e+40 8.3639e+40 1.7501e+42 7.2722e+40 6.9295e+42 2.146e+41 2.8309e+42 2.3947e+42 3.3271e+37 2.1773e+39 1.0993e+39 5.1614e+41 7.3337e+38 1.8076e+39 2.1389e+39 1.3122e+39 2.675e+40 1.7907e+40
-5.0 0.5 1000.0 -1.7 2.1488e+42 1.8283e+42 2.0308e+40 6.1126e+40 1.1507e+42 5.6793e+40 5.4687e+42 1.676e+41 1.9405e+42 1.6837e+42 1.61e+37 1.5406e+39 7.7842e+38 2.9203e+41 5.2258e+38 1.288e+39 1.7221e+39 1.0569e+39 1.8989e+40 1.2716e+40
-5.0 0.5 1000.0 -2.0 1.5573e+42 1.3402e+42 1.3234e+40 3.9833e+40 7.0642e+41 4.073e+40 3.9868e+42 1.2019e+41 1.2407e+42 1.1036e+42 5.6815e+36 9.3269e+38 4.7134e+38 1.4833e+41 3.2951e+38 8.1215e+38 1.2409e+39 7.6184e+38 1.2126e+40 8.1225e+39
-5.0 0.5 10000.0 -1.2 1.6551e+42 2.4968e+42 2.9939e+40 9.0116e+40 2.3197e+42 7.3773e+40 7.5168e+42 2.1771e+41 2.4657e+42 2.7547e+42 3.7339e+36 1.2116e+39 6.1084e+38 6.7446e+41 7.8539e+38 1.9358e+39 1.9385e+39 1.602e+39 2.7896e+40 2.2652e+40
-5.0 0.5 10000.0 -1.4 1.5362e+42 2.3272e+42 2.6947e+40 8.1111e+40 1.8816e+42 6.8338e+40 6.9669e+42 2.0167e+41 1.9889e+42 2.28e+42 2.1106e+36 9.3415e+38 4.7098e+38 5.1177e+41 6.8793e+38 1.6956e+39 1.8616e+39 1.5415e+39 2.4471e+40 1.9919e+40
-5.0 0.5 10000.0 -1.7 1.1988e+42 1.8434e+42 1.9211e+40 5.7825e+40 1.2194e+42 5.3262e+40 5.479e+42 1.5718e+41 1.2742e+42 1.5205e+42 5.474e+35 4.6761e+38 2.3574e+38 2.8791e+41 4.5791e+38 1.1286e+39 1.4771e+39 1.2266e+39 1.7082e+40 1.3949e+40
-5.0 0.5 10000.0 -2.0 8.5859e+41 1.3491e+42 1.1847e+40 3.566e+40 7.4016e+41 3.8165e+40 3.9866e+42 1.1263e+41 7.6489e+41 9.5034e+41 9.5138e+34 1.8503e+38 9.3263e+37 1.4458e+41 2.5402e+38 6.261e+38 1.0403e+39 8.6609e+38 1.0633e+40 8.7072e+39
-1.0 0.1 100.0 -1.2 3.3288e+41 2.1866e+42 4.9586e+42 1.4925e+43 3.5615e+41 9.7759e+39 6.3933e+42 2.8849e+40 1.8147e+41 1.275e+41 4.6013e+41 6.0925e+42 3.3604e+42 5.4539e+42 9.5329e+41 2.3228e+42 2.2433e+41 1.3305e+41 1.7451e+42 1.1427e+42
-1.0 0.1 100.0 -1.4 2.2835e+41 1.8251e+42 4.7466e+42 1.4287e+43 1.7406e+41 5.1276e+39 5.2418e+42 1.5132e+40 1.0322e+41 7.2733e+40 3.3961e+41 5.5515e+42 2.9082e+42 3.9622e+42 7.0857e+41 1.7214e+42 1.8556e+41 1.1028e+41 1.5368e+42 1.0064e+42
-1.0 0.1 100.0 -1.7 1.5039e+41 1.4189e+42 3.7972e+42 1.143e+43 4.7643e+40 2.0412e+39 4.0252e+42 6.0237e+39 3.8615e+40 2.7532e+40 1.8097e+41 3.8668e+42 1.9692e+42 2.1528e+42 3.7147e+41 8.988e+41 1.3597e+41 8.1163e+40 1.1182e+42 7.3235e+41
-1.0 0.1 100.0 -2.0 1.145e+41 1.095e+42 2.703e+42 8.1362e+42 1.0572e+40 1.0467e+39 3.1004e+42 3.0887e+39 1.4424e+40 1.0585e+40 8.4412e+40 2.2658e+42 1.1471e+42 1.0676e+42 1.8246e+41 4.4092e+41 1.0732e+41 6.446e+40 7.9053e+41 5.178e+41
-1.0 0.1 1000.0 -1.2 8.4117e+41 3.1365e+42 6.996e+42 2.1058e+43 7.8081e+41 3.362e+40 9.281e+42 9.9212e+40 3.6441e+41 2.8401e+41 2.7101e+41 1.0409e+43 5.4509e+42 5.7914e+42 9.0307e+41 2.2153e+42 5.28e+41 3.2263e+41 4.9205e+42 3.2828e+42
-1.0 0.1 1000.0 -1.4 6.7737e+41 2.6288e+42 6.3723e+42 1.9181e+43 4.2208e+41 2.0562e+40 7.6308e+42 6.0679e+40 2.2214e+41 1.7658e+41 1.444e+41 7.8649e+42 4.0962e+42 4.1594e+42 6.5206e+41 1.5992e+42 5.2574e+41 3.2167e+41 4.2174e+42 2.8162e+42
-1.0 0.1 1000.0 -1.7 5.5644e+41 1.948e+42 4.6444e+42 1.398e+43 1.4618e+41 9.8439e+39 5.5683e+42 2.9049e+40 9.8054e+40 8.3693e+40 4.4025e+40 3.6618e+42 1.8955e+42 2.213e+42 3.3382e+41 8.1907e+41 4.6671e+41 2.8614e+41 2.7697e+42 1.8518e+42
-1.0 0.1 1000.0 -2.0 5.021e+41 1.3994e+42 3.0128e+42 9.0685e+42 4.792e+40 5.7888e+39 3.9826e+42 1.7083e+40 4.709e+40 4.5705e+40 1.244e+40 1.2441e+42 6.4492e+41 1.0808e+42 1.5594e+41 3.8299e+41 3.7519e+41 2.3052e+41 1.5742e+42 1.0538e+42
-1.0 0.1 10000.0 -1.2 2.0334e+42 3.581e+42 4.992e+42 1.5026e+43 1.7822e+42 9.1232e+40 1.0767e+43 2.6923e+41 6.516e+41 7.3289e+41 4.3083e+39 1.2705e+42 6.4642e+41 5.2101e+42 2.8789e+41 7.0918e+41 7.7004e+41 6.287e+41 3.1787e+42 2.5888e+42
-1.0 0.1 10000.0 -1.4 1.7773e+42 2.9793e+42 4.3737e+42 1.3165e+43 9.8908e+41 6.2711e+40 8.8059e+42 1.8506e+41 3.8047e+41 4.4496e+41 1.9323e+39 7.4261e+41 3.8075e+41 3.8021e+42 2.2114e+41 5.4476e+41 7.0552e+41 5.7857e+41 2.4978e+42 2.0415e+42
-1.0 0.1 10000.0 -1.7 1.5244e+42 2.1311e+42 2.8641e+42 8.6208e+42 3.9143e+41 3.9057e+40 6.2045e+42 1.1526e+41 1.6941e+41 2.2165e+41 3.3144e+38 2.188e+41 1.1601e+41 2.0366e+42 1.1172e+41 2.7524e+41 4.6877e+41 3.879e+41 1.3654e+42 1.1231e+42
-1.0 0.1 10000.0 -2.0 1.3307e+42 1.4693e+42 1.5516e+42 4.6702e+42 1.7229e+41 2.9062e+40 4.2681e+42 8.5763e+40 9.1492e+40 1.3596e+41 3.9084e+37 5.3968e+40 3.1002e+40 9.8662e+41 4.5882e+40 1.1306e+41 2.5415e+41 2.1226e+41 6.4386e+41 5.3286e+41
-1.0 0.3 100.0 -1.2 3.0864e+41 1.6797e+42 2.217e+42 6.6733e+42 3.9899e+41 1.1485e+40 5.1079e+42 3.3893e+40 2.1819e+41 1.5284e+41 4.0321e+41 2.314e+42 1.5931e+42 4.7146e+42 5.2331e+41 1.2829e+42 6.6327e+40 3.9292e+40 8.7836e+41 5.7513e+41
-1.0 0.3 100.0 -1.4 1.9487e+41 1.2961e+42 2.3824e+42 7.1711e+42 2.111e+41 5.7358e+39 3.8415e+42 1.6926e+40 1.3139e+41 9.2167e+40 3.3013e+41 2.1196e+42 1.4485e+42 3.5272e+42 4.7247e+41 1.1565e+42 6.8588e+40 4.0674e+40 9.3322e+41 6.1108e+41
-1.0 0.3 100.0 -1.7 1.1795e+41 9.5331e+41 2.2846e+42 6.8765e+42 6.7536e+40 2.0437e+39 2.7453e+42 6.031e+39 5.4211e+40 3.8272e+40 1.9394e+41 1.6381e+42 1.0243e+42 2.0021e+42 3.1359e+41 7.6532e+41 5.995e+40 3.5656e+40 8.2609e+41 5.4098e+41
-1.0 0.3 100.0 -2.0 8.9525e+40 7.638e+41 1.8455e+42 5.555e+42 1.8684e+40 1.0048e+39 2.1775e+42 2.9652e+39 2.1355e+40 1.5336e+40 9.4336e+40 1.0825e+42 6.313e+41 1.0236e+42 1.6918e+41 4.1207e+41 5.0085e+40 2.9929e+40 6.2232e+41 4.0758e+41
-1.0 0.3 1000.0 -1.2 7.3368e+41 2.9118e+42 5.4014e+42 1.6258e+43 7.7607e+41 2.9229e+40 8.76e+42 8.6254e+40 4.4632e+41 3.4201e+41 2.9633e+41 5.2404e+42 3.3214e+42 5.657e+42 7.83e+41 1.9233e+42 2.2697e+41 1.3858e+41 3.7102e+42 2.4743e+42
-1.0 0.3 1000.0 -1.4 5.8789e+41 2.4139e+42 5.1063e+42 1.537e+43 4.3841e+41 1.8634e+40 7.1121e+42 5.4989e+40 2.8377e+41 2.2042e+41 1.6313e+41 4.3525e+42 2.5414e+42 4.0863e+42 6.0326e+41 1.4815e+42 2.4297e+41 1.485e+41 3.3429e+42 2.231e+42
-1.0 0.3 1000.0 -1.7 4.8223e+41 1.7923e+42 3.9082e+42 1.1764e+43 1.6378e+41 9.7578e+39 5.18e+42 2.8795e+40 1.3107e+41 1.0725e+41 4.9739e+40 2.3829e+42 1.302e+42 2.1887e+42 3.2895e+41 8.0799e+41 2.3174e+41 1.4191e+41 2.3008e+42 1.5375e+42
-1.0 0.3 1000.0 -2.0 4.3782e+41 1.3087e+42 2.6231e+42 7.8954e+42 5.7267e+40 6.0391e+39 3.751e+42 1.7821e+40 6.1707e+40 5.6201e+40 1.3431e+40 9.2993e+41 5.113e+41 1.0732e+42 1.5962e+41 3.9231e+41 1.9392e+41 1.1898e+41 1.3417e+42 8.9765e+41
-1.0 0.3 10000.0 -1.2 1.7693e+42 3.5599e+42 4.2981e+42 1.2937e+43 1.8194e+42 9.0868e+40 1.08e+43 2.6815e+41 8.9403e+41 9.4847e+41 4.6419e+39 9.8104e+41 5.0983e+41 5.2003e+42 2.6252e+41 6.4673e+41 3.629e+41 2.9558e+41 2.4575e+42 1.9981e+42
-1.0 0.3 10000.0 -1.4 1.549e+42 2.9607e+42 3.7932e+42 1.1417e+43 1.0441e+42 6.5031e+40 8.8258e+42 1.9191e+41 5.4435e+41 5.9177e+41 2.085e+39 5.8963e+41 3.0744e+41 3.7962e+42 2.0519e+41 5.0553e+41 3.3746e+41 2.7597e+41 1.9576e+42 1.597e+42
-1.0 0.3 10000.0 -1.7 1.334e+42 2.1224e+42 2.5118e+42 7.5605e+42 4.2243e+41 4.1284e+40 6.2168e+42 1.2183e+41 2.4282e+41 2.8821e+41 3.5615e+38 1.8195e+41 9.7368e+40 2.0343e+42 1.0621e+41 2.617e+41 2.2862e+41 1.8858e+41 1.0903e+42 8.9496e+41
-1.0 0.3 10000.0 -2.0 1.1735e+42 1.471e+42 1.3745e+42 4.1372e+42 1.8237e+41 3.0423e+40 4.2836e+42 8.9777e+40 1.2072e+41 1.6329e+41 4.1705e+37 4.6772e+40 2.684e+40 9.8576e+41 4.4551e+40 1.0978e+41 1.2612e+41 1.0497e+41 5.2267e+41 4.316e+41
-1.0 0.5 100.0 -1.2 2.5094e+41 1.4991e+42 1.0533e+42 3.1704e+42 3.4581e+41 1.2882e+40 4.6752e+42 3.8014e+40 2.3765e+41 1.662e+41 3.5005e+41 1.4859e+42 9.831e+41 4.1614e+42 2.6464e+41 6.5038e+41 1.0117e+40 5.9911e+39 4.4283e+41 2.8994e+41
-1.0 0.5 100.0 -1.4 1.5323e+41 1.1154e+42 1.2081e+42 3.6363e+42 1.91e+41 6.5004e+39 3.3925e+42 1.9183e+40 1.4696e+41 1.0288e+41 3.1374e+41 1.4524e+42 1.0359e+42 3.1778e+42 2.6916e+41 6.6112e+41 1.2647e+40 7.4938e+39 5.1699e+41 3.3851e+41
-1.0 0.5 100.0 -1.7 8.7815e+40 7.5943e+41 1.3317e+42 4.0083e+42 6.6302e+40 2.1789e+39 2.2268e+42 6.4299e+39 6.4476e+40 4.5338e+40 2.0791e+41 1.1414e+42 8.6097e+41 1.8664e+42 2.3196e+41 5.6878e+41 1.4576e+40 8.6522e+39 5.6131e+41 3.6756e+41
-1.0 0.5 100.0 -2.0 6.5838e+40 5.9376e+41 1.2132e+42 3.6518e+42 2.069e+40 9.911e+38 1.7062e+42 2.9247e+39 2.7394e+40 1.9487e+40 1.0599e+41 7.6725e+41 5.5844e+41 9.8119e+41 1.4793e+41 3.6217e+41 1.3912e+40 8.2857e+39 4.7745e+41 3.1267e+41
-1.0 0.5 1000.0 -1.2 5.6974e+41 2.7696e+42 3.7778e+42 1.1371e+43 6.5622e+41 2.6699e+40 8.454e+42 7.8788e+40 5.0348e+41 3.8157e+41 3.2016e+41 4.0936e+42 2.7375e+42 5.5266e+42 6.0411e+41 1.4857e+42 5.4007e+40 3.2953e+40 2.5554e+42 1.7035e+42
-1.0 0.5 1000.0 -1.4 4.5624e+41 2.2689e+42 3.7055e+42 1.1154e+43 3.796e+41 1.6988e+40 6.7727e+42 5.0131e+40 3.2798e+41 2.5127e+41 1.8253e+41 3.2683e+42 2.1749e+42 4.0135e+42 4.9972e+41 1.2287e+42 6.2553e+40 3.8196e+40 2.4292e+42 1.6204e+42
-1.0 0.5 1000.0 -1.7 3.7599e+41 1.6773e+42 2.9836e+42 8.9807e+42 1.5077e+41 9.2783e+39 4.8951e+42 2.738e+40 1.6035e+41 1.279e+41 5.6201e+40 1.8147e+42 1.1456e+42 2.1641e+42 2.949e+41 7.2514e+41 6.5331e+40 3.9954e+40 1.7754e+42 1.1857e+42
-1.0 0.5 1000.0 -2.0 3.4472e+41 1.2336e+42 2.0775e+42 6.2532e+42 5.6678e+40 6.0609e+39 3.5599e+42 1.7886e+40 7.8322e+40 6.8002e+40 1.4623e+40 7.6915e+41 4.5007e+41 1.0653e+42 1.5024e+41 3.6958e+41 5.752e+40 3.5239e+40 1.0722e+42 7.1692e+41
-1.0 0.5 10000.0 -1.2 1.3747e+42 3.5401e+42 3.3377e+42 1.0046e+43 1.5684e+42 8.7115e+40 1.0831e+43 2.5708e+41 1.0919e+42 1.1114e+42 4.9972e+39 7.2492e+41 3.7535e+41 5.1908e+42 2.1552e+41 5.3102e+41 9.6203e+40 7.817e+40 1.7514e+42 1.4217e+42
-1.0 0.5 10000.0 -1.4 1.2093e+42 2.9459e+42 2.965e+42 8.9247e+42 9.2682e+41 6.4342e+40 8.8491e+42 1.8987e+41 6.8827e+41 7.127e+41 2.2473e+39 4.4259e+41 2.3048e+41 3.79e+42 1.7119e+41 4.2179e+41 9.0656e+40 7.3935e+40 1.4125e+42 1.1501e+42
-1.0 0.5 10000.0 -1.7 1.0485e+42 2.113e+42 1.9854e+42 5.976e+42 3.9465e+41 4.242e+40 6.228e+42 1.2518e+41 3.2812e+41 3.6095e+41 3.8391e+38 1.4122e+41 7.5968e+40 2.0317e+42 9.0834e+40 2.2383e+41 6.2613e+40 5.1483e+40 8.0183e+41 6.5676e+41
-1.0 0.5 10000.0 -2.0 9.2887e+41 1.4697e+42 1.0961e+42 3.2993e+42 1.7085e+41 3.1461e+40 4.2933e+42 9.284e+40 1.5928e+41 1.9671e+41 4.4638e+37 3.7733e+40 2.1543e+40 9.8498e+41 3.8794e+40 9.5603e+40 3.5013e+40 2.9045e+40 3.8958e+41 3.2099e+41
