# log(Us)  xid nh alpha [OII]3727 Hbeta [OIII]4959 [OIII]5007 [OI]6300 [NII]6548 Halpha [NII]6584 [SII]6717 [SII]6731 NV1240 CIV1548 CIV1551 HeII1640 OIII]1661 OIII]1666 [SiIII]1883 SiIII]1888 [CIII]1907 CIII]1910 
-1.5 0.1 100.0 -1.2 4.1219e+41 3.1614e+42 4.2104e+42 1.2673e+43 3.9288e+41 7.0084e+39 9.3791e+42 2.0682e+40 2.3369e+41 1.6371e+41 2.4934e+41 7.8329e+42 4.1326e+42 5.6827e+42 7.886e+41 1.9378e+42 3.5857e+41 2.1235e+41 2.6461e+42 1.7327e+42
-1.5 0.1 100.0 -1.4 3.098e+41 2.5771e+42 3.873e+42 1.1658e+43 1.9206e+41 3.8806e+39 7.5027e+42 1.1452e+40 1.2841e+41 9.0409e+40 1.868e+41 6.8079e+42 3.5798e+42 4.0876e+42 6.1233e+41 1.5036e+42 3.3782e+41 2.002e+41 2.3273e+42 1.524e+42
-1.5 0.1 100.0 -1.7 2.0619e+41 1.8491e+42 2.9377e+42 8.8425e+42 5.4456e+40 1.7174e+39 5.2879e+42 5.0681e+39 4.7375e+40 3.3834e+40 1.0759e+41 4.3935e+42 2.297e+42 2.1779e+42 3.5226e+41 8.6406e+41 2.5949e+41 1.5406e+41 1.5939e+42 1.0438e+42
-1.5 0.1 100.0 -2.0 1.4314e+41 1.3152e+42 2.029e+42 6.1073e+42 1.3611e+40 9.2945e+38 3.7361e+42 2.7428e+39 1.7929e+40 1.3135e+40 5.6745e+40 2.4206e+42 1.2589e+42 1.0671e+42 1.8697e+41 4.5826e+41 1.8798e+41 1.1192e+41 1.0146e+42 6.6449e+41
-1.5 0.1 1000.0 -1.2 5.3854e+41 3.4966e+42 4.1996e+42 1.2641e+43 5.3239e+41 1.4662e+40 1.0476e+43 4.3267e+40 2.9088e+41 2.2103e+41 1.49e+41 8.1781e+42 4.2031e+42 5.7624e+42 6.4147e+41 1.5781e+42 4.0505e+41 2.4715e+41 3.5783e+42 2.3857e+42
-1.5 0.1 1000.0 -1.4 4.4023e+41 2.8799e+42 3.8998e+42 1.1738e+43 2.8394e+41 9.1422e+39 8.4614e+42 2.6979e+40 1.6908e+41 1.3119e+41 8.7769e+40 6.3957e+42 3.2812e+42 4.1443e+42 5.0418e+41 1.2401e+42 4.2984e+41 2.6249e+41 3.2199e+42 2.1481e+42
-1.5 0.1 1000.0 -1.7 3.5445e+41 2.0719e+42 2.9255e+42 8.8057e+42 1.0067e+41 4.6185e+39 5.9737e+42 1.3629e+40 7.2042e+40 5.9518e+40 2.9467e+40 3.1411e+42 1.6087e+42 2.2049e+42 2.8562e+41 7.0257e+41 4.0307e+41 2.4648e+41 2.2401e+42 1.496e+42
-1.5 0.1 1000.0 -2.0 3.1203e+41 1.457e+42 1.9475e+42 5.8619e+42 3.54e+40 2.7788e+39 4.1678e+42 8.2003e+39 3.3808e+40 3.1109e+40 7.1827e+39 1.1304e+42 5.8214e+41 1.0767e+42 1.4422e+41 3.5487e+41 3.3472e+41 2.05e+41 1.334e+42 8.9185e+41
-1.5 0.1 10000.0 -1.2 1.0903e+42 3.7122e+42 2.7431e+42 8.2567e+42 1.132e+42 4.0043e+40 1.1262e+43 1.1817e+41 4.8199e+41 5.0379e+41 2.1678e+39 8.2454e+41 4.2033e+41 5.2422e+42 1.8133e+41 4.4681e+41 4.7586e+41 3.8612e+41 1.9336e+42 1.5683e+42
-1.5 0.1 10000.0 -1.4 9.6378e+41 3.0828e+42 2.4388e+42 7.3409e+42 6.4692e+41 2.7915e+40 9.1909e+42 8.2376e+40 2.8822e+41 3.1003e+41 9.6633e+38 5.0044e+41 2.5761e+41 3.8233e+42 1.4466e+41 3.5646e+41 4.4995e+41 3.6641e+41 1.565e+42 1.2731e+42
-1.5 0.1 10000.0 -1.7 8.4101e+41 2.1944e+42 1.6334e+42 4.9165e+42 2.6366e+41 1.7283e+40 6.4337e+42 5.1001e+40 1.2855e+41 1.5127e+41 1.6409e+38 1.5916e+41 8.4949e+40 2.0452e+42 7.7416e+40 1.9077e+41 3.1238e+41 2.564e+41 8.937e+41 7.3118e+41
-1.5 0.1 10000.0 -2.0 7.479e+41 1.5042e+42 9.0001e+41 2.709e+42 1.1436e+41 1.2602e+40 4.393e+42 3.7187e+40 6.4211e+40 8.5943e+40 1.8937e+37 4.2044e+40 2.3875e+40 9.9022e+41 3.3184e+40 8.1781e+40 1.7472e+41 1.4467e+41 4.3446e+41 3.5754e+41
-1.5 0.3 100.0 -1.2 3.3746e+41 2.7835e+42 2.8496e+42 8.5772e+42 4.0069e+41 7.0983e+39 8.4146e+42 2.0947e+40 2.9002e+41 2.0248e+41 2.4405e+41 3.9588e+42 2.4412e+42 5.4002e+42 5.868e+41 1.4435e+42 1.2795e+41 7.5756e+40 1.6906e+42 1.107e+42
-1.5 0.3 100.0 -1.4 2.4859e+41 2.21e+42 2.7232e+42 8.197e+42 2.03e+41 3.8453e+39 6.5463e+42 1.1347e+40 1.6166e+41 1.1326e+41 1.8981e+41 3.431e+42 2.104e+42 3.9138e+42 4.9071e+41 1.2065e+42 1.3195e+41 7.8166e+40 1.5911e+42 1.0418e+42
-1.5 0.3 100.0 -1.7 1.6357e+41 1.5537e+42 2.1856e+42 6.5786e+42 6.1446e+40 1.6446e+39 4.4984e+42 4.8533e+39 6.013e+40 4.2568e+40 1.1339e+41 2.3091e+42 1.3723e+42 2.1106e+42 3.0979e+41 7.61e+41 1.1256e+41 6.6779e+40 1.1839e+42 7.7528e+41
-1.5 0.3 100.0 -2.0 1.1423e+41 1.1131e+42 1.5791e+42 4.7532e+42 1.6625e+40 8.8105e+38 3.185e+42 2.6e+39 2.2266e+40 1.6084e+40 6.046e+40 1.3599e+42 7.8089e+41 1.045e+42 1.7359e+41 4.2613e+41 8.6283e+40 5.1311e+40 7.887e+41 5.1651e+41
-1.5 0.3 1000.0 -1.2 4.6109e+41 3.3856e+42 3.4052e+42 1.025e+43 5.2677e+41 1.3645e+40 1.0256e+43 4.0266e+40 3.6582e+41 2.7381e+41 1.5678e+41 4.6999e+42 2.7788e+42 5.6921e+42 5.5422e+41 1.3641e+42 1.7564e+41 1.0713e+41 2.6538e+42 1.7688e+42
-2.5 0.1 100.0 -1.2 1.6353e+42 3.3895e+42 2.9223e+42 8.7963e+42 6.0266e+41 1.4333e+40 1.0304e+43 4.2297e+40 3.8145e+41 2.7062e+41 5.995e+40 3.1743e+42 1.6094e+42 5.4171e+42 2.7396e+41 6.7494e+41 4.3843e+41 2.5945e+41 2.8132e+42 1.8424e+42
-2.5 0.1 100.0 -1.4 1.4212e+42 2.8384e+42 2.775e+42 8.3526e+42 3.2701e+41 1.0719e+40 8.5009e+42 3.1632e+40 2.4185e+41 1.7371e+41 4.9268e+40 2.6102e+42 1.3266e+42 3.9669e+42 2.4348e+41 5.998e+41 4.5562e+41 2.6967e+41 2.5024e+42 1.6388e+42
-2.5 0.1 100.0 -1.7 1.0661e+42 2.0324e+42 2.1783e+42 6.5565e+42 1.1725e+41 7.0429e+39 5.9928e+42 2.0784e+40 1.2204e+41 8.9594e+40 3.2735e+40 1.612e+42 8.2396e+41 2.15e+42 1.6777e+41 4.1324e+41 3.9083e+41 2.3141e+41 1.7463e+42 1.1437e+42
-2.5 0.1 100.0 -2.0 7.6989e+41 1.4085e+42 1.5291e+42 4.6027e+42 4.1183e+40 4.7612e+39 4.1153e+42 1.405e+40 6.5831e+40 4.9337e+40 2.011e+40 8.7008e+41 4.4929e+41 1.0615e+42 1.0101e+41 2.4878e+41 2.8663e+41 1.6984e+41 1.0781e+42 7.0609e+41
-2.5 0.1 1000.0 -1.2 1.4566e+42 3.4284e+42 2.9231e+42 8.7986e+42 6.4779e+41 1.6649e+40 1.0395e+43 4.9131e+40 3.793e+41 3.0024e+41 4.7223e+40 3.1651e+42 1.6037e+42 5.4189e+42 2.6927e+41 6.634e+41 4.3612e+41 2.6644e+41 2.7872e+42 1.8623e+42
-2.5 0.1 1000.0 -1.4 1.2647e+42 2.8725e+42 2.7751e+42 8.3531e+42 3.5435e+41 1.2355e+40 8.579e+42 3.6461e+40 2.3006e+41 1.9095e+41 3.3466e+40 2.5327e+42 1.2861e+42 3.967e+42 2.3827e+41 5.8699e+41 4.5605e+41 2.7871e+41 2.4807e+42 1.6578e+42
-2.5 0.1 1000.0 -1.7 9.6086e+41 2.0616e+42 2.1769e+42 6.5526e+42 1.3043e+41 7.9561e+39 6.0626e+42 2.3478e+40 1.0772e+41 9.8035e+40 1.4423e+40 1.4147e+42 7.2262e+41 2.1497e+42 1.6209e+41 3.9928e+41 4.0028e+41 2.4483e+41 1.7307e+42 1.1571e+42
-2.5 0.1 1000.0 -2.0 7.1785e+41 1.433e+42 1.5183e+42 4.5701e+42 4.8463e+40 5.3894e+39 4.1775e+42 1.5904e+40 5.509e+40 5.5174e+40 4.1429e+39 6.0776e+41 3.1492e+41 1.0609e+42 9.4892e+40 2.3374e+41 3.0409e+41 1.8622e+41 1.0532e+42 7.0457e+41
-2.5 0.1 10000.0 -1.2 1.1554e+42 3.528e+42 2.536e+42 7.6333e+42 9.0435e+41 2.9817e+40 1.0711e+43 8.7989e+40 3.8704e+41 4.1193e+41 1.7879e+39 7.0545e+41 3.5999e+41 5.1467e+42 1.6002e+41 3.9432e+41 4.4971e+41 3.6569e+41 1.762e+42 1.4316e+42
-1.5 0.3 1000.0 -1.4 3.7614e+41 2.7721e+42 3.2177e+42 9.6851e+42 2.8678e+41 8.6824e+39 8.2339e+42 2.5622e+40 2.1498e+41 1.6354e+41 9.3639e+40 3.8854e+42 2.1892e+42 4.1046e+42 4.5043e+41 1.1084e+42 1.9403e+41 1.1843e+41 2.4573e+42 1.6388e+42
-2.5 0.1 10000.0 -1.4 1.0384e+42 2.975e+42 2.2741e+42 6.845e+42 5.3367e+41 2.3209e+40 8.9092e+42 6.8489e+40 2.3531e+41 2.6229e+41 8.2855e+38 4.4126e+41 2.2743e+41 3.781e+42 1.3037e+41 3.2126e+41 4.2602e+41 3.4748e+41 1.4489e+42 1.1801e+42
-2.5 0.1 10000.0 -1.7 8.8906e+41 2.1449e+42 1.5529e+42 4.6741e+42 2.3453e+41 1.6418e+40 6.3367e+42 4.8449e+40 1.1388e+41 1.3999e+41 1.4914e+38 1.4755e+41 7.8853e+40 2.0422e+42 7.2331e+40 1.7825e+41 2.9979e+41 2.4628e+41 8.4975e+41 6.9564e+41
-2.5 0.1 10000.0 -2.0 7.6831e+41 1.4887e+42 8.7387e+41 2.6303e+42 1.0939e+41 1.2626e+40 4.3648e+42 3.7258e+40 6.199e+40 8.5196e+40 1.8063e+37 4.0621e+40 2.3046e+40 9.9706e+41 3.2014e+40 7.8898e+40 1.7089e+41 1.4155e+41 4.2306e+41 3.4825e+41
-2.5 0.3 100.0 -1.2 1.3874e+42 3.3658e+42 2.4345e+42 7.3277e+42 6.2975e+41 1.4627e+40 1.0288e+43 4.3164e+40 5.025e+41 3.5417e+41 6.2398e+40 2.2205e+42 1.174e+42 5.3679e+42 2.3765e+41 5.8554e+41 1.9619e+41 1.161e+41 2.0921e+42 1.3701e+42
-2.5 0.3 100.0 -1.4 1.2058e+42 2.8087e+42 2.3259e+42 7.0008e+42 3.445e+41 1.0873e+40 8.455e+42 3.2087e+40 3.0958e+41 2.2045e+41 5.1562e+40 1.8513e+42 9.817e+41 3.9327e+42 2.1505e+41 5.2981e+41 2.0719e+41 1.2262e+41 1.889e+42 1.2371e+42
-2.5 0.3 100.0 -1.7 9.067e+41 1.9986e+42 1.8459e+42 5.5563e+42 1.2482e+41 7.0938e+39 5.918e+42 2.0934e+40 1.4733e+41 1.0704e+41 3.4309e+40 1.1724e+42 6.2553e+41 2.1332e+42 1.5279e+41 3.7641e+41 1.8262e+41 1.0812e+41 1.3517e+42 8.8523e+41
-2.5 0.3 100.0 -2.0 6.58e+41 1.379e+42 1.3118e+42 3.9485e+42 4.3812e+40 4.7825e+39 4.0423e+42 1.4113e+40 7.4775e+40 5.5509e+40 2.0936e+40 6.5303e+41 3.5175e+41 1.0539e+42 9.4999e+40 2.3401e+41 1.3772e+41 8.159e+40 8.5622e+41 5.6077e+41
-2.5 0.3 1000.0 -1.2 1.2435e+42 3.4254e+42 2.4611e+42 7.4079e+42 6.7854e+41 1.6945e+40 1.0439e+43 5.0004e+40 5.1519e+41 3.9625e+41 4.9413e+40 2.2411e+42 1.1769e+42 5.3887e+42 2.3576e+41 5.8087e+41 1.9736e+41 1.2054e+41 2.0896e+42 1.3959e+42
-2.5 0.3 1000.0 -1.4 1.08e+42 2.8636e+42 2.3516e+42 7.0783e+42 3.7327e+41 1.2559e+40 8.5931e+42 3.7062e+40 3.0589e+41 2.4455e+41 3.5182e+40 1.8253e+42 9.591e+41 3.9475e+42 2.1222e+41 5.2285e+41 2.0967e+41 1.281e+41 1.8864e+42 1.2604e+42
-2.5 0.3 1000.0 -1.7 8.2318e+41 2.0483e+42 1.8638e+42 5.6101e+42 1.384e+41 8.0785e+39 6.0462e+42 2.384e+40 1.3658e+41 1.185e+41 1.5153e+40 1.0535e+42 5.5523e+41 2.1405e+42 1.4818e+41 3.6506e+41 1.8849e+41 1.1524e+41 1.3441e+42 8.9843e+41
-1.5 0.3 1000.0 -1.7 3.0318e+41 1.9932e+42 2.4756e+42 7.4515e+42 1.0467e+41 4.5633e+39 5.7982e+42 1.3466e+40 9.1466e+40 7.323e+40 3.1354e+40 2.1145e+42 1.1432e+42 2.1908e+42 2.6525e+41 6.5276e+41 1.9083e+41 1.1661e+41 1.7638e+42 1.1775e+42
-2.5 0.3 1000.0 -2.0 6.1853e+41 1.4213e+42 1.3148e+42 3.9575e+42 5.1098e+40 5.473e+39 4.1555e+42 1.6151e+40 6.5664e+40 6.2754e+40 4.337e+39 4.7154e+41 2.5138e+41 1.0573e+42 8.8989e+40 2.1922e+41 1.4652e+41 8.9677e+40 8.341e+41 5.5784e+41
-2.5 0.3 10000.0 -1.2 9.92e+41 3.5472e+42 2.1627e+42 6.5096e+42 9.2059e+41 3.0371e+40 1.0809e+43 8.9624e+40 5.3562e+41 5.368e+41 1.864e+39 5.3173e+41 2.7416e+41 5.142e+42 1.4053e+41 3.463e+41 2.055e+41 1.669e+41 1.3205e+42 1.072e+42
-2.5 0.3 10000.0 -1.4 8.9107e+41 2.9888e+42 1.9459e+42 5.8573e+42 5.427e+41 2.3716e+40 8.9796e+42 6.9986e+40 3.2157e+41 3.3508e+41 8.6566e+38 3.3746e+41 1.757e+41 3.7779e+42 1.1547e+41 2.8455e+41 1.9607e+41 1.5969e+41 1.0931e+42 8.8942e+41
-2.5 0.3 10000.0 -1.7 7.6436e+41 2.1529e+42 1.3361e+42 4.0218e+42 2.365e+41 1.6808e+40 6.3761e+42 4.96e+40 1.4934e+41 1.7019e+41 1.558e+38 1.1615e+41 6.2608e+40 2.041e+42 6.4856e+40 1.5983e+41 1.3932e+41 1.1426e+41 6.4722e+41 5.2924e+41
-2.5 0.3 10000.0 -2.0 6.628e+41 1.4933e+42 7.5555e+41 2.2742e+42 1.0858e+41 1.2905e+40 4.3875e+42 3.8083e+40 7.6779e+40 9.8015e+40 1.8811e+37 3.2989e+40 1.8574e+40 9.9662e+41 2.9001e+40 7.1474e+40 8.0054e+40 6.6192e+40 3.2481e+41 2.6706e+41
-2.5 0.5 100.0 -1.2 1.0599e+42 3.3397e+42 1.829e+42 5.5054e+42 5.77e+41 1.481e+40 1.0263e+43 4.3705e+40 6.3828e+41 4.4786e+41 6.4749e+40 1.566e+42 8.269e+41 5.3191e+42 1.8539e+41 4.5683e+41 4.9084e+40 2.9045e+40 1.4308e+42 9.3706e+41
-2.5 0.5 100.0 -1.4 9.2148e+41 2.7793e+42 1.7582e+42 5.2922e+42 3.1959e+41 1.0968e+40 8.4103e+42 3.2367e+40 3.9029e+41 2.7609e+41 5.384e+40 1.3258e+42 7.039e+41 3.8989e+42 1.708e+41 4.2084e+41 5.2653e+40 3.116e+40 1.3116e+42 8.5899e+41
-2.5 0.5 100.0 -1.7 6.953e+41 1.9686e+42 1.4116e+42 4.2489e+42 1.1723e+41 7.125e+39 5.8547e+42 2.1026e+40 1.7842e+41 1.2846e+41 3.5913e+40 8.6218e+41 4.6241e+41 2.1169e+42 1.2522e+41 3.0853e+41 4.772e+40 2.825e+40 9.6285e+41 6.3058e+41
-2.5 0.5 100.0 -2.0 5.0713e+41 1.3525e+42 1.0158e+42 3.0575e+42 4.127e+40 4.7956e+39 3.9784e+42 1.4152e+40 8.5905e+40 6.3182e+40 2.1792e+40 4.9418e+41 2.6875e+41 1.0465e+42 8.0519e+40 1.9838e+41 3.7043e+40 2.1941e+40 6.2658e+41 4.1036e+41
-2.5 0.5 1000.0 -1.2 9.5538e+41 3.4196e+42 1.8698e+42 5.6282e+42 6.2188e+41 1.7087e+40 1.0473e+43 5.0425e+40 6.6303e+41 5.0002e+41 5.1512e+40 1.5846e+42 8.3477e+41 5.3591e+42 1.8593e+41 4.5816e+41 4.9999e+40 3.0531e+40 1.4427e+42 9.6362e+41
-1.5 0.3 1000.0 -2.0 2.6823e+41 1.4119e+42 1.6791e+42 5.0539e+42 3.7772e+40 2.8284e+39 4.062e+42 8.3465e+39 4.1727e+40 3.6727e+40 7.5285e+39 8.3049e+41 4.5045e+41 1.0721e+42 1.3709e+41 3.3745e+41 1.6293e+41 9.9706e+40 1.0688e+42 7.1432e+41
-2.5 0.5 1000.0 -1.4 8.3072e+41 2.854e+42 1.7973e+42 5.4097e+42 3.4498e+41 1.2663e+40 8.6055e+42 3.7369e+40 3.9148e+41 3.0466e+41 3.6861e+40 1.308e+42 6.9115e+41 3.9284e+42 1.7007e+41 4.1906e+41 5.3899e+40 3.292e+40 1.3203e+42 8.8197e+41
-2.5 0.5 1000.0 -1.7 6.3576e+41 2.0359e+42 1.4404e+42 4.3355e+42 1.2907e+41 8.1546e+39 6.0337e+42 2.4064e+40 1.6997e+41 1.4201e+41 1.5884e+40 7.7243e+41 4.0976e+41 2.1318e+42 1.2205e+41 3.0072e+41 4.9684e+40 3.0363e+40 9.6173e+41 6.4267e+41
-2.5 0.5 1000.0 -2.0 4.8063e+41 1.4104e+42 1.0278e+42 3.0936e+42 4.7482e+40 5.535e+39 4.1366e+42 1.6334e+40 7.7832e+40 7.1397e+40 4.5369e+39 3.5549e+41 1.9048e+41 1.0537e+42 7.5242e+40 1.8539e+41 3.9529e+40 2.4179e+40 6.0908e+41 4.0723e+41
-2.5 0.5 10000.0 -1.2 7.6586e+41 3.559e+42 1.6642e+42 5.0093e+42 8.155e+41 3.0546e+40 1.0884e+43 9.0141e+40 6.7695e+41 6.507e+41 1.9383e+39 3.7625e+41 1.9443e+41 5.1372e+42 1.1118e+41 2.74e+41 5.2557e+40 4.2633e+40 9.1189e+41 7.3963e+41
-2.5 0.5 10000.0 -1.4 6.8841e+41 2.9977e+42 1.5025e+42 4.5227e+42 4.8097e+41 2.3951e+40 9.0356e+42 7.0679e+40 4.0452e+41 4.0232e+41 9.0252e+38 2.4157e+41 1.2633e+41 3.7749e+42 9.2122e+40 2.2703e+41 5.0493e+40 4.1067e+40 7.599e+41 6.1771e+41
-2.5 0.5 10000.0 -1.7 5.9174e+41 2.1585e+42 1.0369e+42 3.1209e+42 2.0947e+41 1.7051e+40 6.4082e+42 5.0319e+40 1.8522e+41 1.9959e+41 1.6253e+38 8.5283e+40 4.6245e+40 2.0397e+42 5.233e+40 1.2897e+41 3.6182e+40 2.9628e+40 4.5387e+41 3.7074e+41
-2.5 0.5 10000.0 -2.0 5.1488e+41 1.4971e+42 5.8886e+41 1.7725e+42 9.4944e+40 1.311e+40 4.4071e+42 3.8686e+40 9.1597e+40 1.1035e+41 1.9573e+37 2.4901e+40 1.3758e+40 9.9614e+41 2.3613e+40 5.8197e+40 2.093e+40 1.7277e+40 2.2936e+41 1.8837e+41
-1.5 0.3 10000.0 -1.2 9.3597e+41 3.7085e+42 2.3387e+42 7.0395e+42 1.1083e+42 3.9688e+40 1.1321e+43 1.1712e+41 6.2164e+41 6.207e+41 2.2586e+39 6.1886e+41 3.1941e+41 5.2369e+42 1.5923e+41 3.9238e+41 2.1736e+41 1.7614e+41 1.4494e+42 1.1746e+42
-1.5 0.3 10000.0 -1.4 8.276e+41 3.08e+42 2.0875e+42 6.2833e+42 6.4549e+41 2.8384e+40 9.2369e+42 8.3762e+40 3.7938e+41 3.8675e+41 1.01e+39 3.8238e+41 1.9905e+41 3.8201e+42 1.2825e+41 3.1603e+41 2.0721e+41 1.6849e+41 1.1818e+42 9.6038e+41
-1.5 0.3 10000.0 -1.7 7.2315e+41 2.1948e+42 1.4057e+42 4.2311e+42 2.6769e+41 1.7869e+40 6.4612e+42 5.2731e+40 1.7031e+41 1.8664e+41 1.7127e+38 1.2523e+41 6.7442e+40 2.0441e+42 6.9436e+40 1.7111e+41 1.4518e+41 1.1896e+41 6.8089e+41 5.5643e+41
-1.5 0.3 10000.0 -2.0 6.4521e+41 1.5092e+42 7.7832e+41 2.3427e+42 1.1507e+41 1.2972e+40 4.4138e+42 3.8281e+40 8.1206e+40 1.0058e+41 1.9712e+37 3.4159e+40 1.9285e+40 9.898e+41 3.0067e+40 7.4099e+40 8.1851e+40 6.7651e+40 3.3362e+41 2.7423e+41
-1.5 0.5 100.0 -1.2 2.5082e+41 2.5435e+42 1.7715e+42 5.3323e+42 3.4717e+41 7.2394e+39 7.8072e+42 2.1363e+40 3.324e+41 2.3169e+41 2.3765e+41 2.6762e+42 1.6376e+42 5.1413e+42 3.8792e+41 9.5503e+41 2.5265e+40 1.4957e+40 9.9333e+41 6.5041e+41
-1.5 0.5 100.0 -1.4 1.8212e+41 1.9811e+42 1.7515e+42 5.272e+42 1.8188e+41 3.8624e+39 5.9578e+42 1.1398e+40 1.9226e+41 1.3429e+41 1.924e+41 2.3862e+42 1.5263e+42 3.7512e+42 3.4776e+41 8.5587e+41 2.8245e+40 1.6728e+40 9.923e+41 6.4975e+41
-1.5 0.5 100.0 -1.7 1.1877e+41 1.3572e+42 1.4852e+42 4.4705e+42 5.8198e+40 1.5976e+39 3.978e+42 4.7146e+39 7.3358e+40 5.1639e+40 1.1994e+41 1.6223e+42 1.0883e+42 2.0454e+42 2.4379e+41 5.9965e+41 2.717e+40 1.6109e+40 8.0961e+41 5.3014e+41
-1.5 0.5 100.0 -2.0 8.3473e+40 9.6741e+41 1.1267e+42 3.3912e+42 1.6705e+40 8.4189e+38 2.7906e+42 2.4844e+39 2.7167e+40 1.943e+40 6.4889e+40 9.6582e+41 6.5065e+41 1.0227e+42 1.4742e+41 3.6243e+41 2.2599e+40 1.3425e+40 5.7533e+41 3.7676e+41
-1.5 0.5 1000.0 -1.2 3.5442e+41 3.3016e+42 2.4941e+42 7.5074e+42 4.5104e+41 1.2788e+40 1.0096e+43 3.7738e+40 4.2865e+41 3.1771e+41 1.6426e+41 3.4909e+42 2.077e+42 5.6229e+42 4.3025e+41 1.0595e+42 4.2421e+40 2.5866e+40 1.8077e+42 1.2046e+42
-1.5 0.5 1000.0 -1.4 2.8921e+41 2.6916e+42 2.4003e+42 7.2248e+42 2.5018e+41 8.188e+39 8.0702e+42 2.4163e+40 2.5582e+41 1.9212e+41 9.9589e+40 2.8312e+42 1.6847e+42 4.065e+42 3.6225e+41 8.919e+41 4.8889e+40 2.9823e+40 1.7258e+42 1.1506e+42
-1.5 0.5 1000.0 -1.7 2.339e+41 1.93e+42 1.8944e+42 5.7022e+42 9.4229e+40 4.4243e+39 5.661e+42 1.3056e+40 1.1087e+41 8.6844e+40 3.333e+40 1.5518e+42 8.9421e+41 2.1768e+42 2.2274e+41 5.4842e+41 5.0662e+40 3.0938e+40 1.2824e+42 8.558e+41
-1.5 0.5 1000.0 -2.0 2.082e+41 1.3722e+42 1.3101e+42 3.9436e+42 3.4771e+40 2.824e+39 3.9725e+42 8.3337e+39 5.0019e+40 4.2572e+40 7.8964e+39 6.372e+41 3.5278e+41 1.0676e+42 1.1819e+41 2.9103e+41 4.463e+40 2.7291e+40 7.9324e+41 5.2995e+41
-1.5 0.5 10000.0 -1.2 7.2142e+41 3.6987e+42 1.7999e+42 5.4178e+42 9.3394e+41 3.8492e+40 1.1366e+43 1.1359e+41 7.2578e+41 7.0397e+41 2.3487e+39 4.3823e+41 2.2644e+41 5.2326e+42 1.2606e+41 3.1065e+41 5.5608e+40 4.5008e+40 1.0015e+42 8.1091e+41
-1.5 0.5 10000.0 -1.4 6.391e+41 3.0739e+42 1.6124e+42 4.8533e+42 5.5437e+41 2.8111e+40 9.273e+42 8.2956e+40 4.5287e+41 4.4619e+41 1.0542e+39 2.7417e+41 1.4324e+41 3.8171e+42 1.0247e+41 2.5253e+41 5.3422e+40 4.3375e+40 8.2264e+41 6.6786e+41
-1.5 0.5 10000.0 -1.7 5.5992e+41 2.1921e+42 1.0911e+42 3.2841e+42 2.3562e+41 1.8136e+40 6.4812e+42 5.352e+40 2.082e+41 2.1763e+41 1.7864e+38 9.2004e+40 4.9867e+40 2.0429e+42 5.6057e+40 1.3815e+41 3.772e+40 3.0859e+40 4.7773e+41 3.8998e+41
-1.5 0.5 10000.0 -2.0 5.0125e+41 1.5121e+42 6.0682e+41 1.8265e+42 1.0149e+41 1.3233e+40 4.4296e+42 3.9051e+40 9.8105e+40 1.1456e+41 2.0501e+37 2.582e+40 1.4336e+40 9.8937e+41 2.4493e+40 6.0364e+40 2.1408e+40 1.7664e+40 2.3569e+41 1.9352e+41
-2.0 0.1 100.0 -1.2 8.3681e+41 3.3915e+42 3.6721e+42 1.1053e+43 5.2014e+41 9.9038e+39 1.0205e+43 2.9226e+40 3.1457e+41 2.2117e+41 1.4657e+41 6.1898e+42 3.1703e+42 5.6383e+42 4.953e+41 1.2193e+42 4.1562e+41 2.4601e+41 3.3263e+42 2.1782e+42
-2.0 0.1 100.0 -1.4 6.8324e+41 2.7882e+42 3.4695e+42 1.0443e+43 2.6267e+41 6.2276e+39 8.2333e+42 1.8378e+40 1.8038e+41 1.2796e+41 1.1407e+41 5.1684e+42 2.6514e+42 4.0797e+42 4.1972e+41 1.033e+42 4.349e+41 2.575e+41 2.9287e+42 1.9179e+42
-2.0 0.1 100.0 -1.7 4.8356e+41 1.982e+42 2.6871e+42 8.0881e+42 8.1091e+40 3.3715e+39 5.7463e+42 9.9492e+39 7.5391e+40 5.4575e+40 6.9351e+40 3.1967e+42 1.6449e+42 2.184e+42 2.6679e+41 6.5638e+41 3.6964e+41 2.1904e+41 1.9843e+42 1.2995e+42
-2.0 0.1 100.0 -2.0 3.3747e+41 1.3788e+42 1.8649e+42 5.6132e+42 2.3397e+40 2.065e+39 3.9691e+42 6.094e+39 3.3908e+40 2.5177e+40 3.934e+40 1.7049e+42 8.8197e+41 1.0701e+42 1.4976e+41 3.6832e+41 2.6899e+41 1.5964e+41 1.1995e+42 7.856e+41
-2.0 0.1 1000.0 -1.2 8.1646e+41 3.4925e+42 3.6708e+42 1.1049e+43 5.8642e+41 1.4243e+40 1.0515e+43 4.2031e+40 3.3398e+41 2.5607e+41 1.0291e+41 6.0527e+42 3.0848e+42 5.6607e+42 4.6185e+41 1.1371e+42 4.1868e+41 2.5559e+41 3.4608e+42 2.3092e+42
-2.0 0.1 1000.0 -1.4 6.7963e+41 2.8882e+42 3.4701e+42 1.0445e+43 3.0652e+41 9.3039e+39 8.5357e+42 2.7456e+40 1.9012e+41 1.5064e+41 6.6148e+40 4.7871e+42 2.4411e+42 4.0967e+42 3.8816e+41 9.5558e+41 4.4873e+41 2.7409e+41 3.0753e+42 2.0528e+42
-2.0 0.1 1000.0 -1.7 5.1728e+41 2.0685e+42 2.6752e+42 8.0523e+42 1.053e+41 5.1356e+39 6.0039e+42 1.5155e+40 7.9813e+40 6.8523e+40 2.4718e+40 2.4896e+42 1.2718e+42 2.1905e+42 2.4033e+41 5.9157e+41 4.1033e+41 2.5092e+41 2.1177e+42 1.4148e+42
-2.0 0.1 1000.0 -2.0 4.1156e+41 1.4437e+42 1.8225e+42 5.4859e+42 3.7015e+40 3.2847e+39 4.1613e+42 9.693e+39 3.7875e+40 3.6191e+40 6.3048e+39 9.5604e+41 4.9264e+41 1.0719e+42 1.2881e+41 3.1708e+41 3.2856e+41 2.012e+41 1.2625e+42 8.4423e+41
-2.0 0.1 10000.0 -1.2 1.091e+42 3.6418e+42 2.7062e+42 8.1458e+42 1.0232e+42 3.5259e+40 1.1049e+43 1.0405e+41 4.308e+41 4.5292e+41 2.0985e+39 8.0258e+41 4.0922e+41 5.2256e+42 1.7743e+41 4.372e+41 4.7127e+41 3.8255e+41 1.9025e+42 1.5436e+42
-2.0 0.1 10000.0 -1.4 9.7237e+41 3.0421e+42 2.41e+42 7.2541e+42 5.9364e+41 2.5717e+40 9.0805e+42 7.5891e+40 2.5909e+41 2.825e+41 9.4285e+38 4.9032e+41 2.5247e+41 3.8192e+42 1.4215e+41 3.5026e+41 4.4592e+41 3.6323e+41 1.5448e+42 1.257e+42
-2.0 0.1 10000.0 -1.7 8.4814e+41 2.1776e+42 1.621e+42 4.8791e+42 2.5145e+41 1.6855e+40 6.3994e+42 4.9738e+40 1.2086e+41 1.4452e+41 1.621e+38 1.575e+41 8.4091e+40 2.0478e+42 7.6603e+40 1.8877e+41 3.1043e+41 2.5485e+41 8.8687e+41 7.2566e+41
-2.0 0.1 10000.0 -2.0 7.5096e+41 1.4995e+42 8.9763e+41 2.7019e+42 1.1263e+41 1.2568e+40 4.3868e+42 3.709e+40 6.3123e+40 8.5161e+40 1.8903e+37 4.1981e+40 2.383e+40 9.9389e+41 3.3088e+40 8.1542e+40 1.7446e+41 1.4446e+41 4.3353e+41 3.5679e+41
-2.0 0.3 100.0 -1.2 6.9828e+41 3.2423e+42 2.8811e+42 8.672e+42 5.3817e+41 1.0091e+40 9.8589e+42 2.9777e+40 4.1083e+41 2.8752e+41 1.5064e+41 3.6959e+42 2.1389e+42 5.5089e+42 4.115e+41 1.0133e+42 1.7222e+41 1.0193e+41 2.3834e+42 1.5607e+42
-2.0 0.3 100.0 -1.4 5.6697e+41 2.6354e+42 2.7608e+42 8.3099e+42 2.7727e+41 6.2863e+39 7.8607e+42 1.8551e+40 2.3317e+41 1.6429e+41 1.1921e+41 3.1365e+42 1.8013e+42 3.9953e+42 3.6161e+41 8.903e+41 1.8683e+41 1.106e+41 2.1613e+42 1.4154e+42
-2.0 0.3 100.0 -1.7 4.0061e+41 1.8486e+42 2.1876e+42 6.5847e+42 8.8758e+40 3.3511e+39 5.3994e+42 9.889e+39 9.415e+40 6.7443e+40 7.3523e+40 2.016e+42 1.1379e+42 2.147e+42 2.4257e+41 5.9705e+41 1.6796e+41 9.9505e+40 1.53e+42 1.0019e+42
-2.0 0.3 100.0 -2.0 2.8068e+41 1.2809e+42 1.5514e+42 4.6698e+42 2.644e+40 2.034e+39 3.7018e+42 6.0022e+39 3.9959e+40 2.9305e+40 4.1719e+40 1.1297e+42 6.2843e+41 1.0558e+42 1.4234e+41 3.5024e+41 1.2797e+41 7.5908e+40 9.5729e+41 6.2693e+41
-2.0 0.3 1000.0 -1.2 6.9614e+41 3.4366e+42 3.0343e+42 9.1332e+42 6.0294e+41 1.4152e+40 1.0435e+43 4.1762e+40 4.4452e+41 3.3399e+41 1.0824e+41 3.8462e+42 2.1562e+42 5.6073e+42 4.0258e+41 9.9145e+41 1.8501e+41 1.1291e+41 2.5836e+42 1.7235e+42
-2.0 0.3 1000.0 -1.4 5.7886e+41 2.8288e+42 2.9009e+42 8.7318e+42 3.1994e+41 9.3071e+39 8.4288e+42 2.7465e+40 2.5246e+41 1.9456e+41 7.0285e+40 3.1443e+42 1.7305e+42 4.0641e+42 3.4709e+41 8.5468e+41 2.0391e+41 1.245e+41 2.3458e+42 1.5654e+42
-2.0 0.3 1000.0 -1.7 4.4178e+41 2.019e+42 2.2768e+42 6.8532e+42 1.1201e+41 5.1967e+39 5.8975e+42 1.5336e+40 1.0323e+41 8.5044e+40 2.6218e+40 1.7462e+42 9.4196e+41 2.1782e+42 2.2248e+41 5.4779e+41 1.9394e+41 1.1852e+41 1.6618e+42 1.1098e+42
-2.0 0.3 1000.0 -2.0 3.5366e+41 1.4134e+42 1.575e+42 4.7408e+42 3.9638e+40 3.3466e+39 4.0885e+42 9.8759e+39 4.6437e+40 4.2271e+40 6.6175e+39 7.1699e+41 3.8755e+41 1.0675e+42 1.2218e+41 3.0085e+41 1.5955e+41 9.7638e+40 1.0095e+42 6.7482e+41
-2.0 0.3 10000.0 -1.2 9.3663e+41 3.6489e+42 2.3074e+42 6.9452e+42 1.0173e+42 3.5515e+40 1.1128e+43 1.048e+41 5.7483e+41 5.736e+41 2.1873e+39 6.031e+41 3.112e+41 5.2205e+42 1.558e+41 3.8393e+41 2.1528e+41 1.7453e+41 1.4261e+42 1.156e+42
-2.0 0.3 10000.0 -1.4 8.3474e+41 3.0467e+42 2.0624e+42 6.2078e+42 5.9538e+41 2.6247e+40 9.1382e+42 7.7455e+40 3.468e+41 3.5632e+41 9.8465e+38 3.7436e+41 1.9489e+41 3.8163e+42 1.2594e+41 3.1034e+41 2.0525e+41 1.6694e+41 1.1659e+42 9.4773e+41
-2.0 0.3 10000.0 -1.7 7.2917e+41 2.1809e+42 1.3953e+42 4.1998e+42 2.5374e+41 1.736e+40 6.4305e+42 5.1229e+40 1.5882e+41 1.7678e+41 1.6933e+38 1.2403e+41 6.6805e+40 2.0466e+42 6.8749e+40 1.6942e+41 1.4436e+41 1.1831e+41 6.7601e+41 5.5249e+41
-2.0 0.3 10000.0 -2.0 6.4784e+41 1.5042e+42 7.7623e+41 2.3365e+42 1.1265e+41 1.2908e+40 4.4076e+42 3.8091e+40 7.9108e+40 9.8958e+40 1.9679e+37 3.4103e+40 1.9243e+40 9.9347e+41 2.9977e+40 7.3878e+40 8.1731e+40 6.7555e+40 3.329e+41 2.7365e+41
-2.0 0.5 100.0 -1.2 5.245e+41 3.1171e+42 2.0385e+42 6.1358e+42 4.8365e+41 1.0183e+40 9.5672e+42 3.0051e+40 5.0973e+41 3.5568e+41 1.5427e+41 2.6573e+42 1.506e+42 5.3834e+42 3.0561e+41 7.5281e+41 3.9727e+40 2.3511e+40 1.5638e+42 1.0241e+42
-2.0 0.5 100.0 -1.4 4.2436e+41 2.5113e+42 1.9816e+42 5.9646e+42 2.5446e+41 6.2996e+39 7.5627e+42 1.859e+40 2.9129e+41 2.0428e+41 1.2429e+41 2.2882e+42 1.3195e+42 3.9128e+42 2.7853e+41 6.8602e+41 4.4608e+40 2.6406e+40 1.4613e+42 9.5693e+41
-2.0 0.5 100.0 -1.7 2.9987e+41 1.7392e+42 1.6082e+42 4.8408e+42 8.4259e+40 3.3189e+39 5.1218e+42 9.7941e+39 1.163e+41 8.2647e+40 7.7972e+40 1.5001e+42 8.839e+41 2.1101e+42 1.977e+41 4.8684e+41 4.252e+40 2.5185e+40 1.0833e+42 7.0942e+41
-2.0 0.5 100.0 -2.0 2.1117e+41 1.1974e+42 1.1677e+42 3.5148e+42 2.5753e+40 2.0016e+39 3.4788e+42 5.9066e+39 4.7294e+40 3.432e+40 4.4315e+40 8.5884e+41 5.1259e+41 1.0413e+42 1.2214e+41 3.0071e+41 3.416e+40 2.0254e+40 7.0648e+41 4.6266e+41
-2.0 0.5 1000.0 -1.2 5.3359e+41 3.3888e+42 2.263e+42 6.8117e+42 5.3837e+41 1.3912e+40 1.0367e+43 4.1056e+40 5.534e+41 4.1025e+41 1.1344e+41 2.7995e+42 1.5665e+42 5.5539e+42 3.1539e+41 7.7691e+41 4.5682e+40 2.787e+40 1.7732e+42 1.1827e+42
-2.0 0.5 1000.0 -1.4 4.4386e+41 2.7785e+42 2.1882e+42 6.5866e+42 2.903e+41 9.189e+39 8.3429e+42 2.7117e+40 3.1659e+41 2.3948e+41 7.4379e+40 2.2943e+42 1.2874e+42 4.0321e+42 2.7935e+41 6.8808e+41 5.1743e+40 3.1578e+40 1.6463e+42 1.0983e+42
-2.0 0.5 1000.0 -1.7 3.4025e+41 1.9765e+42 1.7498e+42 5.267e+42 1.0387e+41 5.1878e+39 5.8114e+42 1.5309e+40 1.2893e+41 1.0307e+41 2.7756e+40 1.2945e+42 7.1764e+41 2.1657e+42 1.8565e+41 4.5726e+41 5.13e+40 3.1334e+40 1.2016e+42 8.0224e+41
-2.0 0.5 1000.0 -2.0 2.7427e+41 1.3851e+42 1.23e+42 3.7024e+42 3.6909e+40 3.3733e+39 4.0246e+42 9.9546e+39 5.5819e+40 4.8887e+40 6.9413e+39 5.4985e+41 2.9956e+41 1.0631e+42 1.0478e+41 2.5808e+41 4.348e+40 2.6588e+40 7.4563e+41 4.9824e+41
-2.0 0.5 10000.0 -1.2 7.2257e+41 3.6486e+42 1.7754e+42 5.3441e+42 8.7693e+41 3.5119e+40 1.1187e+43 1.0364e+41 6.9936e+41 6.7364e+41 2.275e+39 4.2704e+41 2.2066e+41 5.2156e+42 1.2331e+41 3.0388e+41 5.5066e+40 4.4587e+40 9.8514e+41 7.9793e+41
-2.0 0.5 10000.0 -1.4 6.446e+41 3.0464e+42 1.5924e+42 4.7931e+42 5.1818e+41 2.6288e+40 9.1812e+42 7.7575e+40 4.2449e+41 4.1929e+41 1.0265e+39 2.6808e+41 1.401e+41 3.8132e+42 1.005e+41 2.4767e+41 5.2863e+40 4.2935e+40 8.1077e+41 6.5839e+41
-2.0 0.5 10000.0 -1.7 5.6452e+41 2.1825e+42 1.0827e+42 3.259e+42 2.2377e+41 1.7625e+40 6.4574e+42 5.2011e+40 1.9624e+41 2.0734e+41 1.7645e+38 9.1025e+40 4.9336e+40 2.0454e+42 5.5463e+40 1.3669e+41 3.7484e+40 3.067e+40 4.7403e+41 3.87e+41
-2.0 0.5 10000.0 -2.0 5.0325e+41 1.5082e+42 6.0505e+41 1.8212e+42 9.9109e+40 1.3149e+40 4.4257e+42 3.8802e+40 9.5521e+40 1.1254e+41 2.0465e+37 2.5762e+40 1.4293e+40 9.9303e+41 2.4408e+40 6.0154e+40 2.1368e+40 1.7632e+40 2.3509e+41 1.9303e+41
-3.5 0.1 100.0 -1.2 3.9679e+42 3.1195e+42 1.2376e+42 3.7253e+42 7.4346e+41 3.247e+40 9.5205e+42 9.582e+40 7.2706e+41 5.2726e+41 3.7639e+39 3.3077e+41 1.7071e+41 4.1967e+42 5.8135e+40 1.4328e+41 2.7894e+41 1.6511e+41 8.9292e+41 5.8487e+41
-3.5 0.1 100.0 -1.4 3.6702e+42 2.7405e+42 1.1305e+42 3.4029e+42 4.917e+41 2.8832e+40 8.2831e+42 8.5083e+40 5.686e+41 4.1617e+41 3.2568e+39 2.7531e+41 1.4359e+41 3.1906e+42 5.1696e+40 1.2741e+41 2.6841e+41 1.5889e+41 7.947e+41 5.2054e+41
-3.5 0.1 100.0 -1.7 2.9066e+42 2.0304e+42 8.4508e+41 2.5437e+42 2.4232e+41 2.1885e+40 6.0621e+42 6.4583e+40 3.6294e+41 2.6925e+41 2.2711e+39 1.7787e+41 9.5047e+40 1.8149e+42 3.6682e+40 9.0405e+40 2.127e+41 1.2593e+41 5.6916e+41 3.7281e+41
-3.5 0.1 100.0 -2.0 2.1438e+42 1.425e+42 5.6852e+41 1.7112e+42 1.1751e+41 1.5702e+40 4.2158e+42 4.6337e+40 2.2666e+41 1.7014e+41 1.3877e+39 1.0393e+41 5.7695e+40 9.3157e+41 2.3153e+40 5.7063e+40 1.4913e+41 8.8306e+40 3.6582e+41 2.3962e+41
-3.5 0.1 1000.0 -1.2 3.4479e+42 3.1569e+42 1.2384e+42 3.7276e+42 7.881e+41 3.2719e+40 9.6009e+42 9.6553e+40 6.4702e+41 5.6508e+41 3.0528e+39 3.3428e+41 1.7241e+41 4.1892e+42 5.8251e+40 1.4356e+41 2.7486e+41 1.6849e+41 8.892e+41 5.9565e+41
-3.5 0.1 1000.0 -1.4 3.1799e+42 2.7607e+42 1.1313e+42 3.4051e+42 5.1802e+41 2.8995e+40 8.3117e+42 8.5563e+40 4.8242e+41 4.3966e+41 2.2995e+39 2.7521e+41 1.4341e+41 3.185e+42 5.1772e+40 1.276e+41 2.647e+41 1.6228e+41 7.9121e+41 5.3004e+41
-3.5 0.1 1000.0 -1.7 2.5117e+42 2.0416e+42 8.4596e+41 2.5463e+42 2.5374e+41 2.1963e+40 6.0697e+42 6.4813e+40 2.8895e+41 2.8071e+41 1.0979e+39 1.7012e+41 9.0766e+40 1.8111e+42 3.6693e+40 9.0432e+40 2.1019e+41 1.2889e+41 5.6607e+41 3.7926e+41
-3.5 0.1 1000.0 -2.0 1.8503e+42 1.432e+42 5.6907e+41 1.7129e+42 1.2245e+41 1.5744e+40 4.2173e+42 4.6462e+40 1.707e+41 1.7584e+41 3.7982e+38 8.9549e+40 4.9656e+40 9.289e+41 2.3061e+40 5.6835e+40 1.4758e+41 9.054e+40 3.6185e+41 2.4249e+41
-3.5 0.1 10000.0 -1.2 1.7744e+42 3.2111e+42 1.21e+42 3.642e+42 8.9188e+41 3.3253e+40 9.7275e+42 9.8131e+40 4.6492e+41 5.4057e+41 2.698e+38 1.5922e+41 8.2821e+40 4.1021e+42 5.3352e+40 1.3149e+41 2.355e+41 1.9442e+41 7.42e+41 6.0878e+41
-3.5 0.1 10000.0 -1.4 1.6173e+42 2.7965e+42 1.0901e+42 3.2811e+42 5.8697e+41 2.9311e+40 8.3847e+42 8.6497e+40 3.2092e+41 3.9071e+41 1.4604e+38 1.1357e+41 5.9898e+40 3.1107e+42 4.5804e+40 1.1289e+41 2.2163e+41 1.832e+41 6.4102e+41 5.2656e+41
-3.5 0.1 10000.0 -1.7 1.2787e+42 2.068e+42 7.7591e+41 2.3355e+42 2.9165e+41 2.2283e+40 6.1233e+42 6.5758e+40 1.7224e+41 2.2639e+41 3.5084e+37 5.0251e+40 2.7139e+40 1.7514e+42 2.9058e+40 7.1617e+40 1.6433e+41 1.3629e+41 4.2346e+41 3.4872e+41
-3.5 0.1 10000.0 -2.0 9.6099e+41 1.4516e+42 4.6867e+41 1.4107e+42 1.456e+41 1.6323e+40 4.2598e+42 4.817e+40 9.2756e+40 1.3219e+41 5.5608e+36 1.8024e+40 9.7208e+39 8.8172e+41 1.4941e+40 3.6824e+40 1.0331e+41 8.6087e+40 2.4053e+41 1.9872e+41
-3.5 0.3 100.0 -1.2 3.4044e+42 3.1439e+42 1.0565e+42 3.18e+42 7.5948e+41 3.2976e+40 9.6245e+42 9.7312e+40 8.5986e+41 6.1936e+41 3.8805e+39 2.5153e+41 1.3059e+41 4.19e+42 5.1134e+40 1.2602e+41 1.2778e+41 7.5637e+40 6.6991e+41 4.388e+41
-3.5 0.3 100.0 -1.4 3.1549e+42 2.7565e+42 9.6766e+41 2.9127e+42 5.0025e+41 2.9254e+40 8.3559e+42 8.6328e+40 6.601e+41 4.7967e+41 3.3567e+39 2.1167e+41 1.1118e+41 3.1855e+42 4.5826e+40 1.1294e+41 1.2379e+41 7.3274e+40 6.0015e+41 3.931e+41
-3.5 0.3 100.0 -1.7 2.5092e+42 2.0399e+42 7.2675e+41 2.1875e+42 2.4264e+41 2.2211e+40 6.1079e+42 6.5545e+40 4.0715e+41 3.0003e+41 2.3327e+39 1.3958e+41 7.524e+40 1.8117e+42 3.2965e+40 8.1245e+40 9.9254e+40 5.8759e+40 4.348e+41 2.848e+41
-3.5 0.3 100.0 -2.0 1.8599e+42 1.4287e+42 4.9146e+41 1.4793e+42 1.151e+41 1.5959e+40 4.2377e+42 4.7094e+40 2.4684e+41 1.8428e+41 1.4158e+39 8.3632e+40 4.688e+40 9.2972e+41 2.1135e+40 5.2089e+40 7.0488e+40 4.1738e+40 2.8307e+41 1.8542e+41
-3.5 0.3 1000.0 -1.2 2.9572e+42 3.1856e+42 1.0567e+42 3.1806e+42 8.1776e+41 3.3233e+40 9.7168e+42 9.8069e+40 8.0767e+41 6.7962e+41 3.1563e+39 2.5398e+41 1.3176e+41 4.1836e+42 5.1148e+40 1.2606e+41 1.2569e+41 7.7033e+40 6.6615e+41 4.4619e+41
-3.5 0.3 1000.0 -1.4 2.7316e+42 2.7781e+42 9.6789e+41 2.9134e+42 5.3143e+41 2.9416e+40 8.3879e+42 8.6806e+40 5.8472e+41 5.1289e+41 2.3819e+39 2.1141e+41 1.1091e+41 3.1806e+42 4.5812e+40 1.1291e+41 1.2187e+41 7.47e+40 5.9661e+41 3.9963e+41
-3.5 0.3 1000.0 -1.7 2.1658e+42 2.0509e+42 7.2701e+41 2.1883e+42 2.552e+41 2.2283e+40 6.1137e+42 6.5758e+40 3.3574e+41 3.146e+41 1.1386e+39 1.333e+41 7.1712e+40 1.8084e+42 3.2891e+40 8.1063e+40 9.7843e+40 5.9985e+40 4.3147e+41 2.8904e+41
-3.5 0.3 1000.0 -2.0 1.603e+42 1.4362e+42 4.9149e+41 1.4794e+42 1.2035e+41 1.5996e+40 4.2402e+42 4.7205e+40 1.9135e+41 1.9111e+41 3.9446e+38 7.1919e+40 4.0181e+40 9.2739e+41 2.0977e+40 5.17e+40 6.953e+40 4.2644e+40 2.791e+41 1.87e+41
-3.5 0.3 10000.0 -1.2 1.5235e+42 3.2364e+42 1.0319e+42 3.1061e+42 9.2073e+41 3.3789e+40 9.8299e+42 9.9712e+40 6.2684e+41 6.7839e+41 2.7953e+38 1.2135e+41 6.3326e+40 4.0997e+42 4.6678e+40 1.1504e+41 1.0733e+41 8.8522e+40 5.5399e+41 4.5422e+41
-3.5 0.3 10000.0 -1.4 1.389e+42 2.8135e+42 9.3184e+41 2.8048e+42 5.9859e+41 2.9753e+40 8.4577e+42 8.78e+40 4.2127e+41 4.7673e+41 1.5162e+38 8.7546e+40 4.6232e+40 3.109e+42 4.0336e+40 9.9413e+40 1.0156e+41 8.3856e+40 4.8113e+41 3.9491e+41
-3.5 0.3 10000.0 -1.7 1.1006e+42 2.0773e+42 6.6589e+41 2.0043e+42 2.9088e+41 2.2614e+40 6.1656e+42 6.6733e+40 2.1689e+41 2.6506e+41 3.6467e+37 3.9472e+40 2.112e+40 1.7505e+42 2.5857e+40 6.3727e+40 7.5961e+40 6.2913e+40 3.2052e+41 2.6371e+41
-3.5 0.3 10000.0 -2.0 8.2989e+41 1.4561e+42 4.038e+41 1.2154e+42 1.4173e+41 1.6577e+40 4.2819e+42 4.8919e+40 1.1212e+41 1.4925e+41 5.7713e+36 1.4202e+40 7.5355e+39 8.8137e+41 1.343e+40 3.31e+40 4.8169e+40 4.0075e+40 1.8358e+41 1.5151e+41
-3.5 0.5 100.0 -1.2 2.6294e+42 3.1658e+42 8.1402e+41 2.4502e+42 6.7663e+41 3.3358e+40 9.7193e+42 9.8438e+40 9.9113e+41 7.1036e+41 3.993e+39 1.7779e+41 9.2829e+40 4.1835e+42 4.0543e+40 9.9925e+40 3.2744e+40 1.9381e+40 4.6325e+41 3.0343e+41
-3.5 0.5 100.0 -1.4 2.4413e+42 2.7713e+42 7.4745e+41 2.2498e+42 4.4834e+41 2.9585e+40 8.4239e+42 8.7306e+40 7.5707e+41 5.4688e+41 3.4546e+39 1.5143e+41 8.0081e+40 3.1808e+42 3.6598e+40 9.0201e+40 3.1918e+40 1.8893e+40 4.1753e+41 2.7349e+41
-3.5 0.5 100.0 -1.7 1.9486e+42 2.0484e+42 5.6374e+41 1.6968e+42 2.1647e+41 2.2471e+40 6.1492e+42 6.6313e+40 4.5681e+41 3.345e+41 2.3935e+39 1.0213e+41 5.5508e+40 1.8085e+42 2.6663e+40 6.5713e+40 2.5857e+40 1.5307e+40 3.0566e+41 2.0021e+41
-3.5 0.5 100.0 -2.0 1.4515e+42 1.4329e+42 3.8317e+41 1.1533e+42 1.0102e+41 1.6174e+40 4.2604e+42 4.7731e+40 2.6941e+41 2.0003e+41 1.4448e+39 6.3e+40 3.5592e+40 9.2784e+41 1.7355e+40 4.2773e+40 1.859e+40 1.1007e+40 2.0146e+41 1.3196e+41
-3.5 0.5 1000.0 -1.2 2.2836e+42 3.2133e+42 8.1387e+41 2.4497e+42 7.5156e+41 3.3634e+40 9.8281e+42 9.9254e+40 9.9355e+41 8.1099e+41 3.2539e+39 1.7928e+41 9.3539e+40 4.1786e+42 4.0483e+40 9.9775e+40 3.2155e+40 1.9704e+40 4.5998e+41 3.0807e+41
-3.5 0.5 1000.0 -1.4 2.1122e+42 2.7945e+42 7.4723e+41 2.2492e+42 4.8434e+41 2.9745e+40 8.4596e+42 8.7777e+40 7.0196e+41 5.96e+41 2.4603e+39 1.5097e+41 7.9746e+40 3.1765e+42 3.651e+40 8.9983e+40 3.136e+40 1.9218e+40 4.1433e+41 2.7751e+41
-3.5 0.5 1000.0 -1.7 1.68e+42 2.0589e+42 5.6356e+41 1.6963e+42 2.2855e+41 2.2535e+40 6.153e+42 6.6501e+40 3.8776e+41 3.5178e+41 1.1784e+39 9.7318e+40 5.2748e+40 1.806e+42 2.653e+40 6.5387e+40 2.5428e+40 1.5586e+40 3.0262e+41 2.027e+41
-3.5 0.5 1000.0 -2.0 1.2489e+42 1.44e+42 3.8279e+41 1.1522e+42 1.0582e+41 1.6201e+40 4.2612e+42 4.7808e+40 2.1403e+41 2.076e+41 4.0878e+38 5.3955e+40 3.0253e+40 9.2598e+41 1.7156e+40 4.2284e+40 1.8273e+40 1.1204e+40 1.9795e+41 1.3261e+41
-3.5 0.5 10000.0 -1.2 1.1768e+42 3.2552e+42 7.9423e+41 2.3906e+42 8.3548e+41 3.4178e+40 9.9103e+42 1.0086e+41 7.9546e+41 8.1601e+41 2.8902e+38 8.5853e+40 4.4767e+40 4.0975e+42 3.6799e+40 9.0697e+40 2.7353e+40 2.2538e+40 3.8114e+41 3.123e+41
-3.5 0.5 10000.0 -1.4 1.0733e+42 2.8276e+42 7.1877e+41 2.1635e+42 5.3797e+41 3.0073e+40 8.5195e+42 8.8747e+40 5.2647e+41 5.6289e+41 1.5713e+38 6.265e+40 3.2929e+40 3.1072e+42 3.1993e+40 7.8852e+40 2.6012e+40 2.1454e+40 3.3261e+41 2.7281e+41
-3.5 0.5 10000.0 -1.7 8.5204e+41 2.0841e+42 5.1536e+41 1.5512e+42 2.5686e+41 2.2857e+40 6.1992e+42 6.745e+40 2.6289e+41 3.0313e+41 3.7859e+37 2.8651e+40 1.5114e+40 1.7497e+42 2.0698e+40 5.1014e+40 1.9596e+40 1.621e+40 2.2319e+41 1.8348e+41
-3.5 0.5 10000.0 -2.0 6.4428e+41 1.46e+42 3.1361e+41 9.4396e+41 1.2285e+41 1.677e+40 4.3015e+42 4.9489e+40 1.3224e+41 1.6612e+41 5.985e+36 1.0276e+40 5.3665e+39 8.8101e+41 1.0847e+40 2.6735e+40 1.2516e+40 1.0398e+40 1.2872e+41 1.0614e+41
-3.0 0.1 100.0 -1.2 2.8314e+42 3.2702e+42 2.0963e+42 6.3097e+42 6.6847e+41 2.2269e+40 9.9918e+42 6.5717e+40 4.9964e+41 3.5918e+41 1.764e+40 1.1857e+42 6.0285e+41 4.9679e+42 1.3723e+41 3.3817e+41 4.185e+41 2.4767e+41 1.7741e+42 1.162e+42
-3.0 0.1 100.0 -1.4 2.5695e+42 2.8046e+42 1.9594e+42 5.8978e+42 3.9937e+41 1.877e+40 8.4643e+42 5.5389e+40 3.5903e+41 2.6122e+41 1.5072e+40 9.7149e+41 4.9627e+41 3.7013e+42 1.2298e+41 3.0306e+41 4.1501e+41 2.4563e+41 1.5831e+42 1.0369e+42
-3.0 0.1 100.0 -1.7 2.0084e+42 2.041e+42 1.5157e+42 4.5624e+42 1.6854e+41 1.3702e+40 6.0684e+42 4.0434e+40 2.1168e+41 1.5678e+41 1.0449e+40 6.0576e+41 3.1304e+41 2.0489e+42 8.7459e+40 2.1552e+41 3.3916e+41 2.0078e+41 1.128e+42 7.3885e+41
-3.0 0.1 100.0 -2.0 1.4827e+42 1.4216e+42 1.0536e+42 3.1713e+42 7.0648e+40 9.7191e+39 4.1829e+42 2.8681e+40 1.2689e+41 9.5408e+40 6.4413e+39 3.3508e+41 1.7671e+41 1.0276e+42 5.4828e+40 1.351e+41 2.4142e+41 1.4297e+41 7.1579e+41 4.6884e+41
-3.0 0.1 1000.0 -1.2 2.4662e+42 3.3046e+42 2.0956e+42 6.3078e+42 7.0992e+41 2.3261e+40 1.0065e+43 6.8645e+40 4.6481e+41 3.8853e+41 1.4287e+40 1.1951e+42 6.0738e+41 4.965e+42 1.3679e+41 3.371e+41 4.1194e+41 2.5206e+41 1.7583e+42 1.1765e+42
-3.0 0.1 1000.0 -1.4 2.2296e+42 2.8244e+42 1.959e+42 5.8967e+42 4.2369e+41 1.9471e+40 8.4941e+42 5.746e+40 3.1638e+41 2.783e+41 1.059e+40 9.6457e+41 4.9247e+41 3.6991e+42 1.2243e+41 3.017e+41 4.0941e+41 2.5056e+41 1.5687e+42 1.0497e+42
-3.0 0.1 1000.0 -1.7 1.7415e+42 2.055e+42 1.5157e+42 4.5624e+42 1.7922e+41 1.4091e+40 6.0871e+42 4.1583e+40 1.724e+41 1.6447e+41 4.9098e+39 5.6615e+41 2.9249e+41 2.0471e+42 8.6711e+40 2.1368e+41 3.3675e+41 2.0619e+41 1.1156e+42 7.4665e+41
-3.0 0.1 1000.0 -2.0 1.2911e+42 1.4323e+42 1.0524e+42 3.1676e+42 7.5631e+40 9.9745e+39 4.1981e+42 2.9435e+40 9.682e+40 9.9481e+40 1.5957e+39 2.7036e+41 1.4309e+41 1.0257e+42 5.3797e+40 1.3257e+41 2.42e+41 1.4828e+41 7.0087e+41 4.6925e+41
-3.0 0.1 10000.0 -1.2 1.4057e+42 3.3696e+42 2.007e+42 6.0409e+42 8.5588e+41 2.8809e+40 1.024e+43 8.5014e+40 3.8789e+41 4.2814e+41 9.5683e+38 4.3239e+41 2.2185e+41 4.816e+42 1.1116e+41 2.7395e+41 3.7146e+41 3.0384e+41 1.3262e+42 1.0819e+42
-3.0 0.1 10000.0 -1.4 1.2708e+42 2.8831e+42 1.8148e+42 5.4624e+42 5.2482e+41 2.4088e+40 8.655e+42 7.1085e+40 2.4853e+41 2.8854e+41 4.7852e+38 2.8636e+41 1.4869e+41 3.5848e+42 9.3462e+40 2.3033e+41 3.5106e+41 2.8775e+41 1.1195e+42 9.1482e+41
-3.0 0.1 10000.0 -1.7 1.0388e+42 2.1032e+42 1.2767e+42 3.8428e+42 2.3982e+41 1.7911e+40 6.224e+42 5.2855e+40 1.2572e+41 1.6e+41 9.8195e+37 1.0763e+41 5.7958e+40 1.9684e+42 5.5618e+40 1.3707e+41 2.5332e+41 2.0876e+41 6.9499e+41 5.7011e+41
-3.0 0.1 10000.0 -2.0 8.3781e+41 1.4688e+42 7.4573e+41 2.2446e+42 1.1433e+41 1.3625e+40 4.3056e+42 4.0207e+40 6.8328e+40 9.586e+40 1.3274e+37 3.2994e+40 1.8553e+40 9.7178e+41 2.6307e+40 6.4835e+40 1.503e+41 1.2472e+41 3.6546e+41 3.0117e+41
-3.0 0.3 100.0 -1.2 2.4197e+42 3.2851e+42 1.7801e+42 5.3581e+42 6.9415e+41 2.265e+40 1.0073e+43 6.6842e+40 6.2675e+41 4.4709e+41 1.8263e+40 8.8531e+41 4.5479e+41 4.9506e+42 1.2046e+41 2.9685e+41 1.9104e+41 1.1306e+41 1.3304e+42 8.7139e+41
-3.0 0.3 100.0 -1.4 2.1996e+42 2.8146e+42 1.6701e+42 5.0271e+42 4.1406e+41 1.9036e+40 8.5252e+42 5.6174e+40 4.3617e+41 3.146e+41 1.5619e+40 7.3373e+41 3.7899e+41 3.6885e+42 1.0915e+41 2.6898e+41 1.9131e+41 1.1323e+41 1.1984e+42 7.8494e+41
-3.0 0.3 100.0 -1.7 1.7265e+42 2.0422e+42 1.3006e+42 3.9149e+42 1.7366e+41 1.3872e+40 6.0926e+42 4.0936e+40 2.4402e+41 1.7921e+41 1.0789e+40 4.6698e+41 2.4441e+41 2.0418e+42 7.9129e+40 1.95e+41 1.5894e+41 9.4088e+40 8.6757e+41 5.6823e+41
-3.0 0.3 100.0 -2.0 1.2822e+42 1.4187e+42 9.1124e+41 2.7428e+42 7.1784e+40 9.8491e+39 4.1867e+42 2.9065e+40 1.4029e+41 1.0475e+41 6.6018e+39 2.6474e+41 1.4172e+41 1.0239e+42 5.0726e+40 1.25e+41 1.1524e+41 6.8239e+40 5.6052e+41 3.6713e+41
-3.0 0.3 1000.0 -1.2 2.1105e+42 3.3261e+42 1.7825e+42 5.3655e+42 7.43e+41 2.3676e+40 1.0165e+43 6.9867e+40 6.1129e+41 4.9242e+41 1.484e+40 8.9366e+41 4.5853e+41 4.9518e+42 1.2016e+41 2.9612e+41 1.8825e+41 1.1516e+41 1.3196e+42 8.8287e+41
-3.0 0.3 1000.0 -1.4 1.9103e+42 2.8379e+42 1.6724e+42 5.0339e+42 4.4125e+41 1.977e+40 8.5643e+42 5.8341e+40 4.0173e+41 3.3899e+41 1.1024e+40 7.2974e+41 3.7633e+41 3.6896e+42 1.0868e+41 2.6783e+41 1.8883e+41 1.1553e+41 1.1878e+42 7.9469e+41
-3.0 0.3 1000.0 -1.7 1.4978e+42 2.0595e+42 1.3025e+42 3.9204e+42 1.8506e+41 1.429e+40 6.1203e+42 4.2169e+40 2.0744e+41 1.8959e+41 5.114e+39 4.3742e+41 2.2856e+41 2.042e+42 7.8386e+40 1.9317e+41 1.5776e+41 9.6563e+40 8.5727e+41 5.7367e+41
-3.0 0.3 1000.0 -2.0 1.1168e+42 1.4324e+42 9.1108e+41 2.7424e+42 7.693e+40 1.0125e+40 4.2103e+42 2.9878e+40 1.1106e+41 1.0988e+41 1.6619e+39 2.1442e+41 1.1502e+41 1.0231e+42 4.9625e+40 1.2229e+41 1.1526e+41 7.0599e+40 5.4721e+41 3.6629e+41
-3.0 0.3 10000.0 -1.2 1.2065e+42 3.3938e+42 1.7119e+42 5.1527e+42 8.8173e+41 2.9352e+40 1.0343e+43 8.6617e+40 5.3699e+41 5.5391e+41 9.953e+38 3.28e+41 1.6954e+41 4.8125e+42 9.7492e+40 2.4027e+41 1.696e+41 1.3856e+41 9.9228e+41 8.0882e+41
-3.0 0.3 10000.0 -1.4 1.0912e+42 2.9002e+42 1.5528e+42 4.6738e+42 5.365e+41 2.4531e+40 8.7315e+42 7.2392e+40 3.356e+41 3.6236e+41 4.9889e+38 2.1993e+41 1.151e+41 3.5824e+42 8.2624e+40 2.0362e+41 1.6137e+41 1.3209e+41 8.4311e+41 6.8832e+41
-3.0 0.3 10000.0 -1.7 8.9352e+41 2.1124e+42 1.0976e+42 3.3038e+42 2.416e+41 1.8232e+40 6.2677e+42 5.3801e+40 1.6223e+41 1.9134e+41 1.0245e+38 8.4811e+40 4.5916e+40 1.9673e+42 4.9748e+40 1.226e+41 1.1751e+41 9.6686e+40 5.2822e+41 4.3284e+41
-3.0 0.3 10000.0 -2.0 7.2291e+41 1.4733e+42 6.4403e+41 1.9385e+42 1.1287e+41 1.3864e+40 4.3287e+42 4.0913e+40 8.3772e+40 1.0935e+41 1.3814e+37 2.6654e+40 1.4762e+40 9.7137e+41 2.3779e+40 5.8604e+40 7.0299e+40 5.8231e+40 2.8006e+41 2.3053e+41
-3.0 0.5 100.0 -1.2 1.8629e+42 3.3e+42 1.3646e+42 4.1076e+42 6.3144e+41 2.2932e+40 1.0154e+43 6.7672e+40 7.6423e+41 5.4215e+41 1.8869e+40 6.2245e+41 3.2178e+41 4.9336e+42 9.5317e+40 2.3491e+41 4.8839e+40 2.8902e+40 9.196e+41 6.023e+41
-3.0 0.5 100.0 -1.4 1.696e+42 2.8228e+42 1.2847e+42 3.8671e+42 3.8047e+41 1.9239e+40 8.5796e+42 5.6774e+40 5.2838e+41 3.7831e+41 1.6153e+40 5.2151e+41 2.7142e+41 3.676e+42 8.7259e+40 2.1505e+41 4.9345e+40 2.9204e+40 8.3555e+41 5.4726e+41
-3.0 0.5 100.0 -1.7 1.337e+42 2.0434e+42 1.0069e+42 3.0309e+42 1.5921e+41 1.4009e+40 6.1168e+42 4.134e+40 2.832e+41 2.0633e+41 1.1133e+40 3.3874e+41 1.7909e+41 2.0349e+42 6.4442e+40 1.5881e+41 4.1639e+40 2.4647e+40 6.1423e+41 4.023e+41
-3.0 0.5 100.0 -2.0 9.9845e+41 1.4164e+42 7.1093e+41 2.1399e+42 6.5153e+40 9.9568e+39 4.1928e+42 2.9382e+40 1.5626e+41 1.1584e+41 6.7675e+39 1.9711e+41 1.0695e+41 1.0204e+42 4.223e+40 1.0407e+41 3.0732e+40 1.8196e+40 4.0395e+41 2.6458e+41
-3.0 0.5 1000.0 -1.2 1.6263e+42 3.3449e+42 1.3682e+42 4.1184e+42 6.8604e+41 2.3977e+40 1.0255e+43 7.0756e+40 7.8054e+41 6.1157e+41 1.5362e+40 6.2785e+41 3.2433e+41 4.9391e+42 9.5083e+40 2.3433e+41 4.8135e+40 2.9442e+40 9.121e+41 6.1015e+41
-3.0 0.5 1000.0 -1.4 1.4745e+42 2.8487e+42 1.2882e+42 3.8776e+42 4.0632e+41 1.9992e+40 8.6255e+42 5.8997e+40 5.0074e+41 4.0884e+41 1.1439e+40 5.1824e+41 2.6936e+41 3.6802e+42 8.6878e+40 2.1411e+41 4.8716e+40 2.98e+40 8.2807e+41 5.5396e+41
-3.0 0.5 1000.0 -1.7 1.1606e+42 2.063e+42 1.0096e+42 3.039e+42 1.6935e+41 1.4445e+40 6.1504e+42 4.2626e+40 2.4796e+41 2.1835e+41 5.3132e+39 3.1684e+41 1.6715e+41 2.0371e+42 6.3762e+40 1.5714e+41 4.1303e+40 2.5274e+40 6.0628e+41 4.0564e+41
-3.0 0.5 1000.0 -2.0 8.6993e+41 1.4325e+42 7.1145e+41 2.1415e+42 6.9668e+40 1.0248e+40 4.2228e+42 3.0242e+40 1.2741e+41 1.2164e+41 1.7284e+39 1.5953e+41 8.6588e+40 1.0207e+42 4.1177e+40 1.0148e+41 3.0663e+40 1.8774e+40 3.9312e+41 2.6309e+41
-3.0 0.5 10000.0 -1.2 9.3183e+41 3.4143e+42 1.3178e+42 3.9666e+42 7.9687e+41 2.9702e+40 1.0433e+43 8.7651e+40 6.9292e+41 6.8031e+41 1.033e+39 2.3188e+41 1.203e+41 4.8091e+42 7.7048e+40 1.8989e+41 4.3331e+40 3.5363e+40 6.8439e+41 5.5744e+41
-3.0 0.5 10000.0 -1.4 8.4312e+41 2.9153e+42 1.1986e+42 3.6078e+42 4.8286e+41 2.4829e+40 8.8004e+42 7.327e+40 4.284e+41 4.3796e+41 5.1914e+38 1.5738e+41 8.2744e+40 3.5799e+42 6.5775e+40 1.621e+41 4.1472e+40 3.3903e+40 5.8489e+41 4.771e+41
-3.0 0.5 10000.0 -1.7 6.9199e+41 2.1201e+42 8.5113e+41 2.5619e+42 2.147e+41 1.8461e+40 6.3061e+42 5.4478e+40 2.0035e+41 2.2269e+41 1.0677e+38 6.2247e+40 3.3699e+40 1.9661e+42 4.0045e+40 9.8694e+40 3.0457e+40 2.5023e+40 3.6964e+41 3.026e+41
-3.0 0.5 10000.0 -2.0 5.617e+41 1.4774e+42 5.0157e+41 1.5097e+42 9.8753e+40 1.4049e+40 4.3499e+42 4.146e+40 9.9831e+40 1.2278e+41 1.4369e+37 1.9915e+40 1.0786e+40 9.7092e+41 1.9332e+40 4.7645e+40 1.8358e+40 1.5182e+40 1.9748e+41 1.6238e+41
-4.5 0.1 100.0 -1.2 3.6151e+42 2.6918e+42 1.2415e+41 3.7371e+41 1.0948e+42 3.7689e+40 8.1931e+42 1.1122e+41 1.3344e+42 9.6469e+41 1.2247e+38 1.4242e+40 7.2782e+39 1.641e+42 3.7051e+39 9.132e+39 4.0472e+40 2.3961e+40 1.1444e+41 7.4959e+40
-4.5 0.1 100.0 -1.4 3.3741e+42 2.4693e+42 1.1234e+41 3.3813e+41 8.6834e+41 3.4527e+40 7.4668e+42 1.0189e+41 1.133e+42 8.2284e+41 1.0707e+38 1.2756e+40 6.5453e+39 1.2641e+42 3.3051e+39 8.1461e+39 3.8792e+40 2.2967e+40 1.0124e+41 6.6314e+40
-4.5 0.1 100.0 -1.7 2.6533e+42 1.9183e+42 8.2061e+40 2.47e+41 5.4679e+41 2.6596e+40 5.7528e+42 7.8484e+40 7.8758e+41 5.7588e+41 7.5236e+37 9.4143e+39 4.8632e+39 7.316e+41 2.3533e+39 5.8003e+39 3.087e+40 1.8278e+40 7.2134e+40 4.7248e+40
-4.5 0.1 100.0 -2.0 1.9124e+42 1.3831e+42 5.3545e+40 1.6117e+41 3.2376e+41 1.8909e+40 4.1206e+42 5.5801e+40 5.1359e+41 3.7795e+41 4.5972e+37 6.4572e+39 3.3575e+39 3.8084e+41 1.4903e+39 3.6733e+39 2.1966e+40 1.3008e+40 4.6284e+40 3.0317e+40
-4.5 0.1 1000.0 -1.2 3.1923e+42 2.7247e+42 1.2421e+41 3.7388e+41 1.168e+42 3.7551e+40 8.2607e+42 1.1081e+41 1.2123e+42 1.0596e+42 9.8848e+37 1.4344e+40 7.3277e+39 1.6373e+42 3.7176e+39 9.1628e+39 4.0054e+40 2.4589e+40 1.1496e+41 7.7027e+40
-4.5 0.1 1000.0 -1.4 2.9721e+42 2.4919e+42 1.1236e+41 3.382e+41 9.1851e+41 3.4383e+40 7.5042e+42 1.0146e+41 9.9902e+41 8.9378e+41 7.526e+37 1.2673e+40 6.4967e+39 1.2611e+42 3.313e+39 8.1655e+39 3.8395e+40 2.3575e+40 1.0167e+41 6.8137e+40
-4.5 0.1 1000.0 -1.7 2.3308e+42 1.9297e+42 8.2071e+40 2.4703e+41 5.72e+41 2.6476e+40 5.7616e+42 7.813e+40 6.6617e+41 6.1719e+41 3.6446e+37 8.8803e+39 4.5726e+39 7.2943e+41 2.3583e+39 5.8124e+39 3.058e+40 1.8782e+40 7.2432e+40 4.8554e+40
-4.5 0.1 1000.0 -2.0 1.6769e+42 1.3894e+42 5.3518e+40 1.6109e+41 3.357e+41 1.8825e+40 4.1202e+42 5.5553e+40 4.1863e+41 4.0117e+41 1.2882e+37 5.3607e+39 2.7639e+39 3.7941e+41 1.489e+39 3.6701e+39 2.176e+40 1.3369e+40 4.6394e+40 3.1108e+40
-4.5 0.1 10000.0 -1.2 1.6886e+42 2.771e+42 1.2071e+41 3.6334e+41 1.2685e+42 3.5208e+40 8.3535e+42 1.039e+41 8.2331e+41 9.8448e+41 8.6841e+36 7.292e+39 3.6955e+39 1.6199e+42 3.5222e+39 8.6813e+39 3.4451e+40 2.8694e+40 1.0322e+41 8.4718e+40
-4.5 0.1 10000.0 -1.4 1.5519e+42 2.5234e+42 1.0838e+41 3.2623e+41 9.8863e+41 3.216e+40 7.5544e+42 9.4904e+40 6.4477e+41 7.9174e+41 4.9136e+36 5.6129e+39 2.8456e+39 1.2444e+42 3.075e+39 7.579e+39 3.2768e+40 2.733e+40 9.0384e+40 7.432e+40
-4.5 0.1 10000.0 -1.7 1.1997e+42 1.9472e+42 7.6934e+40 2.3157e+41 6.0939e+41 2.4715e+40 5.7779e+42 7.2934e+40 3.984e+41 5.107e+41 1.2803e+36 2.8114e+39 1.4243e+39 7.1375e+41 2.0369e+39 5.0204e+39 2.5484e+40 2.1306e+40 6.264e+40 5.164e+40
-4.5 0.1 10000.0 -2.0 8.5444e+41 1.3994e+42 4.7066e+40 1.4167e+41 3.5514e+41 1.7563e+40 4.1234e+42 5.1829e+40 2.324e+41 3.1175e+41 2.2353e+35 1.1118e+39 5.6237e+38 3.649e+41 1.1203e+39 2.7612e+39 1.7435e+40 1.4616e+40 3.8412e+40 3.1746e+40
-4.5 0.3 100.0 -1.2 3.1245e+42 2.7118e+42 1.0602e+41 3.1911e+41 1.0507e+42 3.8376e+40 8.285e+42 1.1325e+41 1.4769e+42 1.0641e+42 1.2596e+38 1.0733e+40 5.4612e+39 1.64e+42 3.248e+39 8.0053e+39 1.8651e+40 1.1042e+40 8.6116e+40 5.6403e+40
-4.5 0.3 100.0 -1.4 2.922e+42 2.4839e+42 9.6076e+40 2.8919e+41 8.2521e+41 3.5165e+40 7.5375e+42 1.0377e+41 1.2394e+42 8.9728e+41 1.1009e+38 9.6548e+39 4.9261e+39 1.2634e+42 2.9121e+39 7.1775e+39 1.7973e+40 1.0641e+40 7.6539e+40 5.0132e+40
-4.5 0.3 100.0 -1.7 2.3056e+42 1.9266e+42 7.0402e+40 2.1191e+41 5.1407e+41 2.7118e+40 5.796e+42 8.0024e+40 8.5115e+41 6.2049e+41 7.7104e+37 7.1662e+39 3.6729e+39 7.3107e+41 2.0944e+39 5.1621e+39 1.444e+40 8.5498e+39 5.498e+40 3.6012e+40
-4.5 0.3 100.0 -2.0 1.669e+42 1.388e+42 4.6093e+40 1.3874e+41 3.0175e+41 1.932e+40 4.1471e+42 5.7012e+40 5.4972e+41 4.0344e+41 4.6844e+37 4.9248e+39 2.5349e+39 3.8056e+41 1.3413e+39 3.306e+39 1.0384e+40 6.149e+39 3.5603e+40 2.3321e+40
-4.5 0.3 1000.0 -1.2 2.7554e+42 2.7481e+42 1.0595e+41 3.1892e+41 1.1517e+42 3.8218e+40 8.3614e+42 1.1278e+41 1.4053e+42 1.1984e+42 1.0194e+38 1.0798e+40 5.4932e+39 1.6364e+42 3.2502e+39 8.0109e+39 1.8392e+40 1.129e+40 8.6252e+40 5.7787e+40
-4.5 0.3 1000.0 -1.4 2.5689e+42 2.508e+42 9.6003e+40 2.8897e+41 8.9341e+41 3.4986e+40 7.5785e+42 1.0324e+41 1.139e+42 9.9495e+41 7.7772e+37 9.5866e+39 4.8883e+39 1.2604e+42 2.9124e+39 7.1782e+39 1.7723e+40 1.0881e+40 7.6628e+40 5.1349e+40
-4.5 0.3 1000.0 -1.7 2.0202e+42 1.9384e+42 7.0322e+40 2.1167e+41 5.4675e+41 2.6957e+40 5.805e+42 7.955e+40 7.4354e+41 6.7374e+41 3.7721e+37 6.7503e+39 3.452e+39 7.2895e+41 2.0924e+39 5.1572e+39 1.4239e+40 8.7438e+39 5.5001e+40 3.6866e+40
-4.5 0.3 1000.0 -2.0 1.459e+42 1.3944e+42 4.6004e+40 1.3847e+41 3.1603e+41 1.92e+40 4.1463e+42 5.6658e+40 4.5858e+41 4.3095e+41 1.334e+37 4.0768e+39 2.0864e+39 3.7917e+41 1.3348e+39 3.2899e+39 1.0233e+40 6.2856e+39 3.5531e+40 2.3821e+40
-4.5 0.3 10000.0 -1.2 1.4569e+42 2.798e+42 1.0279e+41 3.0941e+41 1.2611e+42 3.5788e+40 8.4627e+42 1.0561e+41 1.0309e+42 1.1602e+42 8.9569e+36 5.4565e+39 2.7603e+39 1.6193e+42 3.0656e+39 7.5559e+39 1.573e+40 1.309e+40 7.7082e+40 6.3227e+40
-4.5 0.3 10000.0 -1.4 1.3396e+42 2.5422e+42 9.2446e+40 2.7826e+41 9.6788e+41 3.2677e+40 7.635e+42 9.643e+40 7.9094e+41 9.1533e+41 5.0772e+36 4.213e+39 2.1317e+39 1.2442e+42 2.6893e+39 6.6284e+39 1.5035e+40 1.2528e+40 6.7774e+40 5.5693e+40
-4.5 0.3 10000.0 -1.7 1.0371e+42 1.9562e+42 6.5787e+40 1.9802e+41 5.8374e+41 2.5116e+40 5.8213e+42 7.4118e+40 4.7273e+41 5.7376e+41 1.3241e+36 2.117e+39 1.0707e+39 7.1356e+41 1.7953e+39 4.4249e+39 1.1782e+40 9.8397e+39 4.7271e+40 3.8943e+40
-4.5 0.3 10000.0 -2.0 7.4073e+41 1.4038e+42 4.0365e+40 1.215e+41 3.3341e+41 1.7872e+40 4.1468e+42 5.274e+40 2.6658e+41 3.4118e+41 2.3082e+35 8.3861e+38 4.2367e+38 3.6483e+41 9.9588e+38 2.4546e+39 8.1338e+39 6.8105e+39 2.9206e+40 2.4118e+40
-4.5 0.5 100.0 -1.2 2.4211e+42 2.7277e+42 8.1611e+40 2.4565e+41 8.876e+41 3.8849e+40 8.358e+42 1.1464e+41 1.6079e+42 1.1553e+42 1.2931e+38 7.4468e+39 3.7746e+39 1.6391e+42 2.5619e+39 6.3143e+39 4.7796e+39 2.8296e+39 5.9426e+40 3.8923e+40
-4.5 0.5 100.0 -1.4 2.2672e+42 2.4947e+42 7.4073e+40 2.2296e+41 6.9178e+41 3.5602e+40 7.5911e+42 1.0506e+41 1.3357e+42 9.6439e+41 1.1305e+38 6.7264e+39 3.4152e+39 1.2627e+42 2.3086e+39 5.6899e+39 4.627e+39 2.7393e+39 5.3029e+40 3.4733e+40
-4.5 0.5 100.0 -1.7 1.7934e+42 1.9324e+42 5.4414e+40 1.6379e+41 4.2629e+41 2.7476e+40 5.828e+42 8.1081e+40 9.0512e+41 6.5824e+41 7.8956e+37 5.0158e+39 2.5537e+39 7.3055e+41 1.6748e+39 4.128e+39 3.7448e+39 2.2172e+39 3.8347e+40 2.5117e+40
-4.5 0.5 100.0 -2.0 1.3021e+42 1.3914e+42 3.5727e+40 1.0754e+41 2.4857e+41 1.9601e+40 4.1664e+42 5.7841e+40 5.8003e+41 4.2473e+41 4.7716e+37 3.451e+39 1.7615e+39 3.8024e+41 1.0831e+39 2.6694e+39 2.7149e+39 1.6076e+39 2.5015e+40 1.6385e+40
-4.5 0.5 1000.0 -1.2 2.1333e+42 2.7712e+42 8.1483e+40 2.4526e+41 1.008e+42 3.8692e+40 8.4558e+42 1.1418e+41 1.6111e+42 1.3447e+42 1.0483e+38 7.4849e+39 3.7934e+39 1.6357e+42 2.5572e+39 6.3027e+39 4.6989e+39 2.884e+39 5.9377e+40 3.9779e+40
-4.5 0.5 1000.0 -1.4 1.9909e+42 2.5224e+42 7.395e+40 2.2259e+41 7.7142e+41 3.5411e+40 7.6423e+42 1.045e+41 1.2822e+42 1.0971e+42 8.0149e+37 6.674e+39 3.3874e+39 1.2598e+42 2.3035e+39 5.6774e+39 4.5483e+39 2.7919e+39 5.2959e+40 3.5486e+40
-4.5 0.5 1000.0 -1.7 1.5688e+42 1.9462e+42 5.4295e+40 1.6343e+41 4.6395e+41 2.7293e+40 5.8428e+42 8.0541e+40 8.1841e+41 7.2765e+41 3.8943e+37 4.7173e+39 2.3984e+39 7.2852e+41 1.6677e+39 4.1103e+39 3.6788e+39 2.2587e+39 3.8241e+40 2.563e+40
-4.5 0.5 1000.0 -2.0 1.1357e+42 1.398e+42 3.5613e+40 1.072e+41 2.6385e+41 1.9455e+40 4.1662e+42 5.7411e+40 4.9448e+41 4.572e+41 1.3797e+37 2.8522e+39 1.4506e+39 3.7893e+41 1.0739e+39 2.6469e+39 2.6638e+39 1.636e+39 2.4874e+40 1.6675e+40
-4.5 0.5 10000.0 -1.2 1.1274e+42 2.8205e+42 7.8926e+40 2.3757e+41 1.1096e+42 3.6189e+40 8.5536e+42 1.0679e+41 1.2414e+42 1.3312e+42 9.2203e+36 3.7619e+39 1.9e+39 1.619e+42 2.4002e+39 5.9158e+39 3.9956e+39 3.323e+39 5.2813e+40 4.3302e+40
-4.5 0.5 10000.0 -1.4 1.0363e+42 2.5537e+42 7.1068e+40 2.1391e+41 8.3481e+41 3.3016e+40 7.6883e+42 9.7429e+40 9.247e+41 1.024e+42 5.237e+36 2.9128e+39 1.4714e+39 1.2437e+42 2.1143e+39 5.2111e+39 3.8324e+39 3.1911e+39 4.6574e+40 3.8254e+40
-4.5 0.5 10000.0 -1.7 8.0304e+41 1.9607e+42 5.0678e+40 1.5254e+41 4.8965e+41 2.5377e+40 5.8472e+42 7.4888e+40 5.3057e+41 6.2118e+41 1.3675e+36 1.4679e+39 7.4129e+38 7.133e+41 1.4205e+39 3.5012e+39 3.0208e+39 2.5207e+39 3.2651e+40 2.6884e+40
-4.5 0.5 10000.0 -2.0 5.7447e+41 1.4058e+42 3.1165e+40 9.3807e+40 2.7365e+41 1.8068e+40 4.1608e+42 5.3318e+40 2.9067e+41 3.6126e+41 2.3812e+35 5.8221e+38 2.9381e+38 3.6475e+41 7.9337e+38 1.9554e+39 2.0986e+39 1.7555e+39 2.0281e+40 1.6737e+40
-4.0 0.1 100.0 -1.2 4.3599e+42 2.9312e+42 4.9595e+41 1.4928e+42 8.614e+41 3.9282e+40 8.9399e+42 1.1592e+41 1.0175e+42 7.3933e+41 6.8954e+38 7.2868e+40 3.8294e+40 2.992e+42 1.7702e+40 4.363e+40 1.2578e+41 7.4463e+40 3.5692e+41 2.3379e+41
-4.0 0.1 100.0 -1.4 4.0452e+42 2.6294e+42 4.4912e+41 1.3518e+42 6.3086e+41 3.555e+40 7.9559e+42 1.0491e+41 8.3445e+41 6.1052e+41 6.0081e+38 6.3088e+40 3.3627e+40 2.3111e+42 1.5721e+40 3.8748e+40 1.2008e+41 7.109e+40 3.168e+41 2.0752e+41
-4.0 0.1 100.0 -1.7 3.1792e+42 1.9927e+42 3.2968e+41 9.9234e+41 3.59e+41 2.7194e+40 5.9684e+42 8.025e+40 5.5955e+41 4.135e+41 4.2107e+38 4.4007e+40 2.4102e+40 1.3447e+42 1.1147e+40 2.7473e+40 9.476e+40 5.6106e+40 2.2676e+41 1.4853e+41
-4.0 0.1 100.0 -2.0 2.3043e+42 1.4131e+42 2.1658e+41 6.5191e+41 1.9667e+41 1.9363e+40 4.1991e+42 5.7139e+40 3.5875e+41 2.675e+41 2.5712e+38 2.8451e+40 1.6092e+40 7.0457e+41 7.0327e+39 1.7333e+40 6.6625e+40 3.9454e+40 1.4599e+41 9.5627e+40
-4.0 0.1 1000.0 -1.2 3.806e+42 2.9667e+42 4.9633e+41 1.494e+42 9.1169e+41 3.9212e+40 9.0127e+42 1.1572e+41 8.9724e+41 7.9707e+41 5.5776e+38 7.3563e+40 3.8621e+40 2.985e+42 1.7763e+40 4.3781e+40 1.2426e+41 7.6265e+40 3.5707e+41 2.3932e+41
-4.0 0.1 1000.0 -1.4 3.522e+42 2.6524e+42 4.4954e+41 1.3531e+42 6.6162e+41 3.5458e+40 7.992e+42 1.0464e+41 7.0717e+41 6.4953e+41 4.2333e+38 6.2997e+40 3.3512e+40 2.3056e+42 1.5769e+40 3.8866e+40 1.1869e+41 7.2855e+40 3.1687e+41 2.124e+41
-4.0 0.1 1000.0 -1.7 2.7599e+42 2.0029e+42 3.2972e+41 9.9246e+41 3.7271e+41 2.7103e+40 5.9722e+42 7.998e+40 4.4993e+41 4.3408e+41 2.0442e+38 4.2144e+40 2.2923e+40 1.3406e+42 1.1165e+40 2.7517e+40 9.367e+40 5.7509e+40 2.2656e+41 1.5189e+41
-4.0 0.1 1000.0 -2.0 1.9981e+42 1.42e+42 2.1664e+41 6.5209e+41 2.0271e+41 1.9304e+40 4.1994e+42 5.6968e+40 2.7609e+41 2.7864e+41 7.1982e+37 2.4654e+40 1.3646e+40 7.0195e+41 7.0247e+39 1.7314e+40 6.5899e+40 4.0472e+40 1.4547e+41 9.7543e+40
-4.0 0.1 10000.0 -1.2 1.9399e+42 3.0192e+42 4.8254e+41 1.4524e+42 1.0046e+42 3.7342e+40 9.1263e+42 1.1019e+41 6.0348e+41 7.2711e+41 5.0633e+37 3.8542e+40 1.9913e+40 2.9389e+42 1.6727e+40 4.1226e+40 1.062e+41 8.8327e+40 3.1237e+41 2.5712e+41
-4.0 0.1 10000.0 -1.4 1.7734e+42 2.6851e+42 4.33e+41 1.3033e+42 7.2222e+41 3.3668e+40 8.0484e+42 9.9355e+40 4.4308e+41 5.5447e+41 2.8393e+37 2.9137e+40 1.5104e+40 2.2623e+42 1.4501e+40 3.574e+40 1.0018e+41 8.3413e+40 2.728e+41 2.2483e+41
-4.0 0.1 10000.0 -1.7 1.3758e+42 2.0216e+42 3.0697e+41 9.2398e+41 4.0377e+41 2.5724e+40 5.995e+42 7.5911e+40 2.5445e+41 3.383e+41 7.3204e+36 1.4271e+40 7.3934e+39 1.3013e+42 9.4687e+39 2.3337e+40 7.6106e+40 6.3518e+40 1.8648e+41 1.5403e+41
-4.0 0.1 10000.0 -2.0 9.9412e+41 1.432e+42 1.8678e+41 5.6222e+41 2.1983e+41 1.8406e+40 4.2117e+42 5.4315e+40 1.423e+41 2.0113e+41 1.2648e+36 5.5324e+39 2.8467e+39 6.6727e+41 5.101e+39 1.2572e+40 5.0266e+40 4.2088e+40 1.1165e+41 9.2441e+40
-4.0 0.3 100.0 -1.2 3.7519e+42 2.9529e+42 4.2352e+41 1.2748e+42 8.5406e+41 3.9906e+40 9.0327e+42 1.1776e+41 1.1588e+42 8.3759e+41 7.0968e+38 5.5825e+40 2.9201e+40 2.9895e+42 1.5541e+40 3.8305e+40 5.7681e+40 3.4147e+40 2.6774e+41 1.7537e+41
-4.0 0.3 100.0 -1.4 3.4865e+42 2.6451e+42 3.8431e+41 1.1568e+42 6.1953e+41 3.61e+40 8.0259e+42 1.0653e+41 9.3684e+41 6.8179e+41 6.1818e+38 4.8865e+40 2.5854e+40 2.309e+42 1.3887e+40 3.4227e+40 5.5372e+40 3.2781e+40 2.3886e+41 1.5646e+41
-4.0 0.3 100.0 -1.7 2.7501e+42 2.0019e+42 2.8303e+41 8.5191e+41 3.4642e+41 2.7636e+40 6.0123e+42 8.1555e+40 6.1469e+41 4.5201e+41 4.3176e+38 3.4725e+40 1.8759e+40 1.3433e+42 9.9502e+39 2.4524e+40 4.4109e+40 2.6116e+40 1.725e+41 1.13e+41
-4.0 0.3 100.0 -2.0 2.0031e+42 1.4188e+42 1.8676e+41 5.6214e+41 1.8623e+41 1.972e+40 4.2266e+42 5.8192e+40 3.864e+41 2.8693e+41 2.6201e+38 2.287e+40 1.264e+40 7.0383e+41 6.3583e+39 1.5671e+40 3.1371e+40 1.8576e+40 1.1225e+41 7.3529e+40
-4.0 0.3 1000.0 -1.2 3.2722e+42 2.9951e+42 4.2358e+41 1.275e+42 9.2738e+41 3.9831e+40 9.1251e+42 1.1754e+41 1.0799e+42 9.2804e+41 5.7571e+38 5.6289e+40 2.9417e+40 2.983e+42 1.5561e+40 3.8353e+40 5.6848e+40 3.4885e+40 2.6729e+41 1.7913e+41
-4.0 0.3 1000.0 -1.4 3.0314e+42 2.6694e+42 3.8418e+41 1.1564e+42 6.6143e+41 3.5986e+40 8.0654e+42 1.0619e+41 8.3072e+41 7.3846e+41 4.3769e+38 4.8716e+40 2.5725e+40 2.3033e+42 1.3892e+40 3.4239e+40 5.4567e+40 3.3488e+40 2.3831e+41 1.5973e+41
-4.0 0.3 1000.0 -1.7 2.3839e+42 2.0132e+42 2.8292e+41 8.516e+41 3.6315e+41 2.7526e+40 6.0182e+42 8.1228e+40 5.109e+41 4.785e+41 2.1161e+38 3.313e+40 1.7774e+40 1.3395e+42 9.9427e+39 2.4506e+40 4.3491e+40 2.6696e+40 1.7195e+41 1.1527e+41
-4.0 0.3 1000.0 -2.0 1.7326e+42 1.425e+42 1.8654e+41 5.6149e+41 1.9293e+41 1.9632e+40 4.2242e+42 5.7935e+40 3.0449e+41 2.9978e+41 7.4643e+37 1.9614e+40 1.0625e+40 7.0123e+41 6.3283e+39 1.5597e+40 3.0903e+40 1.8975e+40 1.1146e+41 7.4727e+40
-4.0 0.3 10000.0 -1.2 1.6679e+42 3.0466e+42 4.112e+41 1.2377e+42 1.0246e+42 3.7904e+40 9.2329e+42 1.1186e+41 7.9107e+41 8.8801e+41 5.2292e+37 2.9211e+40 1.5011e+40 2.9378e+42 1.4592e+40 3.5964e+40 4.8369e+40 4.0193e+40 2.329e+41 1.9159e+41
-4.0 0.3 10000.0 -1.4 1.5251e+42 2.7015e+42 3.6961e+41 1.1125e+42 7.2346e+41 3.4147e+40 8.1176e+42 1.0077e+41 5.6567e+41 6.6009e+41 2.9377e+37 2.2198e+40 1.1429e+40 2.2612e+42 1.2716e+40 3.1341e+40 4.5842e+40 3.813e+40 2.0428e+41 1.6825e+41
-4.0 0.3 10000.0 -1.7 1.1855e+42 2.0302e+42 2.6284e+41 7.9114e+41 3.9347e+41 2.6091e+40 6.0346e+42 7.6994e+40 3.1214e+41 3.8832e+41 7.5817e+36 1.0914e+40 5.612e+39 1.3006e+42 8.3751e+39 2.0642e+40 3.5106e+40 2.9266e+40 1.4067e+41 1.161e+41
-4.0 0.3 10000.0 -2.0 8.5926e+41 1.4365e+42 1.6044e+41 4.8293e+41 2.0895e+41 1.869e+40 4.2342e+42 5.5153e+40 1.6805e+41 2.2373e+41 1.3084e+36 4.2253e+39 2.1608e+39 6.6704e+41 4.5527e+39 1.1221e+40 2.3387e+40 1.9557e+40 8.4882e+40 7.0218e+40
-4.0 0.5 100.0 -1.2 2.9027e+42 2.9723e+42 3.2637e+41 9.8236e+41 7.4188e+41 4.0369e+40 9.1158e+42 1.1913e+41 1.2905e+42 9.2912e+41 7.2891e+38 3.9523e+40 2.0503e+40 2.9873e+42 1.2291e+40 3.0293e+40 1.477e+40 8.7436e+39 1.8482e+41 1.2106e+41
-4.0 0.5 100.0 -1.4 2.7015e+42 2.6579e+42 2.9663e+41 8.9285e+41 5.3606e+41 3.6519e+40 8.0848e+42 1.0777e+41 1.0346e+42 7.4974e+41 6.3508e+38 3.4964e+40 1.8287e+40 2.3068e+42 1.1044e+40 2.7221e+40 1.4246e+40 8.4336e+39 1.6565e+41 1.085e+41
-4.0 0.5 100.0 -1.7 2.1372e+42 2.0093e+42 2.1918e+41 6.5974e+41 2.9733e+41 2.7976e+40 6.048e+42 8.2558e+40 6.7018e+41 4.9064e+41 4.4228e+38 2.5273e+40 1.3406e+40 1.3418e+42 7.9955e+39 1.9706e+40 1.1447e+40 6.7771e+39 1.2063e+41 7.9014e+40
-4.0 0.5 100.0 -2.0 1.5617e+42 1.4229e+42 1.4511e+41 4.3677e+41 1.577e+41 1.9986e+40 4.2477e+42 5.898e+40 4.1456e+41 3.0662e+41 2.6702e+38 1.6907e+40 9.0994e+39 7.0301e+41 5.1651e+39 1.273e+40 8.2121e+39 4.8626e+39 7.917e+40 5.1859e+40
-4.0 0.5 1000.0 -1.2 2.5294e+42 3.0201e+42 3.2611e+41 9.8159e+41 8.3635e+41 4.0297e+40 9.2235e+42 1.1892e+41 1.2792e+42 1.0694e+42 5.9237e+38 3.9796e+40 2.0631e+40 2.9809e+42 1.2279e+40 3.0264e+40 1.4519e+40 8.9084e+39 1.8412e+41 1.2339e+41
-4.0 0.5 1000.0 -1.4 2.3465e+42 2.6861e+42 2.9638e+41 8.9211e+41 5.8944e+41 3.6397e+40 8.1349e+42 1.0741e+41 9.6683e+41 8.3533e+41 4.5146e+38 3.4801e+40 1.8173e+40 2.3017e+42 1.1027e+40 2.7177e+40 1.4007e+40 8.5948e+39 1.6495e+41 1.1055e+41
-4.0 0.5 1000.0 -1.7 1.8492e+42 2.0205e+42 2.1878e+41 6.5853e+41 3.1678e+41 2.7837e+40 6.0533e+42 8.2148e+40 5.7737e+41 5.2616e+41 2.186e+38 2.3995e+40 1.2658e+40 1.3382e+42 7.9607e+39 1.9621e+40 1.1245e+40 6.9011e+39 1.1986e+41 8.034e+40
-4.0 0.5 1000.0 -2.0 1.3481e+42 1.4288e+42 1.4476e+41 4.3573e+41 1.646e+41 1.9877e+40 4.244e+42 5.8658e+40 3.3451e+41 3.2165e+41 7.7228e+37 1.4318e+40 7.5886e+39 7.0055e+41 5.1214e+39 1.2623e+40 8.0588e+39 4.9472e+39 7.8344e+40 5.2519e+40
-4.0 0.5 10000.0 -1.2 1.289e+42 3.0675e+42 3.1607e+41 9.5138e+41 9.2746e+41 3.8318e+40 9.317e+42 1.1308e+41 9.9434e+41 1.0547e+42 5.39e+37 2.0399e+40 1.0421e+40 2.9363e+42 1.1459e+40 2.8243e+40 1.2292e+40 1.0207e+40 1.5975e+41 1.3135e+41
-4.0 0.5 10000.0 -1.4 1.1789e+42 2.7151e+42 2.8454e+41 8.5646e+41 6.4402e+41 3.4497e+40 8.1757e+42 1.018e+41 6.9568e+41 7.6701e+41 3.0344e+37 1.5569e+40 7.9621e+39 2.26e+42 1.0033e+40 2.4728e+40 1.1696e+40 9.7204e+39 1.4063e+41 1.1576e+41
-4.0 0.5 10000.0 -1.7 9.1757e+41 2.0369e+42 2.0288e+41 6.1067e+41 3.4175e+41 2.6357e+40 6.0662e+42 7.7778e+40 3.7196e+41 4.3778e+41 7.8421e+36 7.6765e+39 3.9203e+39 1.3001e+42 6.6586e+39 1.6411e+40 9.015e+39 7.5076e+39 9.7429e+40 8.0357e+40
-4.0 0.5 10000.0 -2.0 6.6625e+41 1.4396e+42 1.2415e+41 3.737e+41 1.7719e+41 1.8889e+40 4.2505e+42 5.5741e+40 1.9374e+41 2.4518e+41 1.3519e+36 2.9669e+39 1.5094e+39 6.6678e+41 3.6464e+39 8.9873e+39 6.0435e+39 5.0477e+39 5.9129e+40 4.8878e+40
-5.0 0.1 100.0 -1.2 2.4735e+42 2.4455e+42 2.422e+40 7.2901e+40 1.3781e+42 3.0827e+40 7.4018e+42 9.0969e+40 1.6034e+42 1.1485e+42 2.1733e+37 2.5673e+39 1.2956e+39 6.7578e+41 6.5779e+38 1.6213e+39 1.0387e+40 6.1491e+39 3.1102e+40 2.0368e+40
-5.0 0.1 100.0 -1.4 2.3306e+42 2.2952e+42 2.1952e+40 6.6077e+40 1.146e+42 2.8623e+40 6.9137e+42 8.4466e+40 1.3964e+42 1.0033e+42 1.9019e+37 2.3226e+39 1.1729e+39 5.1396e+41 5.8941e+38 1.4527e+39 1.0016e+40 5.9298e+39 2.7463e+40 1.7985e+40
-5.0 0.1 100.0 -1.7 1.8498e+42 1.8289e+42 1.6066e+40 4.8357e+40 7.6617e+41 2.2339e+40 5.476e+42 6.5924e+40 9.9764e+41 7.2e+41 1.3377e+37 1.7412e+39 8.8026e+38 2.9097e+41 4.2271e+38 1.0419e+39 8.0572e+39 4.7704e+39 1.9514e+40 1.278e+40
-5.0 0.1 100.0 -2.0 1.3403e+42 1.3425e+42 1.0491e+40 3.1577e+40 4.7692e+41 1.6e+40 4.0008e+42 4.7215e+40 6.6228e+41 4.8e+41 8.177e+36 1.2103e+39 6.1252e+38 1.4788e+41 2.6917e+38 6.6344e+38 5.7998e+39 3.4342e+39 1.2484e+40 8.1764e+39
-5.0 0.1 1000.0 -1.2 2.2311e+42 2.4734e+42 2.4219e+40 7.2899e+40 1.502e+42 3.079e+40 7.4593e+42 9.0861e+40 1.536e+42 1.2964e+42 1.7523e+37 2.5822e+39 1.303e+39 6.7473e+41 6.5946e+38 1.6254e+39 1.0298e+40 6.3161e+39 3.1379e+40 2.1001e+40
-5.0 0.1 1000.0 -1.4 2.0968e+42 2.3153e+42 2.1952e+40 6.6076e+40 1.2415e+42 2.8572e+40 6.9481e+42 8.4317e+40 1.3107e+42 1.1241e+42 1.3357e+37 2.3033e+39 1.163e+39 5.1297e+41 5.9092e+38 1.4565e+39 9.9353e+39 6.0954e+39 2.7709e+40 1.8549e+40
-5.0 0.1 1000.0 -1.7 1.6597e+42 1.8404e+42 1.6063e+40 4.835e+40 8.2284e+41 2.2294e+40 5.4886e+42 6.579e+40 9.0852e+41 7.9852e+41 6.4728e+36 1.6317e+39 8.2447e+38 2.9022e+41 4.2344e+38 1.0437e+39 7.999e+39 4.9092e+39 1.9688e+40 1.3185e+40
-5.0 0.1 1000.0 -2.0 1.2001e+42 1.3493e+42 1.0484e+40 3.1556e+40 5.0773e+41 1.5966e+40 4.0039e+42 4.7117e+40 5.8566e+41 5.2727e+41 2.288e+36 9.8875e+38 4.9968e+38 1.4739e+41 2.6886e+38 6.6266e+38 5.7611e+39 3.5371e+39 1.2584e+40 8.4299e+39
-5.0 0.1 10000.0 -1.2 1.2799e+42 2.5181e+42 2.3568e+40 7.0939e+40 1.6493e+42 2.9033e+40 7.5514e+42 8.5676e+40 1.1146e+42 1.2889e+42 1.5122e+36 1.2829e+39 6.4679e+38 6.7045e+41 6.2533e+38 1.5413e+39 8.9257e+39 7.378e+39 2.8705e+40 2.3322e+40
-5.0 0.1 10000.0 -1.4 1.1872e+42 2.3493e+42 2.1222e+40 6.3879e+40 1.3538e+42 2.6886e+40 7.0088e+42 7.934e+40 9.1736e+41 1.0829e+42 8.5713e+35 9.9171e+38 5e+38 5.0885e+41 5.4912e+38 1.3534e+39 8.5643e+39 7.0933e+39 2.5172e+40 2.0501e+40
-5.0 0.1 10000.0 -1.7 9.2487e+41 1.86e+42 1.514e+40 4.557e+40 8.8899e+41 2.0933e+40 5.5122e+42 6.1773e+40 5.9961e+41 7.3273e+41 2.2321e+35 4.9832e+38 2.5122e+38 2.8626e+41 3.6691e+38 9.0432e+38 6.7818e+39 5.6327e+39 1.7555e+40 1.4343e+40
-5.0 0.1 10000.0 -2.0 6.6085e+41 1.36e+42 9.3408e+39 2.8116e+40 5.435e+41 1.4976e+40 4.0092e+42 4.4195e+40 3.6365e+41 4.6114e+41 3.8838e+34 1.9747e+38 9.9535e+37 1.4373e+41 2.0404e+38 5.029e+38 4.7586e+39 3.963e+39 1.0906e+40 8.935e+39
-5.0 0.3 100.0 -1.2 2.1591e+42 2.4643e+42 2.0683e+40 6.2255e+40 1.3299e+42 3.1637e+40 7.4938e+42 9.336e+40 1.7862e+42 1.2761e+42 2.2351e+37 1.9193e+39 9.6757e+38 6.7529e+41 5.762e+38 1.4202e+39 4.8284e+39 2.8583e+39 2.3587e+40 1.5446e+40
-5.0 0.3 100.0 -1.4 2.0381e+42 2.309e+42 1.8777e+40 5.6519e+40 1.0997e+42 2.9388e+40 6.9855e+42 8.6725e+40 1.5436e+42 1.1063e+42 1.9558e+37 1.7405e+39 8.7778e+38 5.1353e+41 5.1906e+38 1.2793e+39 4.6826e+39 2.7721e+39 2.0921e+40 1.3701e+40
-5.0 0.3 100.0 -1.7 1.6237e+42 1.8371e+42 1.378e+40 4.1479e+40 7.2974e+41 2.2973e+40 5.5211e+42 6.7792e+40 1.0911e+42 7.8558e+41 1.3709e+37 1.3067e+39 6.5946e+38 2.9069e+41 3.7568e+38 9.2594e+38 3.8038e+39 2.252e+39 1.498e+40 9.8105e+39
-5.0 0.3 100.0 -2.0 1.1814e+42 1.347e+42 9.0269e+39 2.7171e+40 4.5163e+41 1.6487e+40 4.0269e+42 4.8652e+40 7.1802e+41 5.1929e+41 8.3294e+36 9.067e+38 4.5789e+38 1.4773e+41 2.4184e+38 5.9606e+38 2.7676e+39 1.6387e+39 9.6654e+39 6.3302e+39
-5.0 0.3 1000.0 -1.2 1.9433e+42 2.5005e+42 2.0661e+40 6.2189e+40 1.4866e+42 3.1558e+40 7.5778e+42 9.3129e+40 1.7791e+42 1.4713e+42 1.8073e+37 1.9296e+39 9.7275e+38 6.747e+41 5.7635e+38 1.4205e+39 4.764e+39 2.9215e+39 2.3704e+40 1.5862e+40
-5.0 0.3 1000.0 -1.4 1.8289e+42 2.3347e+42 1.8756e+40 5.6455e+40 1.2172e+42 2.9288e+40 7.0376e+42 8.643e+40 1.5001e+42 1.2612e+42 1.3804e+37 1.7259e+39 8.7033e+38 5.1281e+41 5.1907e+38 1.2794e+39 4.621e+39 2.8345e+39 2.102e+40 1.407e+40
-5.0 0.3 1000.0 -1.7 1.4518e+42 1.8512e+42 1.376e+40 4.1417e+40 7.9717e+41 2.2873e+40 5.5417e+42 6.7497e+40 1.0233e+42 8.8241e+41 6.6972e+36 1.225e+39 6.1801e+38 2.9013e+41 3.7514e+38 9.2462e+38 3.7533e+39 2.303e+39 1.5039e+40 1.007e+40
-5.0 0.3 1000.0 -2.0 1.0535e+42 1.3548e+42 9.0069e+39 2.7111e+40 4.8767e+41 1.6408e+40 4.0333e+42 4.8421e+40 6.5146e+41 5.7604e+41 2.3691e+36 7.4224e+38 3.7451e+38 1.4733e+41 2.4061e+38 5.9304e+38 2.7299e+39 1.6756e+39 9.6875e+39 6.4887e+39
-5.0 0.3 10000.0 -1.2 1.1141e+42 2.5418e+42 2.0071e+40 6.0414e+40 1.6276e+42 2.9675e+40 7.6574e+42 8.7572e+40 1.3415e+42 1.4779e+42 1.5592e+36 9.5646e+38 4.8202e+38 6.7036e+41 5.4393e+38 1.3406e+39 4.1017e+39 3.3869e+39 2.1565e+40 1.7505e+40
-5.0 0.3 10000.0 -1.4 1.0334e+42 2.3629e+42 1.8099e+40 5.4477e+40 1.3138e+42 2.7469e+40 7.0785e+42 8.1061e+40 1.0751e+42 1.2156e+42 8.8538e+35 7.4139e+38 3.7364e+38 5.0859e+41 4.7977e+38 1.1825e+39 3.9541e+39 3.2713e+39 1.8979e+40 1.5443e+40
-5.0 0.3 10000.0 -1.7 8.0632e+41 1.8673e+42 1.2942e+40 3.8957e+40 8.4864e+41 2.1397e+40 5.5537e+42 6.3144e+40 6.8778e+41 8.0802e+41 2.3075e+35 3.7382e+38 1.8839e+38 2.8614e+41 3.2299e+38 7.9607e+38 3.1562e+39 2.6182e+39 1.3318e+40 1.0871e+40
-5.0 0.3 10000.0 -2.0 5.7755e+41 1.3638e+42 8.0062e+39 2.4099e+40 5.1225e+41 1.5327e+40 4.0325e+42 4.523e+40 4.0973e+41 5.0148e+41 4.0098e+34 1.4849e+38 7.4832e+37 1.4369e+41 1.8107e+38 4.4629e+38 2.2343e+39 1.8582e+39 8.3295e+39 6.8175e+39
-5.0 0.5 100.0 -1.2 1.6805e+42 2.4792e+42 1.5916e+40 4.7907e+40 1.1189e+42 3.2146e+40 7.5672e+42 9.4862e+40 1.9389e+42 1.3825e+42 2.2941e+37 1.3225e+39 6.6615e+38 6.7514e+41 4.5399e+38 1.119e+39 1.2416e+39 7.3498e+38 1.6323e+40 1.0689e+40
-5.0 0.5 100.0 -1.4 1.5884e+42 2.3183e+42 1.4469e+40 4.3553e+40 9.1684e+41 2.9868e+40 7.0372e+42 8.814e+40 1.6579e+42 1.186e+42 2.0078e+37 1.2019e+39 6.0549e+38 5.1327e+41 4.1089e+38 1.0127e+39 1.2094e+39 7.1595e+38 1.4529e+40 9.5148e+39
-5.0 0.5 100.0 -1.7 1.2682e+42 1.8416e+42 1.0644e+40 3.2038e+40 6.0521e+41 2.3367e+40 5.5509e+42 6.8956e+40 1.1632e+42 8.3611e+41 1.4037e+37 9.04e+38 4.5558e+38 2.904e+41 2.999e+38 7.3916e+38 9.8938e+38 5.8575e+38 1.0463e+40 6.8526e+39
-5.0 0.5 100.0 -2.0 9.253e+41 1.3496e+42 6.9901e+39 2.104e+40 3.7292e+41 1.6792e+40 4.0448e+42 4.9553e+40 7.6079e+41 5.4934e+41 8.4863e+36 6.2628e+38 3.1574e+38 1.4761e+41 1.9485e+38 4.8025e+38 7.2542e+38 4.2951e+38 6.7949e+39 4.4501e+39
-5.0 0.5 1000.0 -1.2 1.5113e+42 2.528e+42 1.5885e+40 4.7814e+40 1.2913e+42 3.2059e+40 7.6923e+42 9.4607e+40 2.0141e+42 1.6382e+42 1.8584e+37 1.3284e+39 6.691e+38 6.7494e+41 4.5298e+38 1.1165e+39 1.2207e+39 7.4852e+38 1.6358e+40 1.0946e+40
-5.0 0.5 1000.0 -1.4 1.4232e+42 2.3526e+42 1.4439e+40 4.346e+40 1.0436e+42 2.9743e+40 7.1173e+42 8.7773e+40 1.6717e+42 1.3835e+42 1.422e+37 1.1909e+39 5.9997e+38 5.1295e+41 4.0976e+38 1.0099e+39 1.1888e+39 7.291e+38 1.4552e+40 9.7398e+39
-5.0 0.5 1000.0 -1.7 1.1315e+42 1.8587e+42 1.0616e+40 3.1955e+40 6.6875e+41 2.3233e+40 5.5814e+42 6.856e+40 1.1095e+42 9.4478e+41 6.9137e+36 8.4747e+38 4.2703e+38 2.9006e+41 2.9853e+38 7.3579e+38 9.7199e+38 5.9633e+38 1.0468e+40 7.009e+39
-5.0 0.5 1000.0 -2.0 8.2295e+41 1.358e+42 6.9658e+39 2.0967e+40 4.0351e+41 1.6682e+40 4.0535e+42 4.9227e+40 6.9452e+41 6.0779e+41 2.4501e+36 5.1366e+38 2.5884e+38 1.4727e+41 1.9317e+38 4.761e+38 7.1197e+38 4.3694e+38 6.7831e+39 4.5429e+39
-5.0 0.5 10000.0 -1.2 8.6436e+41 2.5466e+42 1.5405e+40 4.6369e+40 1.3486e+42 3.0037e+40 7.6996e+42 8.8638e+40 1.4516e+42 1.5679e+42 1.6045e+36 6.5722e+38 3.3111e+38 6.6996e+41 4.2541e+38 1.0485e+39 1.0444e+39 8.6181e+38 1.4807e+40 1.2013e+40
-5.0 0.5 10000.0 -1.4 8.0207e+41 2.3677e+42 1.3907e+40 4.1859e+40 1.0811e+42 2.7806e+40 7.1158e+42 8.2056e+40 1.1594e+42 1.2851e+42 9.1292e+35 5.1076e+38 2.5733e+38 5.083e+41 3.7667e+38 9.284e+38 1.0103e+39 8.3515e+38 1.3067e+40 1.0626e+40
-5.0 0.5 10000.0 -1.7 6.2631e+41 1.8682e+42 9.9634e+39 2.999e+40 6.8314e+41 2.1664e+40 5.5713e+42 6.393e+40 7.1959e+41 8.3562e+41 2.3822e+35 2.5835e+38 1.3016e+38 2.8595e+41 2.5516e+38 6.2889e+38 8.1086e+38 6.7205e+38 9.2092e+39 7.5124e+39
-5.0 0.5 10000.0 -2.0 4.4932e+41 1.3642e+42 6.1756e+39 1.8589e+40 4.0961e+41 1.5532e+40 4.0428e+42 4.5834e+40 4.2586e+41 5.1606e+41 4.1346e+34 1.0281e+38 5.1798e+37 1.4361e+41 1.4394e+38 3.5477e+38 5.7736e+38 4.7971e+38 5.786e+39 4.7327e+39
-1.0 0.1 100.0 -1.2 1.9897e+41 2.7105e+42 3.9522e+42 1.1896e+43 2.4826e+41 4.7321e+39 7.9365e+42 1.3964e+40 1.4174e+41 9.9203e+40 2.808e+41 7.0027e+42 3.8205e+42 5.6492e+42 9.0471e+41 2.2131e+42 2.0101e+41 1.1918e+41 1.5352e+42 1.0053e+42
-1.0 0.1 100.0 -1.4 1.4198e+41 2.2474e+42 3.7392e+42 1.1255e+43 1.2414e+41 2.5809e+39 6.4742e+42 7.6161e+39 8.0714e+40 5.6613e+40 2.2022e+41 6.4517e+42 3.405e+42 4.0538e+42 7.0854e+41 1.731e+42 1.73e+41 1.0273e+41 1.4031e+42 9.188e+41
-1.0 0.1 100.0 -1.7 9.4776e+40 1.6808e+42 2.9349e+42 8.8341e+42 3.6345e+40 1.0874e+39 4.7704e+42 3.2088e+39 3.0182e+40 2.1354e+40 1.2802e+41 4.6546e+42 2.3806e+42 2.1708e+42 4.0213e+41 9.8099e+41 1.3311e+41 7.9295e+40 1.0807e+42 7.0772e+41
-1.0 0.1 100.0 -2.0 7.1348e+40 1.2439e+42 2.0711e+42 6.2341e+42 9.3049e+39 5.5522e+38 3.5116e+42 1.6384e+39 1.1085e+40 8.0123e+39 6.4911e+40 2.7759e+42 1.4086e+42 1.0678e+42 2.0918e+41 5.1006e+41 1.1006e+41 6.5839e+40 7.9872e+41 5.2311e+41
-1.0 0.1 1000.0 -1.2 4.6106e+41 3.491e+42 4.4026e+42 1.3252e+43 5.0974e+41 1.6032e+40 1.0444e+43 4.7312e+40 2.6293e+41 2.0009e+41 1.6635e+41 8.9231e+42 4.6034e+42 5.8051e+42 7.2043e+41 1.7706e+42 3.9156e+41 2.3888e+41 3.5572e+42 2.3709e+42
-1.0 0.1 1000.0 -1.4 3.7653e+41 2.877e+42 4.0457e+42 1.2178e+43 2.8312e+41 9.9314e+39 8.4387e+42 2.9308e+40 1.6278e+41 1.2563e+41 9.4614e+40 6.9422e+42 3.5701e+42 4.1637e+42 5.472e+41 1.3454e+42 4.1594e+41 2.5398e+41 3.2312e+42 2.1552e+42
-1.0 0.1 1000.0 -1.7 3.1468e+41 2.0763e+42 2.9972e+42 9.0217e+42 1.0365e+41 4.7894e+39 5.9744e+42 1.4134e+40 7.2567e+40 5.9062e+40 3.0715e+40 3.3359e+42 1.71e+42 2.2106e+42 2.9913e+41 7.356e+41 3.9811e+41 2.4346e+41 2.2638e+42 1.5117e+42
-1.0 0.1 1000.0 -2.0 2.8977e+41 1.4627e+42 1.9776e+42 5.9526e+42 3.6061e+40 2.732e+39 4.1743e+42 8.062e+39 3.3681e+40 3.0524e+40 7.402e+39 1.1764e+42 6.0582e+41 1.0782e+42 1.4808e+41 3.6433e+41 3.3552e+41 2.055e+41 1.3492e+42 9.0201e+41
-1.0 0.1 10000.0 -1.2 1.0937e+42 3.7357e+42 2.7441e+42 8.2598e+42 1.182e+42 4.2022e+40 1.1334e+43 1.2401e+41 5.1054e+41 5.3133e+41 2.1569e+39 8.2216e+41 4.1914e+41 5.2304e+42 1.8147e+41 4.4715e+41 4.7543e+41 3.8576e+41 1.9331e+42 1.5678e+42
-1.0 0.1 10000.0 -1.4 9.6349e+41 3.0954e+42 2.4419e+42 7.3502e+42 6.6893e+41 2.874e+40 9.226e+42 8.4811e+40 3.0254e+41 3.2342e+41 9.6455e+38 5.0043e+41 2.5759e+41 3.814e+42 1.4503e+41 3.5736e+41 4.5041e+41 3.6676e+41 1.5672e+42 1.2748e+42
-1.0 0.1 10000.0 -1.7 8.3999e+41 2.1978e+42 1.6336e+42 4.9171e+42 2.6742e+41 1.7412e+40 6.4399e+42 5.1383e+40 1.3126e+41 1.5368e+41 1.6343e+38 1.5881e+41 8.4775e+40 2.0404e+42 7.7427e+40 1.908e+41 3.1228e+41 2.5632e+41 8.9352e+41 7.3102e+41
-1.0 0.1 10000.0 -2.0 7.4739e+41 1.5055e+42 8.9998e+41 2.7089e+42 1.148e+41 1.2612e+40 4.3939e+42 3.7217e+40 6.4503e+40 8.6173e+40 1.8872e+37 4.1974e+40 2.3834e+40 9.8787e+41 3.318e+40 8.177e+40 1.7469e+41 1.4464e+41 4.344e+41 3.5749e+41
-1.0 0.3 100.0 -1.2 1.7078e+41 2.1693e+42 2.1393e+42 6.4394e+42 2.5761e+41 4.8233e+39 6.5332e+42 1.4234e+40 1.6645e+41 1.1626e+41 2.5582e+41 2.849e+42 1.7864e+42 5.1802e+42 5.666e+41 1.3901e+42 6.6561e+40 3.9433e+40 8.0281e+41 5.2566e+41
-1.0 0.3 100.0 -1.4 1.155e+41 1.7235e+42 2.2006e+42 6.6239e+42 1.3522e+41 2.4675e+39 5.0857e+42 7.2816e+39 9.8491e+40 6.8875e+40 2.141e+41 2.7048e+42 1.7064e+42 3.7824e+42 5.0271e+41 1.2324e+42 6.5827e+40 3.9037e+40 8.5254e+41 5.5824e+41
-1.0 0.3 100.0 -1.7 7.4322e+40 1.2672e+42 1.9565e+42 5.889e+42 4.3243e+40 9.5683e+38 3.6527e+42 2.8236e+39 3.9154e+40 2.7531e+40 1.3314e+41 2.0808e+42 1.2632e+42 2.078e+42 3.3277e+41 8.1491e+41 5.7432e+40 3.4143e+40 7.6874e+41 5.0339e+41
-1.0 0.3 100.0 -2.0 5.6495e+40 9.7101e+41 1.5101e+42 4.5455e+42 1.2316e+40 4.939e+38 2.7667e+42 1.4575e+39 1.4808e+40 1.0566e+40 6.9201e+40 1.3727e+42 7.8634e+41 1.0402e+42 1.872e+41 4.5814e+41 5.0344e+40 3.0034e+40 6.0845e+41 3.9846e+41
-1.0 0.3 1000.0 -1.2 3.9638e+41 3.3546e+42 3.5372e+42 1.0647e+43 4.8531e+41 1.4002e+40 1.0158e+43 4.1319e+40 3.103e+41 2.3346e+41 1.7489e+41 4.9458e+42 2.9692e+42 5.7281e+42 6.1952e+41 1.5233e+42 1.6905e+41 1.0309e+41 2.629e+42 1.7518e+42
-1.0 0.3 1000.0 -1.4 3.2294e+41 2.75e+42 3.3208e+42 9.9957e+42 2.7724e+41 8.949e+39 8.1634e+42 2.6408e+40 1.9736e+41 1.5003e+41 1.0109e+41 4.0956e+42 2.3262e+42 4.1211e+42 4.8823e+41 1.2009e+42 1.8779e+41 1.146e+41 2.4656e+42 1.644e+42
-1.0 0.3 1000.0 -1.7 2.6972e+41 1.9862e+42 2.5316e+42 7.6201e+42 1.0617e+41 4.6173e+39 5.7728e+42 1.3626e+40 9.0547e+40 7.1772e+40 3.2698e+40 2.2152e+42 1.196e+42 2.1961e+42 2.78e+41 6.8399e+41 1.8881e+41 1.1538e+41 1.7848e+42 1.1914e+42
-1.0 0.3 1000.0 -2.0 2.493e+41 1.4123e+42 1.7044e+42 5.1304e+42 3.847e+40 2.7743e+39 4.0579e+42 8.1869e+39 4.1707e+40 3.6222e+40 7.7536e+39 8.5927e+41 4.6622e+41 1.0735e+42 1.4089e+41 3.4677e+41 1.6354e+41 1.0008e+41 1.0821e+42 7.2319e+41
-1.0 0.3 10000.0 -1.2 9.3905e+41 3.7266e+42 2.3398e+42 7.0429e+42 1.1527e+42 4.1276e+40 1.1382e+43 1.218e+41 6.4939e+41 6.4765e+41 2.248e+39 6.1749e+41 3.1872e+41 5.2251e+42 1.594e+41 3.9278e+41 2.1719e+41 1.7601e+41 1.4493e+42 1.1744e+42
-1.0 0.3 10000.0 -1.4 8.2758e+41 3.0899e+42 2.0903e+42 6.2917e+42 6.682e+41 2.9156e+40 9.2678e+42 8.6038e+40 3.9739e+41 4.032e+41 1.0083e+39 3.825e+41 1.9911e+41 3.8109e+42 1.286e+41 3.1689e+41 2.0745e+41 1.6867e+41 1.1836e+42 9.6181e+41
-1.0 0.3 10000.0 -1.7 7.2234e+41 2.1975e+42 1.406e+42 4.2319e+42 2.7267e+41 1.8035e+40 6.4668e+42 5.3223e+40 1.7487e+41 1.9062e+41 1.7064e+38 1.2501e+41 6.7327e+40 2.0393e+42 6.9457e+40 1.7117e+41 1.4515e+41 1.1894e+41 6.8085e+41 5.5639e+41
-1.0 0.3 10000.0 -2.0 6.4484e+41 1.5107e+42 7.783e+41 2.3427e+42 1.1572e+41 1.2991e+40 4.4152e+42 3.8335e+40 8.1879e+40 1.0112e+41 1.9644e+37 3.4098e+40 1.9252e+40 9.8748e+41 3.006e+40 7.4083e+40 8.1833e+40 6.7635e+40 3.3357e+41 2.7418e+41
-1.0 0.5 100.0 -1.2 1.3345e+41 1.9273e+42 1.1479e+42 3.4552e+42 2.1809e+41 5.1934e+39 5.9173e+42 1.5326e+40 1.7714e+41 1.2364e+41 2.3343e+41 1.7036e+42 1.0638e+42 4.7889e+42 3.2638e+41 8.0209e+41 1.1981e+40 7.0952e+39 4.0545e+41 2.6547e+41
-1.0 0.5 100.0 -1.4 8.7268e+40 1.4864e+42 1.2485e+42 3.758e+42 1.1876e+41 2.591e+39 4.4694e+42 7.646e+39 1.0859e+41 7.5844e+40 2.076e+41 1.7254e+42 1.1518e+42 3.5478e+42 3.169e+41 7.7852e+41 1.3471e+40 7.9837e+39 4.7615e+41 3.1177e+41
-1.0 0.5 100.0 -1.7 5.4509e+40 1.0512e+42 1.2306e+42 3.704e+42 4.0663e+40 9.2868e+38 3.0735e+42 2.7405e+39 4.6374e+40 3.2503e+40 1.3909e+41 1.3906e+42 9.7442e+41 1.9919e+42 2.4791e+41 6.0872e+41 1.3929e+40 8.2696e+39 5.0701e+41 3.3199e+41
-1.0 0.5 100.0 -2.0 4.153e+40 8.0502e+41 1.0328e+42 3.1087e+42 1.2542e+40 4.6037e+38 2.3148e+42 1.3586e+39 1.8393e+40 1.3031e+40 7.4404e+40 9.2775e+41 6.4024e+41 1.0133e+42 1.5569e+41 3.8211e+41 1.335e+40 7.9478e+39 4.414e+41 2.8905e+41
-1.0 0.5 1000.0 -1.2 3.0565e+41 3.2557e+42 2.5706e+42 7.7374e+42 4.0023e+41 1.2648e+40 9.9607e+42 3.7326e+40 3.4357e+41 2.5658e+41 1.8304e+41 3.6754e+42 2.2413e+42 5.6528e+42 4.7849e+41 1.1771e+42 4.0605e+40 2.4752e+40 1.784e+42 1.1884e+42
-1.0 0.5 1000.0 -1.4 2.4908e+41 2.6577e+42 2.465e+42 7.4195e+42 2.3345e+41 8.1463e+39 7.9694e+42 2.404e+40 2.2308e+41 1.6801e+41 1.0755e+41 2.9698e+42 1.8061e+42 4.0791e+42 3.9209e+41 9.6492e+41 4.7277e+40 2.8836e+40 1.7305e+42 1.1534e+42
-1.0 0.5 1000.0 -1.7 2.0847e+41 1.9166e+42 1.9344e+42 5.8226e+42 9.3577e+40 4.3725e+39 5.6198e+42 1.2903e+40 1.0676e+41 8.3162e+40 3.4783e+40 1.616e+42 9.4359e+41 2.1817e+42 2.3375e+41 5.7543e+41 5.0219e+40 3.0666e+40 1.2995e+42 8.6715e+41
-1.0 0.5 1000.0 -2.0 1.9362e+41 1.3688e+42 1.3293e+42 4.0013e+42 3.5223e+40 2.7505e+39 3.9601e+42 8.1167e+39 4.9786e+40 4.1922e+40 8.1278e+39 6.5834e+41 3.6635e+41 1.0689e+42 1.2155e+41 2.9928e+41 4.4844e+40 2.7421e+40 8.0371e+41 5.3691e+41
-1.0 0.5 10000.0 -1.2 7.2361e+41 3.7138e+42 1.8009e+42 5.4207e+42 9.6357e+41 3.966e+40 1.1424e+43 1.1704e+41 7.4582e+41 7.246e+41 2.3377e+39 4.3725e+41 2.2593e+41 5.221e+42 1.262e+41 3.1101e+41 5.5569e+40 4.4975e+40 1.0015e+42 8.1089e+41
-1.0 0.5 10000.0 -1.4 6.3911e+41 3.0815e+42 1.614e+42 4.8581e+42 5.7191e+41 2.8728e+40 9.3003e+42 8.4775e+40 4.7006e+41 4.6194e+41 1.0513e+39 2.7399e+41 1.4314e+41 3.8077e+42 1.0265e+41 2.5296e+41 5.3434e+40 4.3383e+40 8.2322e+41 6.683e+41
-1.0 0.5 10000.0 -1.7 5.5934e+41 2.1946e+42 1.0912e+42 3.2844e+42 2.4111e+41 1.8299e+40 6.4876e+42 5.3999e+40 2.1598e+41 2.241e+41 1.7785e+38 9.1786e+40 4.975e+40 2.0382e+42 5.6052e+40 1.3814e+41 3.7699e+40 3.0842e+40 4.7754e+41 3.8982e+41
-1.0 0.5 10000.0 -2.0 5.0094e+41 1.5126e+42 6.068e+41 1.8265e+42 1.021e+41 1.3256e+40 4.4295e+42 3.9118e+40 9.8788e+40 1.1511e+41 2.0433e+37 2.5777e+40 1.4314e+40 9.8707e+41 2.4487e+40 6.0349e+40 2.1403e+40 1.7659e+40 2.3564e+41 1.9347e+41
