# log(Us)  xid nh alpha [OII]3727 Hbeta [OIII]4959 [OIII]5007 [OI]6300 [NII]6548 Halpha [NII]6584 [SII]6717 [SII]6731 NV1240 CIV1548 CIV1551 HeII1640 OIII]1661 OIII]1666 [SiIII]1883 SiIII]1888 [CIII]1907 CIII]1910 
-2.5 0.1 100.0 -1.2 7.1655e+42 2.4849e+42 1.1613e+43 3.4955e+43 9.8615e+41 3.7423e+41 7.2969e+42 1.1043e+42 7.4614e+41 5.5806e+41 3.0265e+41 2.6686e+42 1.3798e+42 5.257e+42 1.9074e+41 4.6638e+41 3.3321e+41 1.9786e+41 2.9183e+42 1.912e+42
-2.5 0.1 100.0 -1.4 5.2876e+42 2.147e+42 8.8389e+42 2.6605e+43 4.3445e+41 2.6645e+41 6.2846e+42 7.8629e+41 5.4726e+41 4.1515e+41 1.7318e+41 1.4871e+42 7.6735e+41 3.8747e+42 1.0026e+41 2.4495e+41 2.0622e+41 1.229e+41 1.6746e+42 1.0973e+42
-2.5 0.1 100.0 -1.7 3.1837e+42 1.613e+42 5.051e+42 1.5204e+43 1.6143e+41 1.6461e+41 4.735e+42 4.8575e+41 3.4817e+41 2.6739e+41 7.368e+40 5.3181e+41 2.7895e+41 2.1265e+42 3.3376e+40 8.1397e+40 8.811e+40 5.3296e+40 6.4158e+41 4.2046e+41
-2.5 0.1 100.0 -2.0 1.8521e+42 1.1622e+42 2.6518e+42 7.9819e+42 8.9091e+40 1.0193e+41 3.4374e+42 3.008e+41 2.2641e+41 1.7414e+41 3.6629e+40 1.7569e+41 9.856e+40 1.0654e+42 1.055e+40 2.5682e+40 3.5562e+40 2.2484e+40 2.342e+41 1.5355e+41
-2.5 0.1 1000.0 -1.2 7.2433e+42 2.6524e+42 1.3444e+43 4.0465e+43 1.2056e+42 4.5096e+41 7.7461e+42 1.3308e+42 6.5575e+41 6.7445e+41 1.8221e+41 3.0177e+42 1.5568e+42 5.3126e+42 2.4013e+41 5.874e+41 4.3286e+41 2.6744e+41 3.6184e+42 2.4315e+42
-2.5 0.1 1000.0 -1.4 5.4927e+42 2.3038e+42 1.0602e+43 3.1911e+43 5.5443e+41 3.2087e+41 6.7002e+42 9.4689e+41 4.5841e+41 5.046e+41 8.1896e+40 1.6129e+42 8.3481e+41 3.9096e+42 1.3412e+41 3.2777e+41 2.9338e+41 1.8196e+41 2.2123e+42 1.488e+42
-2.5 0.1 1000.0 -1.7 3.5017e+42 1.749e+42 6.478e+42 1.9499e+43 2.0276e+41 2.035e+41 5.0928e+42 6.0054e+41 2.8307e+41 3.3439e+41 2.9134e+40 4.7387e+41 2.5315e+41 2.1387e+42 4.8281e+40 1.1787e+41 1.4976e+41 9.3824e+40 9.3617e+41 6.3049e+41
-2.5 0.1 1000.0 -2.0 2.2131e+42 1.2728e+42 3.6489e+42 1.0983e+43 1.127e+41 1.3631e+41 3.7251e+42 4.0225e+41 1.9264e+41 2.3235e+41 1.6437e+40 1.1331e+41 6.6659e+40 1.0677e+42 1.5816e+40 3.8614e+40 7.4107e+40 4.7364e+40 3.6565e+41 2.4658e+41
-2.5 0.1 10000.0 -1.2 7.4706e+42 3.0398e+42 1.42e+43 4.2741e+43 2.6077e+42 9.4972e+41 8.8786e+42 2.8026e+42 6.4947e+41 1.0442e+42 1.2875e+40 6.4849e+41 3.3679e+41 5.0012e+42 1.973e+41 4.8481e+41 6.9522e+41 6.0083e+41 3.2823e+42 2.7748e+42
-2.5 0.1 10000.0 -1.4 6.0049e+42 2.6265e+42 1.0989e+43 3.3077e+43 1.4398e+42 7.2159e+41 7.6268e+42 2.1294e+42 4.5338e+41 7.6966e+41 8.5856e+39 2.7297e+41 1.4546e+41 3.6919e+42 1.105e+41 2.7157e+41 4.7856e+41 4.1767e+41 2.004e+42 1.7047e+42
-2.5 0.1 10000.0 -1.7 4.3185e+42 1.9637e+42 6.1926e+42 1.864e+43 6.2698e+41 5.0959e+41 5.6913e+42 1.5038e+42 2.8896e+41 5.2774e+41 2.5544e+39 5.8095e+40 3.5456e+40 2.0095e+42 3.7457e+40 9.2119e+40 2.194e+41 1.9432e+41 8.0774e+41 6.9241e+41
-2.5 0.1 10000.0 -2.0 3.108e+42 1.3995e+42 3.0065e+42 9.0495e+42 3.4358e+41 3.8882e+41 4.0637e+42 1.1474e+42 2.0594e+41 3.9383e+41 3.9711e+38 1.8047e+40 1.3766e+40 9.8381e+41 1.146e+40 2.8206e+40 8.6887e+40 7.7958e+40 3.0663e+41 2.6434e+41
-2.5 0.3 100.0 -1.2 7.0553e+42 1.911e+42 9.3297e+42 2.8082e+43 1.6777e+42 4.3676e+41 5.6178e+42 1.2889e+42 1.0258e+42 7.5007e+41 4.3419e+41 1.8339e+42 1.0878e+42 4.7715e+42 2.5577e+41 6.2728e+41 2.128e+41 1.2615e+41 3.1024e+42 2.0324e+42
-2.5 0.3 100.0 -1.4 5.2136e+42 1.6101e+42 7.4882e+42 2.254e+43 8.3604e+41 2.9897e+41 4.6969e+42 8.8225e+41 7.0609e+41 5.2376e+41 2.625e+41 1.1197e+42 6.5761e+41 3.555e+42 1.4979e+41 3.6708e+41 1.4489e+41 8.6026e+40 1.9387e+42 1.2702e+42
-2.5 0.3 100.0 -1.7 3.1531e+42 1.1919e+42 4.5748e+42 1.377e+43 2.6292e+41 1.7421e+41 3.4741e+42 5.1409e+41 4.0358e+41 3.0507e+41 1.1359e+41 4.6434e+41 2.7194e+41 1.9833e+42 5.6132e+40 1.3734e+41 6.8679e+40 4.1021e+40 8.1654e+41 5.3503e+41
-2.5 0.3 100.0 -2.0 1.8853e+42 8.6279e+41 2.5437e+42 7.6565e+42 9.864e+40 1.0659e+41 2.5288e+42 3.1455e+41 2.403e+41 1.8383e+41 5.1261e+40 1.8669e+41 1.1168e+41 1.0083e+42 1.959e+40 4.7878e+40 3.0325e+40 1.8433e+40 3.2347e+41 2.1199e+41
-2.5 0.3 1000.0 -1.2 7.1237e+42 2.2041e+42 1.1341e+43 3.4135e+43 1.9052e+42 5.2417e+41 6.4387e+42 1.5468e+42 9.9906e+41 9.3007e+41 2.9474e+41 2.163e+42 1.2167e+42 5.0423e+42 3.0634e+41 7.5109e+41 2.6188e+41 1.6132e+41 3.7015e+42 2.4843e+42
-2.5 0.3 1000.0 -1.4 5.4189e+42 1.9001e+42 9.2856e+42 2.795e+43 9.6887e+41 3.6925e+41 5.5137e+42 1.0897e+42 6.6199e+41 6.5712e+41 1.3921e+41 1.3267e+42 7.2731e+41 3.7464e+42 1.8425e+41 4.5141e+41 1.8834e+41 1.1633e+41 2.3967e+42 1.6099e+42
-2.5 0.3 1000.0 -1.7 3.4889e+42 1.4549e+42 5.9481e+42 1.7904e+43 3.2706e+41 2.255e+41 4.2191e+42 6.6544e+41 3.6852e+41 4.0088e+41 4.0704e+40 4.9171e+41 2.7113e+41 2.0794e+42 7.2181e+40 1.7669e+41 1.026e+41 6.3777e+40 1.0808e+42 7.2693e+41
-2.5 0.3 1000.0 -2.0 2.2666e+42 1.0835e+42 3.4798e+42 1.0474e+43 1.328e+41 1.4879e+41 3.1565e+42 4.3909e+41 2.254e+41 2.6113e+41 1.8252e+40 1.388e+41 8.1318e+40 1.0487e+42 2.5095e+40 6.1414e+40 5.36e+40 3.3717e+40 4.4294e+41 2.983e+41
-2.5 0.3 10000.0 -1.2 7.4465e+42 2.848e+42 1.3154e+43 3.9593e+43 3.4154e+42 1.1004e+42 8.3293e+42 3.2474e+42 1.0567e+42 1.5336e+42 1.5048e+40 6.4724e+41 3.5901e+41 4.9593e+42 2.4191e+41 5.948e+41 4.1336e+41 3.5381e+41 3.2339e+42 2.7157e+42
-2.5 0.3 10000.0 -1.4 6.0643e+42 2.472e+42 1.0364e+43 3.1196e+43 1.9636e+42 8.4738e+41 7.1821e+42 2.5006e+42 7.1123e+41 1.0903e+42 9.28e+39 2.9207e+41 1.6372e+41 3.6693e+42 1.4073e+41 3.4606e+41 2.9543e+41 2.5521e+41 2.0406e+42 1.7242e+42
-2.5 0.3 10000.0 -1.7 4.4586e+42 1.8684e+42 5.9842e+42 1.8013e+43 8.5921e+41 5.9554e+41 5.4113e+42 1.7574e+42 4.245e+41 7.0695e+41 2.6478e+39 6.6213e+40 4.01e+40 2.0031e+42 4.9916e+40 1.2281e+41 1.4334e+41 1.2555e+41 8.6003e+41 7.3226e+41
-2.5 0.3 10000.0 -2.0 3.3142e+42 1.348e+42 2.9796e+42 8.9687e+42 4.3154e+41 4.5088e+41 3.9068e+42 1.3305e+42 2.8327e+41 5.0347e+41 4.0985e+38 1.9495e+40 1.4308e+40 9.8318e+41 1.6051e+40 3.9515e+40 6.1156e+40 5.4175e+40 3.4568e+41 2.9585e+41
-2.5 0.5 100.0 -1.2 5.8451e+42 1.5653e+42 6.6256e+42 1.9943e+43 1.8854e+42 4.7436e+41 4.656e+42 1.3998e+42 1.384e+42 9.9574e+41 5.9574e+41 1.7416e+42 1.2474e+42 4.3391e+42 2.7799e+41 6.8311e+41 7.5517e+40 4.4731e+40 2.8152e+42 1.8441e+42
-2.5 0.5 100.0 -1.4 4.3883e+42 1.2789e+42 5.6572e+42 1.7028e+43 1.0013e+42 3.1997e+41 3.7456e+42 9.4422e+41 8.9774e+41 6.5485e+41 3.8251e+41 1.129e+42 8.2289e+41 3.2629e+42 1.8912e+41 4.6451e+41 5.8707e+40 3.4798e+40 1.9772e+42 1.2952e+42
-2.5 0.5 100.0 -1.7 2.6973e+42 9.2204e+41 3.7485e+42 1.1283e+43 3.4828e+41 1.8211e+41 2.6758e+42 5.3742e+41 4.8698e+41 3.6211e+41 1.7292e+41 5.0046e+41 3.7078e+41 1.847e+42 8.321e+40 2.0421e+41 3.1781e+40 1.8885e+40 9.4387e+41 6.1837e+41
-2.5 0.5 100.0 -2.0 1.6393e+42 6.6516e+41 2.2185e+42 6.6778e+42 1.2157e+41 1.0994e+41 1.9335e+42 3.2444e+41 2.7661e+41 2.0879e+41 7.4951e+40 2.1286e+41 1.5823e+41 9.5293e+41 3.2254e+40 7.9085e+40 1.5251e+40 9.1266e+39 4.0471e+41 2.6517e+41
-2.5 0.5 1000.0 -1.2 6.0001e+42 1.8921e+42 8.6343e+42 2.5989e+43 2.1113e+42 5.6063e+41 5.5691e+42 1.6544e+42 1.4368e+42 1.2438e+42 4.4575e+41 2.0155e+42 1.4364e+42 4.7823e+42 3.4409e+41 8.4525e+41 9.5398e+40 5.862e+40 3.452e+42 2.3141e+42
-2.5 0.5 1000.0 -1.4 4.639e+42 1.6075e+42 7.4304e+42 2.2366e+43 1.1371e+42 3.9625e+41 4.6716e+42 1.1693e+42 9.1437e+41 8.3968e+41 2.2761e+41 1.2863e+42 9.1768e+41 3.5848e+42 2.3028e+41 5.6542e+41 7.5054e+40 4.6204e+40 2.4296e+42 1.63e+42
-2.5 0.5 1000.0 -1.7 3.0506e+42 1.2306e+42 5.0591e+42 1.5228e+43 4.1776e+41 2.4365e+41 3.5559e+42 7.19e+41 4.8956e+41 4.9156e+41 6.3372e+40 5.357e+41 3.7153e+41 2.0157e+42 1.0114e+41 2.4817e+41 4.4531e+40 2.7527e+40 1.1948e+42 8.0251e+41
-2.5 0.5 1000.0 -2.0 2.0315e+42 9.3155e+41 3.1003e+42 9.3319e+42 1.6338e+41 1.6125e+41 2.6986e+42 4.7584e+41 2.878e+41 3.1078e+41 2.1909e+40 1.8195e+41 1.207e+41 1.0271e+42 3.84e+40 9.4195e+40 2.4768e+40 1.5417e+40 5.2161e+41 3.508e+41
-2.5 0.5 10000.0 -1.2 6.3993e+42 2.6697e+42 1.1146e+43 3.355e+43 3.4676e+42 1.1708e+42 7.8386e+42 3.455e+42 1.569e+42 2.0676e+42 1.9386e+40 7.3601e+41 4.0594e+41 4.905e+42 2.8111e+41 6.9165e+41 1.5401e+41 1.304e+41 3.0605e+42 2.5524e+42
-2.5 0.5 10000.0 -1.4 5.3134e+42 2.3244e+42 9.0059e+42 2.7108e+43 2.057e+42 9.2531e+41 6.7634e+42 2.7306e+42 1.0315e+42 1.4401e+42 1.0784e+40 3.5476e+41 1.9453e+41 3.6366e+42 1.7313e+41 4.26e+41 1.1561e+41 9.8722e+40 2.0191e+42 1.6939e+42
-2.5 0.5 10000.0 -1.7 4.0115e+42 1.7746e+42 5.3506e+42 1.6105e+43 9.3606e+41 6.6736e+41 5.1375e+42 1.9694e+42 6.0346e+41 9.1543e+41 2.8486e+39 8.1647e+40 4.7555e+40 1.9911e+42 6.4833e+40 1.5959e+41 5.9341e+40 5.136e+40 8.861e+41 7.494e+41
-2.5 0.5 10000.0 -2.0 3.0603e+42 1.2942e+42 2.716e+42 8.1751e+42 4.6658e+41 5.0961e+41 3.7451e+42 1.5038e+42 3.9324e+41 6.3869e+41 4.324e+38 2.1736e+40 1.5154e+40 9.7997e+41 2.1452e+40 5.2829e+40 2.6512e+40 2.3203e+40 3.6492e+41 3.1038e+41
-2.0 0.1 100.0 -1.2 3.5915e+42 1.9177e+42 1.1216e+43 3.3762e+43 9.2555e+41 2.2295e+41 5.5709e+42 6.5792e+41 4.9468e+41 3.6176e+41 6.3134e+41 3.7175e+42 1.8308e+42 5.1698e+42 3.1077e+41 7.5284e+41 3.0832e+41 1.8318e+41 3.0968e+42 2.0287e+42
-2.0 0.1 100.0 -1.4 2.4839e+42 1.6498e+42 8.8111e+42 2.6521e+43 3.4529e+41 1.2914e+41 4.7771e+42 3.8111e+41 3.0237e+41 2.254e+41 3.5481e+41 2.1868e+42 1.0766e+42 3.7937e+42 1.6555e+41 4.0037e+41 1.9774e+41 1.1802e+41 1.7917e+42 1.1739e+42
-2.0 0.1 100.0 -1.7 1.4853e+42 1.2637e+42 5.2734e+42 1.5873e+43 7.1937e+40 6.8774e+40 3.6742e+42 2.0295e+41 1.5782e+41 1.2089e+41 1.3329e+41 8.515e+41 4.2239e+41 2.0852e+42 5.6654e+40 1.3629e+41 9.204e+40 5.5942e+40 7.0902e+41 4.6465e+41
-2.0 0.1 100.0 -2.0 9.0558e+41 9.444e+41 2.9051e+42 8.7443e+42 3.6837e+40 4.3191e+40 2.7687e+42 1.2746e+41 1.0093e+41 7.7766e+40 5.0672e+40 2.994e+41 1.5592e+41 1.0499e+42 1.8788e+40 4.497e+40 4.1531e+40 2.6527e+40 2.7627e+41 1.8115e+41
-2.0 0.1 1000.0 -1.2 4.3354e+42 2.4211e+42 1.5019e+43 4.5208e+43 1.271e+42 3.4232e+41 7.013e+42 1.0102e+42 5.6227e+41 5.2846e+41 3.237e+41 4.4868e+42 2.181e+42 5.4825e+42 3.7532e+41 9.1109e+41 4.205e+41 2.5973e+41 4.1712e+42 2.7999e+42
-2.0 0.1 1000.0 -1.4 3.1972e+42 2.1309e+42 1.196e+43 3.6001e+43 5.2758e+41 2.0869e+41 6.1583e+42 6.1585e+41 3.3606e+41 3.4154e+41 1.2909e+41 2.3841e+42 1.1704e+42 3.9979e+42 2.0206e+41 4.8965e+41 2.929e+41 1.818e+41 2.5608e+42 1.721e+42
-2.0 0.1 1000.0 -1.7 2.1488e+42 1.662e+42 7.3277e+42 2.2056e+43 1.3497e+41 1.1866e+41 4.8194e+42 3.5015e+41 1.7562e+41 2.0193e+41 3.5355e+40 6.4565e+41 3.3181e+41 2.1644e+42 6.7255e+40 1.6289e+41 1.5985e+41 1.0047e+41 1.0882e+42 7.3259e+41
-2.0 0.1 1000.0 -2.0 1.5093e+42 1.2387e+42 4.0884e+42 1.2306e+43 6.9538e+40 8.5957e+40 3.6125e+42 2.5366e+41 1.2183e+41 1.4729e+41 1.7875e+40 1.3685e+41 7.9023e+40 1.0737e+42 2.0424e+40 4.9566e+40 8.3376e+40 5.361e+40 4.2e+41 2.8319e+41
-2.0 0.1 10000.0 -1.2 7.2688e+42 3.0907e+42 1.4923e+43 4.4918e+43 3.0711e+42 1.0107e+42 9.023e+42 2.9826e+42 7.4758e+41 1.1567e+42 1.3684e+40 6.9882e+41 3.6306e+41 5.0445e+42 2.1435e+41 5.265e+41 7.2838e+41 6.2874e+41 3.4882e+42 2.9458e+42
-2.0 0.1 10000.0 -1.4 5.78e+42 2.6557e+42 1.1465e+43 3.4508e+43 1.5898e+42 7.2654e+41 7.7095e+42 2.144e+42 4.7739e+41 7.8726e+41 9.0909e+39 2.8918e+41 1.5397e+41 3.7094e+42 1.1819e+41 2.9038e+41 4.9935e+41 4.3545e+41 2.1021e+42 1.7871e+42
-2.0 0.1 10000.0 -1.7 4.2008e+42 1.9758e+42 6.3797e+42 1.9203e+43 6.3339e+41 4.9724e+41 5.7208e+42 1.4673e+42 2.8415e+41 5.1344e+41 2.6957e+39 6.0115e+40 3.6591e+40 2.0077e+42 3.9225e+40 9.6451e+40 2.2673e+41 2.0072e+41 8.3409e+41 7.148e+41
-2.0 0.1 10000.0 -2.0 3.0708e+42 1.4004e+42 3.0621e+42 9.2169e+42 3.3596e+41 3.8213e+41 4.0634e+42 1.1277e+42 2.0108e+41 3.8366e+41 4.0956e+38 1.8351e+40 1.4011e+40 9.7856e+41 1.1813e+40 2.9074e+40 8.888e+40 7.9721e+40 3.1346e+41 2.7018e+41
-2.0 0.3 100.0 -1.2 3.5539e+42 1.2447e+42 6.3523e+42 1.912e+43 1.5793e+42 2.9674e+41 3.6897e+42 8.7568e+41 7.1204e+41 5.0872e+41 8.2217e+41 1.8661e+42 1.192e+42 4.156e+42 3.255e+41 7.962e+41 1.4754e+41 8.7427e+40 2.8559e+42 1.8706e+42
-2.0 0.3 100.0 -1.4 2.3369e+42 9.8941e+41 5.5501e+42 1.6706e+43 7.6217e+41 1.642e+41 2.8758e+42 4.8455e+41 4.1753e+41 3.0183e+41 5.0724e+41 1.2451e+42 7.6371e+41 3.1421e+42 2.1524e+41 5.2557e+41 1.1254e+41 6.6783e+40 1.9141e+42 1.2538e+42
-2.0 0.3 100.0 -1.7 1.2955e+42 7.2212e+41 3.8259e+42 1.1516e+43 2.0308e+41 7.2669e+40 2.0801e+42 2.1445e+41 1.9221e+41 1.4242e+41 2.1104e+41 5.6883e+41 3.3785e+41 1.8099e+42 8.8077e+40 2.1433e+41 5.9567e+40 3.5555e+40 8.5126e+41 5.5771e+41
-2.0 0.3 100.0 -2.0 7.8494e+41 5.498e+41 2.3446e+42 7.0572e+42 4.8048e+40 4.0269e+40 1.592e+42 1.1883e+41 9.9454e+40 7.5561e+40 8.0629e+40 2.4294e+41 1.4251e+41 9.5222e+41 3.1693e+40 7.6795e+40 2.9048e+40 1.7659e+40 3.5039e+41 2.2962e+41
-2.0 0.3 1000.0 -1.2 4.35e+42 1.856e+42 1.1255e+43 3.3876e+43 1.9483e+42 4.0458e+41 5.4056e+42 1.1939e+42 8.9124e+41 7.6873e+41 5.1798e+41 2.5296e+42 1.4238e+42 5.0734e+42 4.4599e+41 1.0891e+42 2.3009e+41 1.4156e+41 4.1167e+42 2.7595e+42
-2.0 0.3 1000.0 -1.4 3.1647e+42 1.6095e+42 9.5873e+42 2.8858e+43 9.6242e+41 2.5378e+41 4.6444e+42 7.4891e+41 5.3314e+41 4.8555e+41 2.2635e+41 1.6189e+42 8.572e+41 3.7691e+42 2.6573e+41 6.4801e+41 1.7323e+41 1.0693e+41 2.705e+42 1.8152e+42
-2.0 0.3 1000.0 -1.7 2.107e+42 1.2849e+42 6.3748e+42 1.9188e+43 2.9174e+41 1.4029e+41 3.709e+42 4.14e+41 2.5982e+41 2.6474e+41 5.26e+40 5.9696e+41 3.2139e+41 2.0899e+42 9.7624e+40 2.3781e+41 1.0246e+41 6.3738e+40 1.2253e+42 8.2368e+41
-2.0 0.3 1000.0 -2.0 1.5129e+42 1.0022e+42 3.7704e+42 1.1349e+43 9.6445e+40 9.4731e+40 2.9112e+42 2.7955e+41 1.512e+41 1.7123e+41 2.0032e+40 1.5957e+41 9.325e+40 1.0516e+42 3.1517e+40 7.6832e+40 5.7348e+40 3.6178e+40 4.957e+41 3.3375e+41
-2.0 0.3 10000.0 -1.2 7.2557e+42 2.8718e+42 1.3769e+43 4.1443e+43 4.006e+42 1.1661e+42 8.399e+42 3.4413e+42 1.2519e+42 1.7489e+42 1.6045e+40 6.9005e+41 3.8616e+41 5.0004e+42 2.6173e+41 6.4332e+41 4.2991e+41 3.6754e+41 3.4234e+42 2.8715e+42
-2.0 0.3 10000.0 -1.4 5.8381e+42 2.4807e+42 1.0783e+43 3.2457e+43 2.2043e+42 8.6286e+41 7.2073e+42 2.5463e+42 7.8574e+41 1.1619e+42 9.8193e+39 3.0828e+41 1.7359e+41 3.6859e+42 1.5011e+41 3.6903e+41 3.0641e+41 2.6448e+41 2.1336e+42 1.8015e+42
-2.0 0.3 10000.0 -1.7 4.3274e+42 1.8691e+42 6.1543e+42 1.8524e+43 8.9454e+41 5.8659e+41 5.4131e+42 1.731e+42 4.3112e+41 7.0408e+41 2.7879e+39 6.8546e+40 4.1449e+40 2.0014e+42 5.212e+40 1.2821e+41 1.4734e+41 1.29e+41 8.8455e+41 7.5295e+41
-2.0 0.3 10000.0 -2.0 3.2641e+42 1.3457e+42 3.0323e+42 9.1274e+42 4.294e+41 4.4373e+41 3.8997e+42 1.3094e+42 2.7975e+41 4.9401e+41 4.2235e+38 1.9859e+40 1.4595e+40 9.7791e+41 1.6519e+40 4.0665e+40 6.2318e+40 5.5191e+40 3.5215e+41 3.0134e+41
-2.0 0.5 100.0 -1.2 2.8745e+42 9.9716e+41 3.39e+42 1.0204e+43 1.6017e+42 3.3176e+41 3.0626e+42 9.7902e+41 9.2657e+41 6.5491e+41 9.5579e+41 1.5273e+42 1.1748e+42 3.4337e+42 2.3219e+41 5.7e+41 3.4099e+40 2.0192e+40 1.9589e+42 1.283e+42
-2.0 0.5 100.0 -1.4 1.8968e+42 7.474e+41 3.171e+42 9.5447e+42 8.4462e+41 1.8527e+41 2.228e+42 5.4673e+41 5.4198e+41 3.8585e+41 6.5944e+41 1.089e+42 8.5514e+41 2.6499e+42 1.8865e+41 4.6275e+41 3.1983e+40 1.8949e+40 1.5404e+42 1.009e+42
-2.0 0.5 100.0 -1.7 1.0399e+42 5.0331e+41 2.5187e+42 7.5812e+42 2.6947e+41 7.8307e+40 1.4549e+42 2.3109e+41 2.3566e+41 1.7113e+41 3.1179e+41 5.4035e+41 4.2939e+41 1.5837e+42 1.0667e+41 2.6117e+41 2.2174e+40 1.3166e+40 8.6672e+41 5.6775e+41
-2.0 0.5 100.0 -2.0 6.2637e+41 3.7368e+41 1.7526e+42 5.2753e+42 7.7454e+40 4.0541e+40 1.0729e+42 1.1964e+41 1.1711e+41 8.7074e+40 1.2607e+41 2.478e+41 1.9041e+41 8.6479e+41 4.6125e+40 1.1267e+41 1.2268e+40 7.3337e+39 4.0468e+41 2.6513e+41
-2.0 0.5 1000.0 -1.2 3.6546e+42 1.5527e+42 7.6813e+42 2.3121e+43 2.0088e+42 4.2913e+41 4.5987e+42 1.2664e+42 1.2164e+42 9.9566e+41 7.5661e+41 2.2104e+42 1.6999e+42 4.7096e+42 4.4017e+41 1.0791e+42 7.3721e+40 4.5232e+40 3.566e+42 2.3876e+42
-2.0 0.5 1000.0 -1.4 2.6959e+42 1.3073e+42 7.0627e+42 2.1259e+43 1.072e+42 2.7068e+41 3.7945e+42 7.9879e+41 7.3979e+41 6.3103e+41 3.6985e+41 1.4305e+42 1.0927e+42 3.5546e+42 3.0702e+41 7.5202e+41 6.3322e+40 3.8934e+40 2.6217e+42 1.7571e+42
-2.0 0.5 1000.0 -1.7 1.8279e+42 1.0399e+42 5.1817e+42 1.5597e+43 3.7424e+41 1.5294e+41 2.9903e+42 4.5132e+41 3.5624e+41 3.3509e+41 8.6392e+40 5.9581e+41 4.3691e+41 2.0146e+42 1.3223e+41 3.2356e+41 4.2122e+40 2.6029e+40 1.3261e+42 8.9013e+41
-2.0 0.5 1000.0 -2.0 1.3446e+42 8.3357e+41 3.2776e+42 9.8657e+42 1.3617e+41 1.0453e+41 2.406e+42 3.0847e+41 2.048e+41 2.1273e+41 2.4601e+40 2.0365e+41 1.396e+41 1.0277e+42 4.7202e+40 1.1552e+41 2.555e+40 1.5917e+40 5.7597e+41 3.8723e+41
-2.0 0.5 10000.0 -1.2 6.2115e+42 2.6811e+42 1.1633e+43 3.5016e+43 3.9735e+42 1.2095e+42 7.8808e+42 3.5692e+42 1.8166e+42 2.3165e+42 2.0807e+40 7.9007e+41 4.3865e+41 4.945e+42 3.0329e+41 7.4605e+41 1.5946e+41 1.3484e+41 3.2327e+42 2.6929e+42
-2.0 0.5 10000.0 -1.4 5.1078e+42 2.3222e+42 9.3489e+42 2.814e+43 2.2875e+42 9.3168e+41 6.7584e+42 2.7494e+42 1.1433e+42 1.5411e+42 1.1418e+40 3.762e+41 2.0684e+41 3.6527e+42 1.8422e+41 4.5321e+41 1.194e+41 1.0187e+41 2.1079e+42 1.7671e+42
-2.0 0.5 10000.0 -1.7 3.8892e+42 1.769e+42 5.4955e+42 1.6541e+43 9.8613e+41 6.5887e+41 5.1214e+42 1.9443e+42 6.2303e+41 9.2376e+41 2.9931e+39 8.4592e+40 4.9228e+40 1.9896e+42 6.7521e+40 1.6619e+41 6.0779e+40 5.2582e+40 9.0975e+41 7.6919e+41
-2.0 0.5 10000.0 -2.0 3.0102e+42 1.2892e+42 2.7619e+42 8.3134e+42 4.7208e+41 5.0264e+41 3.7307e+42 1.4833e+42 3.946e+41 6.3337e+41 4.452e+38 2.2181e+40 1.5492e+40 9.7478e+41 2.2025e+40 5.4238e+40 2.6932e+40 2.3565e+40 3.7096e+41 3.1547e+41
-3.5 0.1 100.0 -1.2 1.5788e+43 2.7561e+42 5.4095e+42 1.6283e+43 1.5184e+42 9.6733e+41 8.2142e+42 2.8546e+42 2.4782e+42 1.8762e+42 3.6692e+40 3.6691e+41 1.9221e+41 4.3107e+42 3.494e+40 8.6026e+40 1.8104e+41 1.0742e+41 9.4159e+41 6.1699e+41
-3.5 0.1 100.0 -1.4 1.2207e+43 2.453e+42 4.164e+42 1.2534e+43 1.0691e+42 7.9021e+41 7.29e+42 2.3319e+42 2.0801e+42 1.5801e+42 2.9679e+40 2.1179e+41 1.1472e+41 3.2831e+42 1.9569e+40 4.8178e+40 1.1355e+41 6.7481e+40 5.7276e+41 3.7533e+41
-3.5 0.1 100.0 -1.7 7.3221e+42 1.866e+42 2.4051e+42 7.2393e+42 5.9554e+41 5.1947e+41 5.5466e+42 1.533e+42 1.4133e+42 1.077e+42 2.2276e+40 8.473e+40 5.0815e+40 1.8746e+42 6.9228e+39 1.7042e+40 4.7479e+40 2.8377e+40 2.3147e+41 1.517e+41
-3.5 0.1 100.0 -2.0 4.0832e+42 1.3375e+42 1.2544e+42 3.7758e+42 3.1615e+41 3.1851e+41 3.9884e+42 9.3994e+41 8.8572e+41 6.7665e+41 1.6668e+40 3.71e+40 2.6174e+40 9.6702e+41 2.198e+39 5.4106e+39 1.7803e+40 1.0816e+40 8.4437e+40 5.5348e+40
-3.5 0.1 1000.0 -1.2 1.6056e+43 2.7851e+42 6.3039e+42 1.8975e+43 1.7397e+42 1.0607e+42 8.2346e+42 3.13e+42 1.9213e+42 2.144e+42 2.8383e+40 4.5387e+41 2.3608e+41 4.2797e+42 5.2318e+40 1.2881e+41 2.6727e+41 1.6547e+41 1.2942e+42 8.7125e+41
-3.5 0.1 1000.0 -1.4 1.2769e+43 2.4741e+42 5.0139e+42 1.5092e+43 1.2243e+42 8.8097e+41 7.2852e+42 2.5997e+42 1.6019e+42 1.8239e+42 2.1245e+40 2.6193e+41 1.3973e+41 3.2559e+42 3.1857e+40 7.8433e+40 1.8205e+41 1.1293e+41 8.4041e+41 5.6609e+41
-3.5 0.1 1000.0 -1.7 8.0453e+42 1.8787e+42 3.0699e+42 9.2404e+42 6.883e+41 5.974e+41 5.5223e+42 1.7629e+42 1.0936e+42 1.2712e+42 1.3928e+40 9.6922e+40 5.6283e+40 1.8552e+42 1.2974e+40 3.194e+40 8.7797e+40 5.4703e+40 3.7886e+41 2.5543e+41
-3.5 0.1 1000.0 -2.0 4.7585e+42 1.3465e+42 1.7162e+42 5.1658e+42 3.7435e+41 3.8083e+41 3.9633e+42 1.1238e+42 6.9921e+41 8.2489e+41 7.627e+39 3.5522e+40 2.4461e+40 9.5437e+41 4.7982e+39 1.1812e+40 3.8819e+40 2.4399e+40 1.5542e+41 1.0488e+41
-3.5 0.1 10000.0 -1.2 1.033e+43 2.8519e+42 7.4008e+42 2.2276e+43 2.4018e+42 1.2053e+42 8.3546e+42 3.5568e+42 9.3901e+41 1.6543e+42 4.5861e+39 2.0412e+41 1.0801e+41 4.1482e+42 7.5953e+40 1.8704e+41 3.8109e+41 3.3238e+41 1.596e+42 1.3552e+42
-3.5 0.1 10000.0 -1.4 8.4611e+42 2.5278e+42 5.9425e+42 1.7887e+43 1.6812e+42 1.0187e+42 7.3654e+42 3.0061e+42 7.5207e+41 1.3602e+42 2.836e+39 1.0325e+41 5.7405e+40 3.1424e+42 4.7365e+40 1.1664e+41 2.7016e+41 2.3732e+41 1.0634e+42 9.0696e+41
-3.5 0.1 10000.0 -1.7 5.6736e+42 1.9189e+42 3.5849e+42 1.079e+43 9.5168e+41 7.2389e+41 5.5728e+42 2.1362e+42 5.0208e+41 9.3608e+41 8.2359e+38 3.1681e+40 2.0814e+40 1.7658e+42 1.8864e+40 4.646e+40 1.3199e+41 1.1727e+41 4.8489e+41 4.1613e+41
-3.5 0.1 10000.0 -2.0 3.6355e+42 1.3753e+42 1.8721e+42 5.6351e+42 5.4066e+41 4.948e+41 3.9934e+42 1.4602e+42 3.2983e+41 6.2661e+41 1.5018e+38 1.3467e+40 1.0512e+40 8.845e+41 6.5597e+39 1.6158e+40 5.6427e+40 5.0679e+40 2.0145e+41 1.7381e+41
-3.5 0.3 100.0 -1.2 1.8132e+43 2.6313e+42 5.4587e+42 1.6431e+43 2.1694e+42 1.1664e+42 7.8046e+42 3.442e+42 3.3063e+42 2.478e+42 4.7503e+40 4.1367e+41 2.1824e+41 4.2527e+42 5.235e+40 1.2892e+41 1.3861e+41 8.2185e+40 1.1379e+42 7.4555e+41
-3.5 0.3 100.0 -1.4 1.4621e+43 2.3395e+42 4.317e+42 1.2994e+43 1.4857e+42 9.698e+41 6.9153e+42 2.8619e+42 2.7506e+42 2.072e+42 3.6914e+40 2.5818e+41 1.394e+41 3.2415e+42 3.1583e+40 7.7775e+40 9.3699e+40 5.5603e+40 7.4389e+41 4.8742e+41
-3.5 0.3 100.0 -1.7 9.3755e+42 1.7782e+42 2.6001e+42 7.8264e+42 8.0407e+41 6.5914e+41 5.2517e+42 1.9451e+42 1.8658e+42 1.4135e+42 2.5735e+40 1.1328e+41 6.5614e+40 1.8531e+42 1.2528e+40 3.0848e+40 4.4e+40 2.6183e+40 3.3698e+41 2.2081e+41
-3.5 0.3 100.0 -2.0 5.6237e+42 1.2733e+42 1.4197e+42 4.2733e+42 4.3613e+41 4.2092e+41 3.7676e+42 1.2421e+42 1.1929e+42 9.0724e+41 1.839e+40 5.0492e+40 3.3082e+40 9.5684e+41 4.5021e+39 1.1085e+40 1.8768e+40 1.1246e+40 1.3958e+41 9.147e+40
-3.5 0.3 1000.0 -1.2 1.7423e+43 2.6718e+42 6.1435e+42 1.8492e+43 2.3891e+42 1.2406e+42 7.8749e+42 3.6611e+42 2.6191e+42 2.7549e+42 3.7671e+40 4.9276e+41 2.586e+41 4.2335e+42 7.1158e+40 1.7524e+41 1.8383e+41 1.1359e+41 1.4299e+42 9.6165e+41
-3.5 0.3 1000.0 -1.4 1.4266e+43 2.3728e+42 4.9728e+42 1.4968e+43 1.6328e+42 1.0414e+42 6.963e+42 3.0732e+42 2.1374e+42 2.3115e+42 2.6541e+40 3.0638e+41 1.6375e+41 3.2243e+42 4.5533e+40 1.1213e+41 1.3155e+41 8.1399e+40 9.7506e+41 6.5607e+41
-3.5 0.3 1000.0 -1.7 9.3971e+42 1.8015e+42 3.1189e+42 9.3879e+42 8.788e+41 7.207e+41 5.2734e+42 2.1268e+42 1.4234e+42 1.5915e+42 1.5625e+40 1.2406e+41 7.0529e+40 1.8404e+42 1.9865e+40 4.8916e+40 6.7954e+40 4.2175e+40 4.7198e+41 3.1781e+41
-3.5 0.3 1000.0 -2.0 5.8083e+42 1.2914e+42 1.7821e+42 5.364e+42 4.7661e+41 4.7048e+41 3.7824e+42 1.3884e+42 9.0517e+41 1.0359e+42 8.1864e+39 4.5402e+40 2.9616e+40 9.4836e+41 7.8153e+39 1.9244e+40 3.207e+40 2.0007e+40 2.075e+41 1.3982e+41
-3.5 0.3 10000.0 -1.2 1.0716e+43 2.7727e+42 7.0699e+42 2.128e+43 3.0557e+42 1.3824e+42 8.1249e+42 4.0795e+42 1.3894e+42 2.2477e+42 5.1213e+39 2.1779e+41 1.1661e+41 4.1309e+42 9.5433e+40 2.3505e+41 2.4147e+41 2.0857e+41 1.6408e+42 1.3841e+42
-3.5 0.3 10000.0 -1.4 8.9695e+42 2.4613e+42 5.7578e+42 1.7331e+43 2.1031e+42 1.1774e+42 7.1727e+42 3.4744e+42 1.0797e+42 1.8057e+42 3.056e+39 1.1427e+41 6.3605e+40 3.1325e+42 6.1731e+40 1.5204e+41 1.783e+41 1.55e+41 1.136e+42 9.6212e+41
-3.5 0.3 10000.0 -1.7 6.2256e+42 1.8688e+42 3.5439e+42 1.0667e+43 1.1512e+42 8.4849e+41 5.421e+42 2.5039e+42 6.9097e+41 1.2074e+42 8.6257e+38 3.5334e+40 2.2558e+40 1.7633e+42 2.5868e+40 6.3717e+40 9.3e+40 8.1655e+40 5.495e+41 4.6798e+41
-3.5 0.3 10000.0 -2.0 4.1364e+42 1.3418e+42 1.8893e+42 5.6868e+42 6.4373e+41 5.9036e+41 3.8875e+42 1.7421e+42 4.4007e+41 7.9485e+41 1.559e+38 1.4079e+40 1.0547e+40 8.8506e+41 9.4817e+39 2.3359e+40 4.301e+40 3.8104e+40 2.4356e+41 2.0836e+41
-3.5 0.5 100.0 -1.2 1.7015e+43 2.5106e+42 4.9876e+42 1.5013e+43 2.4541e+42 1.3201e+42 7.4418e+42 3.8955e+42 4.2286e+42 3.1378e+42 6.2747e+40 4.5119e+41 2.4557e+41 4.1793e+42 7.3054e+40 1.7995e+41 6.3513e+40 3.7637e+40 1.2459e+42 8.1624e+41
-3.5 0.5 100.0 -1.4 1.4099e+43 2.2292e+42 4.0503e+42 1.2191e+43 1.6598e+42 1.1102e+42 6.5759e+42 3.2761e+42 3.4661e+42 2.5883e+42 4.7512e+40 3.0087e+41 1.6673e+41 3.1883e+42 4.7469e+40 1.1692e+41 4.6038e+40 2.7295e+40 8.6434e+41 5.663e+41
-3.5 0.5 100.0 -1.7 9.4089e+42 1.6929e+42 2.5279e+42 7.6091e+42 8.6408e+41 7.6922e+41 4.9819e+42 2.27e+42 2.3133e+42 1.741e+42 3.0863e+40 1.4345e+41 8.3444e+40 1.8249e+42 2.0858e+40 5.1374e+40 2.3777e+40 1.4117e+40 4.2489e+41 2.784e+41
-3.5 0.5 100.0 -2.0 5.862e+42 1.2107e+42 1.4256e+42 4.2909e+42 4.5098e+41 5.0151e+41 3.5646e+42 1.48e+42 1.4631e+42 1.1077e+42 2.0694e+40 6.6499e+40 4.2141e+40 9.4343e+41 8.2456e+39 2.0308e+40 1.1067e+40 6.5915e+39 1.8983e+41 1.2439e+41
-3.5 0.5 1000.0 -1.2 1.5866e+43 2.5614e+42 5.4474e+42 1.6397e+43 2.652e+42 1.3819e+42 7.5544e+42 4.078e+42 3.4671e+42 3.4424e+42 5.0815e+40 5.1563e+41 2.7931e+41 4.1751e+42 9.0843e+40 2.2377e+41 7.7158e+40 4.7586e+40 1.4624e+42 9.8263e+41
-3.5 0.5 1000.0 -1.4 1.3282e+43 2.2725e+42 4.499e+42 1.3542e+43 1.7915e+42 1.1701e+42 6.6651e+42 3.453e+42 2.7678e+42 2.8403e+42 3.466e+40 3.4337e+41 1.8855e+41 3.1823e+42 6.1576e+40 1.5167e+41 5.8226e+40 3.5949e+40 1.0459e+42 7.0307e+41
-3.5 0.5 1000.0 -1.7 9.0269e+42 1.726e+42 2.8933e+42 8.7088e+42 9.3138e+41 8.214e+41 5.0435e+42 2.4239e+42 1.7954e+42 1.9213e+42 1.8407e+40 1.537e+41 8.7815e+40 1.8195e+42 2.8944e+40 7.1291e+40 3.2175e+40 1.9907e+40 5.3868e+41 3.6236e+41
-3.5 0.5 1000.0 -2.0 5.7456e+42 1.2367e+42 1.6869e+42 5.0774e+42 4.8501e+41 5.4451e+41 3.6108e+42 1.6069e+42 1.116e+42 1.2349e+42 9.0238e+39 5.9548e+40 3.727e+40 9.3914e+41 1.2149e+40 2.9923e+40 1.6075e+40 9.9773e+39 2.501e+41 1.6835e+41
-3.5 0.5 10000.0 -1.2 9.4352e+42 2.6913e+42 6.1231e+42 1.843e+43 3.1915e+42 1.517e+42 7.9107e+42 4.4766e+42 1.9912e+42 2.9368e+42 6.1067e+39 2.3655e+41 1.2552e+41 4.1026e+42 1.1195e+41 2.7578e+41 9.2595e+40 7.9197e+40 1.563e+42 1.3107e+42
-3.5 0.5 10000.0 -1.4 8.0405e+42 2.3892e+42 5.0751e+42 1.5276e+43 2.1788e+42 1.3022e+42 6.9759e+42 3.8429e+42 1.5087e+42 2.3124e+42 3.4765e+39 1.3077e+41 7.149e+40 3.1137e+42 7.596e+40 1.8712e+41 7.1512e+40 6.1512e+40 1.1249e+42 9.4691e+41
-3.5 0.5 10000.0 -1.7 5.7324e+42 1.8162e+42 3.1908e+42 9.6043e+42 1.166e+42 9.5014e+41 5.2718e+42 2.8039e+42 9.3227e+41 1.5064e+42 9.3428e+38 4.1019e+40 2.5121e+40 1.756e+42 3.3622e+40 8.2832e+40 3.9529e+40 3.4315e+40 5.6988e+41 4.8231e+41
-3.5 0.5 10000.0 -2.0 3.9098e+42 1.307e+42 1.7281e+42 5.2017e+42 6.3585e+41 6.6963e+41 3.7846e+42 1.9761e+42 5.7521e+41 9.7144e+41 1.651e+38 1.4951e+40 1.0577e+40 8.8338e+41 1.275e+40 3.1414e+40 1.9237e+40 1.684e+40 2.6165e+41 2.2244e+41
-1.5 0.1 100.0 -1.2 1.7385e+42 1.2681e+42 7.7591e+42 2.3355e+43 7.4942e+41 1.4082e+41 3.6549e+42 4.1556e+41 3.2744e+41 2.3589e+41 8.3716e+41 3.3173e+42 1.6754e+42 4.7121e+42 3.5502e+41 8.5416e+41 2.1487e+41 1.2765e+41 2.2087e+42 1.4467e+42
-1.5 0.1 100.0 -1.4 1.0689e+42 1.0967e+42 6.742e+42 2.0293e+43 2.8762e+41 6.8154e+40 3.138e+42 2.0112e+41 1.8404e+41 1.3433e+41 4.8091e+41 2.1173e+42 1.065e+42 3.5181e+42 2.039e+41 4.8611e+41 1.419e+41 8.472e+40 1.3504e+42 8.8468e+41
-1.5 0.1 100.0 -1.7 6.2023e+41 8.9724e+41 4.6246e+42 1.392e+43 3.9604e+40 2.7841e+40 2.5812e+42 8.216e+40 7.4981e+40 5.6761e+40 1.8292e+41 9.3828e+41 4.6286e+41 1.9921e+42 7.4183e+40 1.7506e+41 7.2737e+40 4.4259e+40 5.9892e+41 3.9248e+41
-1.5 0.1 100.0 -2.0 4.1727e+41 7.3478e+41 2.8241e+42 8.5006e+42 1.4842e+40 1.8125e+40 2.1383e+42 5.3486e+40 4.5388e+40 3.5015e+40 6.0725e+40 3.7221e+41 1.8924e+41 1.0308e+42 2.5964e+40 6.0735e+40 3.8243e+40 2.4421e+40 2.6997e+41 1.7704e+41
-1.5 0.1 1000.0 -1.2 3.2762e+42 2.26e+42 1.5566e+43 4.6854e+43 1.3703e+42 3.2278e+41 6.5103e+42 9.5252e+41 5.6779e+41 5.1063e+41 3.9148e+41 5.1564e+42 2.4691e+42 5.5333e+42 4.6254e+41 1.1154e+42 4.0284e+41 2.4878e+41 4.2627e+42 2.8597e+42
-1.5 0.1 1000.0 -1.4 2.3737e+42 2.0268e+42 1.2494e+43 3.7607e+43 5.8315e+41 1.8458e+41 5.8351e+42 5.4469e+41 3.2564e+41 3.1179e+41 1.4963e+41 2.7243e+42 1.3226e+42 4.0227e+42 2.4064e+41 5.794e+41 2.8655e+41 1.7793e+41 2.6565e+42 1.7846e+42
-1.5 0.1 1000.0 -1.7 1.6869e+42 1.6215e+42 7.6403e+42 2.2997e+43 1.2779e+41 9.4605e+40 4.6951e+42 2.7918e+41 1.5026e+41 1.6707e+41 3.7749e+40 7.0995e+41 3.619e+41 2.1704e+42 7.5785e+40 1.8269e+41 1.6297e+41 1.0255e+41 1.1391e+42 7.6673e+41
-1.5 0.1 1000.0 -2.0 1.2924e+42 1.2271e+42 4.2285e+42 1.2728e+43 5.7478e+40 7.1581e+40 3.5753e+42 2.1124e+41 1.0275e+41 1.2409e+41 1.8257e+40 1.446e+41 8.277e+40 1.0759e+42 2.218e+40 5.3683e+40 8.6734e+40 5.587e+40 4.3779e+41 2.9517e+41
-1.5 0.1 10000.0 -1.2 7.26e+42 3.1091e+42 1.5065e+43 4.5346e+43 3.2728e+42 1.0433e+42 9.075e+42 3.0787e+42 8.1002e+41 1.2342e+42 1.3827e+40 7.0958e+41 3.6886e+41 5.0496e+42 2.1802e+41 5.3546e+41 7.3542e+41 6.3465e+41 3.5323e+42 2.9822e+42
-1.5 0.1 10000.0 -1.4 5.7425e+42 2.6687e+42 1.1553e+43 3.4776e+43 1.6478e+42 7.3308e+41 7.7486e+42 2.1633e+42 4.9365e+41 8.0539e+41 9.174e+39 2.9314e+41 1.5605e+41 3.7085e+42 1.1974e+41 2.9417e+41 5.0357e+41 4.3905e+41 2.1214e+42 1.8033e+42
-1.5 0.1 10000.0 -1.7 4.1807e+42 1.979e+42 6.4125e+42 1.9302e+43 6.3717e+41 4.9545e+41 5.7297e+42 1.4621e+42 2.8425e+41 5.1203e+41 2.7139e+39 6.0996e+40 3.7043e+40 2.0034e+42 3.9593e+40 9.7354e+40 2.2831e+41 2.0209e+41 8.3949e+41 7.1938e+41
-1.5 0.1 10000.0 -2.0 3.0656e+42 1.3997e+42 3.0683e+42 9.2356e+42 3.3478e+41 3.8103e+41 4.0602e+42 1.1244e+42 2.0029e+41 3.8193e+41 4.0976e+38 1.8566e+40 1.4127e+40 9.7463e+41 1.1878e+40 2.9234e+40 8.927e+40 8.0062e+40 3.1473e+41 2.7126e+41
-1.5 0.3 100.0 -1.2 2.1248e+42 8.1905e+41 2.8931e+42 8.7082e+42 1.2203e+42 2.2498e+41 2.4982e+42 6.6392e+41 4.6089e+41 3.2688e+41 9.292e+41 1.358e+42 9.4019e+41 3.2613e+42 2.3194e+41 5.6678e+41 6.4991e+40 3.8494e+40 1.6749e+42 1.0969e+42
-1.5 0.3 100.0 -1.4 1.2112e+42 6.1578e+41 2.9003e+42 8.7298e+42 6.3681e+41 1.1625e+41 1.8111e+42 3.4307e+41 2.7358e+41 1.9489e+41 6.2356e+41 1.0408e+42 6.7933e+41 2.5819e+42 1.8826e+41 4.5882e+41 6.119e+40 3.6282e+40 1.2725e+42 8.3343e+41
-1.5 0.3 100.0 -1.7 5.7258e+41 4.4696e+41 2.5931e+42 7.8053e+42 1.8307e+41 4.0064e+40 1.2764e+42 1.1823e+41 1.178e+41 8.5335e+40 2.7801e+41 5.8078e+41 3.57e+41 1.6093e+42 1.0145e+41 2.4571e+41 4.0349e+40 2.4051e+40 6.7758e+41 4.4387e+41
-1.5 0.3 100.0 -2.0 3.524e+41 3.7314e+41 1.9493e+42 5.8673e+42 3.7711e+40 1.8265e+40 1.0687e+42 5.3899e+40 5.3725e+40 4.0122e+40 1.0072e+41 2.6632e+41 1.5965e+41 9.0378e+41 3.9757e+40 9.5587e+40 2.2667e+40 1.3752e+40 3.1535e+41 2.0664e+41
-1.5 0.3 1000.0 -1.2 3.4895e+42 1.6871e+42 1.0884e+43 3.2762e+43 1.9847e+42 3.7507e+41 4.9101e+42 1.1068e+42 8.6289e+41 7.2811e+41 6.2308e+41 2.6801e+42 1.4986e+42 5.0627e+42 5.195e+41 1.2652e+42 2.1049e+41 1.2941e+41 4.1334e+42 2.7689e+42
-1.5 0.3 1000.0 -1.4 2.471e+42 1.4837e+42 9.56e+42 2.8776e+43 1.0173e+42 2.2775e+41 4.2696e+42 6.7209e+41 5.2492e+41 4.5992e+41 2.6378e+41 1.7469e+42 9.0706e+41 3.7669e+42 3.0664e+41 7.4556e+41 1.6363e+41 1.0096e+41 2.7674e+42 1.8563e+42
-1.5 0.3 1000.0 -1.7 1.6954e+42 1.2227e+42 6.495e+42 1.955e+43 3.075e+41 1.2009e+41 3.5221e+42 3.5437e+41 2.4503e+41 2.3897e+41 5.6787e+40 6.341e+41 3.3719e+41 2.0925e+42 1.0801e+41 2.6244e+41 1.0169e+41 6.3274e+40 1.267e+42 8.5158e+41
-1.5 0.3 1000.0 -2.0 1.3031e+42 9.7686e+41 3.8483e+42 1.1583e+43 9.1415e+40 8.1175e+40 2.8353e+42 2.3955e+41 1.354e+41 1.506e+41 2.0457e+40 1.6561e+41 9.6256e+40 1.053e+42 3.367e+40 8.1952e+40 5.8447e+40 3.6904e+40 5.1054e+41 3.4372e+41
-1.5 0.3 10000.0 -1.2 7.2619e+42 2.884e+42 1.3891e+43 4.1813e+43 4.2842e+42 1.1998e+42 8.4345e+42 3.5406e+42 1.3733e+42 1.8899e+42 1.6221e+40 6.9947e+41 3.9206e+41 5.0047e+42 2.6602e+41 6.5382e+41 4.336e+41 3.7059e+41 3.4651e+42 2.9055e+42
-1.5 0.3 10000.0 -1.4 5.8064e+42 2.4867e+42 1.0859e+43 3.2687e+43 2.3051e+42 8.7378e+41 7.225e+42 2.5785e+42 8.3152e+41 1.2122e+42 9.9007e+39 3.1191e+41 1.7563e+41 3.6849e+42 1.5192e+41 3.7346e+41 3.085e+41 2.6624e+41 2.1512e+42 1.8161e+42
-1.5 0.3 10000.0 -1.7 4.3038e+42 1.8694e+42 6.1835e+42 1.8612e+43 9.0749e+41 5.8594e+41 5.4149e+42 1.7291e+42 4.3645e+41 7.082e+41 2.8049e+39 6.9378e+40 4.1867e+40 1.9971e+42 5.257e+40 1.2932e+41 1.4817e+41 1.2972e+41 8.8933e+41 7.5697e+41
-1.5 0.3 10000.0 -2.0 3.2565e+42 1.3444e+42 3.0392e+42 9.1481e+42 4.2963e+41 4.426e+41 3.8955e+42 1.3061e+42 2.7948e+41 4.9271e+41 4.2247e+38 2.0048e+40 1.4692e+40 9.7404e+41 1.6614e+40 4.09e+40 6.2572e+40 5.5411e+40 3.5346e+41 3.0245e+41
-1.5 0.5 100.0 -1.2 1.8042e+42 6.9094e+41 1.3004e+42 3.9143e+42 1.1176e+42 2.5093e+41 2.2089e+42 7.4051e+41 5.4144e+41 3.8177e+41 9.1669e+41 1.0055e+42 7.6656e+41 2.4881e+42 1.1966e+41 2.9372e+41 1.0065e+40 5.9584e+39 9.6677e+41 6.3311e+41
-1.5 0.5 100.0 -1.4 1.0546e+42 4.9559e+41 1.3612e+42 4.0971e+42 6.3284e+41 1.3761e+41 1.5247e+42 4.0609e+41 3.2518e+41 2.2976e+41 7.0145e+41 8.1811e+41 6.375e+41 2.0288e+42 1.1346e+41 2.782e+41 1.158e+40 6.8578e+39 8.3808e+41 5.4888e+41
-1.5 0.5 100.0 -1.7 4.9217e+41 3.208e+41 1.413e+42 4.2531e+42 2.2341e+41 4.95e+40 9.3485e+41 1.4608e+41 1.4779e+41 1.0546e+41 3.7867e+41 4.9967e+41 3.9401e+41 1.342e+42 9.1837e+40 2.2457e+41 1.2066e+40 7.1588e+39 6.0321e+41 3.951e+41
-3.0 0.1 100.0 -1.2 1.2082e+43 2.7251e+42 9.0568e+42 2.7261e+43 1.1239e+42 6.4743e+41 8.0734e+42 1.9106e+42 1.3541e+42 1.0252e+42 1.0509e+41 1.1968e+42 6.2131e+41 4.9738e+42 8.9635e+40 2.2023e+41 2.9744e+41 1.7652e+41 1.9048e+42 1.2481e+42
-1.5 0.5 100.0 -2.0 2.9118e+41 2.4882e+41 1.2985e+42 3.9085e+42 6.4526e+40 2.0779e+40 7.0873e+41 6.132e+40 6.978e+40 5.0935e+40 1.5714e+41 2.6318e+41 1.9889e+41 7.9917e+41 5.1466e+40 1.2534e+41 8.6871e+39 5.1876e+39 3.4556e+41 2.2637e+41
-3.0 0.1 100.0 -1.4 9.1637e+42 2.3848e+42 6.8981e+42 2.0763e+43 6.5663e+41 5.0933e+41 7.0444e+42 1.503e+42 1.098e+42 8.3701e+41 6.8363e+40 6.6145e+41 3.4785e+41 3.7202e+42 4.7983e+40 1.1787e+41 1.8255e+41 1.0858e+41 1.1178e+42 7.3249e+41
-3.0 0.1 100.0 -1.7 5.4904e+42 1.7965e+42 3.9312e+42 1.1833e+43 3.3384e+41 3.2965e+41 5.3153e+42 9.7281e+41 7.4218e+41 5.6865e+41 3.8223e+40 2.3663e+41 1.303e+41 2.0756e+42 1.6109e+40 3.9552e+40 7.4958e+40 4.4996e+40 4.3507e+41 2.8514e+41
-3.0 0.1 100.0 -2.0 3.1107e+42 1.2871e+42 2.0371e+42 6.1316e+42 1.8182e+41 2.0307e+41 3.8271e+42 5.9925e+41 4.7572e+41 3.6497e+41 2.4757e+40 8.4034e+40 5.1513e+40 1.0506e+42 4.9893e+39 1.2245e+40 2.8281e+40 1.7454e+40 1.5676e+41 1.0276e+41
-3.0 0.1 1000.0 -1.2 1.1961e+43 2.7819e+42 1.0344e+43 3.1137e+43 1.318e+42 7.1557e+41 8.1861e+42 2.1116e+42 1.0634e+42 1.1692e+42 7.2737e+40 1.4295e+42 7.3965e+41 4.9537e+42 1.2373e+41 3.0405e+41 4.0496e+41 2.5041e+41 2.4672e+42 1.6598e+42
-3.0 0.1 1000.0 -1.4 9.3055e+42 2.4305e+42 8.1694e+42 2.459e+43 7.6767e+41 5.6881e+41 7.1202e+42 1.6785e+42 8.4216e+41 9.6173e+41 4.1523e+40 7.8296e+41 4.0904e+41 3.7009e+42 7.1812e+40 1.7641e+41 2.7124e+41 1.6817e+41 1.5457e+42 1.0406e+42
-3.0 0.1 1000.0 -1.7 5.8416e+42 1.8332e+42 4.983e+42 1.4999e+43 3.8192e+41 3.7901e+41 5.3678e+42 1.1184e+42 5.6402e+41 6.6656e+41 2.1755e+40 2.533e+41 1.3766e+41 2.0602e+42 2.7477e+40 6.7473e+40 1.3067e+41 8.1564e+40 6.6948e+41 4.5117e+41
-3.0 0.1 1000.0 -2.0 3.5123e+42 1.3169e+42 2.7997e+42 8.427e+42 2.1097e+41 2.4442e+41 3.8666e+42 7.2129e+41 3.7156e+41 4.4467e+41 1.34e+40 7.185e+40 4.3984e+40 1.04e+42 9.6506e+39 2.3694e+40 5.9629e+40 3.7742e+40 2.6708e+41 1.8018e+41
-3.0 0.1 10000.0 -1.2 8.5532e+42 2.9451e+42 1.1689e+43 3.5185e+43 2.2283e+42 9.8674e+41 8.616e+42 2.9119e+42 6.685e+41 1.134e+42 9.9264e+39 4.6101e+41 2.3979e+41 4.7504e+42 1.4597e+41 3.5907e+41 5.8661e+41 5.0877e+41 2.6277e+42 2.2264e+42
-3.0 0.1 10000.0 -1.4 6.9322e+42 2.5726e+42 9.2173e+42 2.7744e+43 1.3618e+42 8.0006e+41 7.485e+42 2.361e+42 5.0669e+41 8.951e+41 6.4867e+39 2.0694e+41 1.111e+41 3.5438e+42 8.56e+40 2.1057e+41 4.0825e+41 3.5718e+41 1.6648e+42 1.418e+42
-3.0 0.1 10000.0 -1.7 4.8046e+42 1.9378e+42 5.3687e+42 1.616e+43 6.8136e+41 5.7447e+41 5.6232e+42 1.6953e+42 3.3496e+41 6.2253e+41 1.8978e+39 4.9201e+40 3.0481e+40 1.9525e+42 3.0992e+40 7.6264e+40 1.92e+41 1.7024e+41 7.0509e+41 6.0476e+41
-1.5 0.5 1000.0 -1.2 2.9815e+42 1.4203e+42 7.0603e+42 2.1251e+43 1.9138e+42 3.9859e+41 4.2297e+42 1.1762e+42 1.0514e+42 8.5542e+41 8.9147e+41 2.2449e+42 1.743e+42 4.6637e+42 4.7467e+41 1.1623e+42 6.3041e+40 3.8653e+40 3.4623e+42 2.3168e+42
-3.0 0.1 10000.0 -2.0 3.2852e+42 1.3868e+42 2.6894e+42 8.095e+42 3.8827e+41 4.2018e+41 4.0261e+42 1.2399e+42 2.3313e+41 4.4701e+41 3.1349e+38 1.6638e+40 1.2802e+40 9.636e+41 9.9657e+39 2.4535e+40 7.8298e+40 7.0282e+40 2.7695e+41 2.3884e+41
-3.0 0.3 100.0 -1.2 1.2744e+43 2.4332e+42 8.5252e+42 2.5661e+43 1.7756e+42 7.4813e+41 7.183e+42 2.2077e+42 1.7893e+42 1.3346e+42 1.5048e+41 1.1503e+42 6.2456e+41 4.7897e+42 1.2901e+41 3.1724e+41 2.0851e+41 1.2362e+41 2.1524e+42 1.4102e+42
-3.0 0.3 100.0 -1.4 9.922e+42 2.118e+42 6.7046e+42 2.0181e+43 1.0229e+42 5.8725e+41 6.227e+42 1.733e+42 1.4072e+42 1.059e+42 9.8043e+40 6.977e+41 3.81e+41 3.5942e+42 7.5026e+40 1.8445e+41 1.3842e+41 8.2167e+40 1.3544e+42 8.8742e+41
-3.0 0.3 100.0 -1.7 6.1875e+42 1.589e+42 4e+42 1.204e+43 4.3979e+41 3.8197e+41 4.6726e+42 1.1272e+42 9.0828e+41 6.9029e+41 5.1205e+40 2.8777e+41 1.6126e+41 2.0145e+42 2.8326e+40 6.9614e+40 6.3446e+40 3.7827e+40 5.8295e+41 3.8199e+41
-3.0 0.3 100.0 -2.0 3.6799e+42 1.1366e+42 2.1719e+42 6.5375e+42 2.1885e+41 2.4046e+41 3.3546e+42 7.096e+41 5.7076e+41 4.3615e+41 2.9809e+40 1.1457e+41 6.8364e+40 1.0238e+42 9.8819e+39 2.4277e+40 2.6808e+40 1.6175e+40 2.3333e+41 1.5291e+41
-3.0 0.3 1000.0 -1.2 1.2211e+43 2.5345e+42 9.5803e+42 2.8837e+43 1.9837e+42 8.189e+41 7.4399e+42 2.4166e+42 1.4872e+42 1.5118e+42 1.112e+41 1.3496e+42 7.2419e+41 4.8247e+42 1.6436e+41 4.0416e+41 2.6178e+41 1.6152e+41 2.6096e+42 1.7537e+42
-3.0 0.3 1000.0 -1.4 9.6749e+42 2.2115e+42 7.7359e+42 2.3285e+43 1.1517e+42 6.4842e+41 6.4597e+42 1.9135e+42 1.1317e+42 1.2038e+42 6.1876e+40 8.1736e+41 4.3927e+41 3.6169e+42 1.0122e+41 2.4885e+41 1.849e+41 1.1431e+41 1.7188e+42 1.1558e+42
-3.0 0.3 1000.0 -1.7 6.2359e+42 1.6685e+42 4.8542e+42 1.4611e+43 4.9835e+41 4.305e+41 4.8661e+42 1.2704e+42 7.1012e+41 7.9776e+41 2.6798e+40 3.0692e+41 1.6901e+41 2.0243e+42 4.1771e+40 1.0266e+41 9.5072e+40 5.9036e+40 7.9423e+41 5.3458e+41
-3.0 0.3 1000.0 -2.0 3.8706e+42 1.2044e+42 2.7962e+42 8.4166e+42 2.4646e+41 2.8068e+41 3.5202e+42 8.283e+41 4.46e+41 5.1842e+41 1.4586e+40 9.3784e+40 5.6224e+40 1.027e+42 1.5617e+40 3.8374e+40 4.5892e+40 2.8733e+40 3.357e+41 2.2616e+41
-3.0 0.3 10000.0 -1.2 8.5896e+42 2.8115e+42 1.096e+43 3.2988e+43 2.933e+42 1.1345e+42 8.228e+42 3.3479e+42 1.0313e+42 1.589e+42 1.1369e+40 4.7592e+41 2.581e+41 4.719e+42 1.8055e+41 4.4429e+41 3.5537e+41 3.0527e+41 2.6184e+42 2.2041e+42
-1.5 0.5 1000.0 -1.4 2.1457e+42 1.1982e+42 6.7891e+42 2.0435e+43 1.0711e+42 2.4265e+41 3.4797e+42 7.1605e+41 6.8442e+41 5.7155e+41 4.2868e+41 1.4825e+42 1.1376e+42 3.5325e+42 3.3927e+41 8.2986e+41 5.7606e+40 3.5401e+40 2.6312e+42 1.7626e+42
-3.0 0.3 10000.0 -1.4 7.0745e+42 2.4609e+42 8.7787e+42 2.6424e+43 1.8073e+42 9.2339e+41 7.1578e+42 2.7249e+42 7.5321e+41 1.2148e+42 7.0091e+39 2.256e+41 1.2479e+41 3.5257e+42 1.0989e+41 2.7042e+41 2.5684e+41 2.2242e+41 1.7165e+42 1.4523e+42
-3.0 0.3 10000.0 -1.7 5.0352e+42 1.8638e+42 5.2266e+42 1.5732e+43 8.7465e+41 6.6377e+41 5.4011e+42 1.9588e+42 4.7296e+41 8.1167e+41 1.9785e+39 5.5854e+40 3.411e+40 1.9475e+42 4.1685e+40 1.0261e+41 1.28e+41 1.1223e+41 7.6322e+41 6.5007e+41
-3.0 0.3 10000.0 -2.0 3.5572e+42 1.3429e+42 2.678e+42 8.0607e+42 4.6793e+41 4.8822e+41 3.8906e+42 1.4408e+42 3.1333e+41 5.6417e+41 3.2445e+38 1.7845e+40 1.3234e+40 9.633e+41 1.4075e+40 3.4658e+40 5.6171e+40 4.977e+40 3.1755e+41 2.7179e+41
-3.0 0.5 100.0 -1.2 1.1312e+43 2.1861e+42 7.2523e+42 2.1829e+43 2.0671e+42 8.2039e+41 6.4609e+42 2.421e+42 2.3139e+42 1.703e+42 2.1368e+41 1.1723e+42 7.1793e+41 4.6013e+42 1.6947e+41 4.1705e+41 8.8359e+40 5.2353e+40 2.2454e+42 1.471e+42
-3.0 0.5 100.0 -1.4 9.0257e+42 1.8877e+42 5.921e+42 1.7822e+43 1.2198e+42 6.4615e+41 5.5397e+42 1.9068e+42 1.771e+42 1.3164e+42 1.4163e+41 7.5782e+41 4.6949e+41 3.463e+42 1.0829e+41 2.6645e+41 6.3876e+40 3.7872e+40 1.5219e+42 9.9707e+41
-3.0 0.5 100.0 -1.7 5.8049e+42 1.4079e+42 3.7063e+42 1.1156e+43 5.1869e+41 4.232e+41 4.1205e+42 1.2489e+42 1.1111e+42 8.3568e+41 7.1477e+40 3.4281e+41 2.1602e+41 1.9497e+42 4.5911e+40 1.1293e+41 3.2427e+40 1.9266e+40 7.1624e+41 4.6928e+41
-3.0 0.5 100.0 -2.0 3.5497e+42 1.005e+42 2.0962e+42 6.3097e+42 2.3091e+41 2.6904e+41 2.9476e+42 7.9395e+41 6.7738e+41 5.1378e+41 3.785e+40 1.4742e+41 9.5567e+40 9.9496e+41 1.7654e+40 4.3415e+40 1.4869e+40 8.8811e+39 3.0829e+41 2.0201e+41
-3.0 0.5 1000.0 -1.2 1.0682e+43 2.3178e+42 8.0699e+42 2.429e+43 2.2653e+42 8.9251e+41 6.8161e+42 2.6338e+42 2.0388e+42 1.932e+42 1.6594e+41 1.332e+42 8.1176e+41 4.6875e+42 2.0226e+41 4.9771e+41 1.0437e+41 6.4262e+40 2.5919e+42 1.74e+42
-3.0 0.5 1000.0 -1.4 8.6339e+42 2.0135e+42 6.7112e+42 2.0201e+43 1.3434e+42 7.0979e+41 5.8771e+42 2.0946e+42 1.501e+42 1.493e+42 9.41e+40 8.6171e+41 5.2718e+41 3.5254e+42 1.3412e+41 3.3e+41 7.8674e+40 4.851e+40 1.8111e+42 1.2166e+42
-3.0 0.5 1000.0 -1.7 5.7114e+42 1.5198e+42 4.3638e+42 1.3135e+43 5.7917e+41 4.7456e+41 4.4199e+42 1.4004e+42 9.0893e+41 9.6139e+41 3.6206e+40 3.6704e+41 2.24e+41 1.9836e+42 6.0479e+40 1.4876e+41 4.3493e+40 2.6898e+40 8.9703e+41 6.0307e+41
-1.5 0.5 1000.0 -1.7 1.4923e+42 9.7878e+41 5.1876e+42 1.5615e+43 3.833e+41 1.3166e+41 2.8097e+42 3.8853e+41 3.3979e+41 3.0845e+41 9.4299e+40 6.1512e+41 4.5425e+41 2.0123e+42 1.4397e+41 3.5185e+41 4.0922e+40 2.5283e+40 1.359e+42 9.1206e+41
-3.0 0.5 1000.0 -2.0 3.6308e+42 1.1003e+42 2.5856e+42 7.7826e+42 2.6292e+41 3.1177e+41 3.2021e+42 9.2004e+41 5.5026e+41 6.0973e+41 1.6687e+40 1.2782e+41 7.9169e+40 1.0109e+42 2.4342e+40 5.9868e+40 2.2175e+40 1.3782e+40 4.0079e+41 2.6969e+41
-3.0 0.5 10000.0 -1.2 7.4446e+42 2.6764e+42 9.3793e+42 2.8232e+43 3.0752e+42 1.2354e+42 7.8564e+42 3.6456e+42 1.5213e+42 2.1268e+42 1.4169e+40 5.3236e+41 2.8649e+41 4.6745e+42 2.1111e+41 5.1973e+41 1.3386e+41 1.1379e+41 2.4875e+42 2.0801e+42
-3.0 0.5 10000.0 -1.4 6.238e+42 2.3478e+42 7.6773e+42 2.3109e+43 1.9164e+42 1.0168e+42 6.8383e+42 3.0007e+42 1.0789e+42 1.5856e+42 8.0798e+39 2.6847e+41 1.4563e+41 3.4981e+42 1.355e+41 3.336e+41 1.0136e+41 8.6798e+40 1.6994e+42 1.4281e+42
-3.0 0.5 10000.0 -1.7 4.5538e+42 1.7869e+42 4.6861e+42 1.4105e+43 9.2865e+41 7.4043e+41 5.1769e+42 2.185e+42 6.5554e+41 1.031e+42 2.1375e+39 6.779e+40 3.9858e+40 1.9369e+42 5.424e+40 1.3356e+41 5.337e+40 4.6247e+40 7.8725e+41 6.6616e+41
-3.0 0.5 10000.0 -2.0 3.3025e+42 1.2964e+42 2.4442e+42 7.357e+42 4.8581e+41 5.5009e+41 3.7512e+42 1.6233e+42 4.2325e+41 7.0297e+41 3.43e+38 1.9711e+40 1.3888e+40 9.6055e+41 1.8865e+40 4.6466e+40 2.4539e+40 2.1482e+40 3.3666e+41 2.8636e+41
-1.5 0.5 1000.0 -2.0 1.1656e+42 8.0546e+41 3.3174e+42 9.9852e+42 1.3466e+41 9.1134e+40 2.3221e+42 2.6894e+41 1.8895e+41 1.9213e+41 2.5214e+40 2.0831e+41 1.4392e+41 1.0286e+42 4.9914e+40 1.2204e+41 2.5691e+40 1.6009e+40 5.8975e+41 3.9646e+41
-1.5 0.5 10000.0 -1.2 6.211e+42 2.6894e+42 1.1723e+43 3.5287e+43 4.2296e+42 1.2325e+42 7.9087e+42 3.637e+42 1.9568e+42 2.4697e+42 2.1044e+40 8.0057e+41 4.4481e+41 4.9475e+42 3.0776e+41 7.5701e+41 1.6052e+41 1.357e+41 3.2678e+42 2.7212e+42
-1.5 0.5 10000.0 -1.4 5.0797e+42 2.3256e+42 9.4167e+42 2.8344e+43 2.3968e+42 9.3956e+41 6.7694e+42 2.7726e+42 1.219e+42 1.6181e+42 1.1522e+40 3.8098e+41 2.0949e+41 3.6511e+42 1.8652e+41 4.5886e+41 1.2019e+41 1.0253e+41 2.1263e+42 1.7822e+42
-1.5 0.5 10000.0 -1.7 3.8684e+42 1.7686e+42 5.523e+42 1.6624e+43 1.0052e+42 6.5873e+41 5.1203e+42 1.9439e+42 6.3492e+41 9.3411e+41 3.014e+39 8.5429e+40 4.9657e+40 1.9856e+42 6.8077e+40 1.6755e+41 6.1088e+40 5.2844e+40 9.1463e+41 7.7325e+41
-1.5 0.5 10000.0 -2.0 3.0035e+42 1.287e+42 2.7665e+42 8.3272e+42 4.7441e+41 5.0175e+41 3.7245e+42 1.4807e+42 3.9615e+41 6.3377e+41 4.45e+38 2.2319e+40 1.556e+40 9.7074e+41 2.2126e+40 5.4486e+40 2.7015e+40 2.3635e+40 3.7212e+41 3.1645e+41
-4.5 0.1 100.0 -1.2 9.9439e+42 2.486e+42 6.2036e+41 1.8673e+42 1.9517e+42 9.0361e+41 7.4866e+42 2.6666e+42 4.2866e+42 3.1883e+42 3.8109e+39 2.4828e+40 1.5412e+40 1.7675e+42 2.7554e+39 6.791e+39 2.015e+40 1.1953e+40 1.0109e+41 6.6237e+40
-4.5 0.1 100.0 -1.4 7.8089e+42 2.3035e+42 4.9234e+41 1.482e+42 1.4434e+42 7.5395e+41 6.936e+42 2.2249e+42 3.5758e+42 2.6675e+42 3.6863e+39 1.9393e+40 1.3152e+40 1.3604e+42 1.6584e+39 4.0873e+39 1.3126e+40 7.7933e+39 6.3736e+40 4.1765e+40
-4.5 0.1 100.0 -1.7 4.7087e+42 1.8179e+42 2.9574e+41 8.9018e+41 7.9551e+41 5.0032e+41 5.4844e+42 1.4765e+42 2.3575e+42 1.7667e+42 3.0737e+39 1.4226e+40 1.0756e+40 7.8564e+41 6.5167e+38 1.6061e+39 5.8197e+39 3.4658e+39 2.7112e+40 1.7768e+40
-4.5 0.1 100.0 -2.0 2.5844e+42 1.3295e+42 1.5899e+41 4.7855e+41 3.9884e+41 3.0379e+41 4.0249e+42 8.965e+41 1.4173e+42 1.0672e+42 2.1354e+39 1.1408e+40 9.124e+39 4.0787e+41 2.2741e+38 5.6047e+38 2.2953e+39 1.3776e+39 1.0322e+40 6.7656e+39
-4.5 0.1 1000.0 -1.2 1.1505e+43 2.4994e+42 7.319e+41 2.203e+42 2.5334e+42 1.059e+42 7.4456e+42 3.125e+42 3.7788e+42 4.014e+42 2.8059e+39 2.867e+40 1.7331e+40 1.7628e+42 4.2095e+39 1.0375e+40 3.2839e+40 2.0339e+40 1.5501e+41 1.0434e+41
-4.5 0.1 1000.0 -1.4 9.3645e+42 2.3133e+42 5.9609e+41 1.7942e+42 1.9387e+42 9.0312e+41 6.8831e+42 2.6651e+42 3.1737e+42 3.4217e+42 2.2651e+39 2.1563e+40 1.4173e+40 1.3563e+42 2.7286e+39 6.7248e+39 2.3039e+40 1.429e+40 1.0448e+41 7.0371e+40
-4.5 0.1 1000.0 -1.7 5.982e+42 1.8231e+42 3.7358e+41 1.1245e+42 1.1172e+42 6.2097e+41 5.4268e+42 1.8325e+42 2.1213e+42 2.3387e+42 1.1899e+39 1.4264e+40 1.0509e+40 7.8283e+41 1.211e+39 2.9845e+39 1.1557e+40 7.1883e+39 4.959e+40 3.3434e+40
-4.5 0.1 1000.0 -2.0 3.5129e+42 1.3316e+42 2.1046e+41 6.3349e+41 5.9095e+41 3.931e+41 3.9716e+42 1.1601e+42 1.3016e+42 1.4672e+42 4.3393e+38 1.0188e+40 7.8754e+39 4.0586e+41 4.8259e+38 1.1894e+39 5.2425e+39 3.2763e+39 2.1366e+40 1.4419e+40
-4.5 0.1 10000.0 -1.2 8.4083e+42 2.5233e+42 8.7427e+41 2.6315e+42 3.6497e+42 1.2125e+42 7.4069e+42 3.5782e+42 2.0387e+42 3.505e+42 2.0231e+38 1.6834e+40 9.9818e+39 1.7383e+42 6.7166e+39 1.6554e+40 5.3863e+40 4.7058e+40 2.3762e+41 2.0097e+41
-4.5 0.1 10000.0 -1.4 7.011e+42 2.3306e+42 7.2e+41 2.1672e+42 2.8711e+42 1.0521e+42 6.8259e+42 3.1048e+42 1.698e+42 2.9569e+42 1.2111e+38 1.2132e+40 7.5218e+39 1.3327e+42 4.5023e+39 1.1096e+40 3.9512e+40 3.4729e+40 1.6715e+41 1.4198e+41
-4.5 0.1 10000.0 -1.7 4.6613e+42 1.8328e+42 4.4958e+41 1.3532e+42 1.7515e+42 7.4433e+41 5.3618e+42 2.1965e+42 1.1257e+42 1.9986e+42 3.5414e+37 6.984e+39 4.2903e+39 7.6057e+41 2.0138e+39 4.9632e+39 2.0727e+40 1.8384e+40 8.3609e+40 7.1473e+40
-4.5 0.1 10000.0 -2.0 2.8559e+42 1.337e+42 2.4366e+41 7.334e+41 9.8121e+41 4.8578e+41 3.9137e+42 1.4336e+42 6.8846e+41 1.246e+42 6.9846e+36 3.6994e+39 2.1063e+39 3.8561e+41 7.7597e+38 1.9125e+39 9.6316e+39 8.6182e+39 3.7742e+40 3.2455e+40
-4.5 0.3 100.0 -1.2 1.625e+43 2.4263e+42 6.8153e+41 2.0514e+42 3.8461e+42 1.3788e+42 7.2136e+42 4.0689e+42 7.408e+42 5.4589e+42 4.1753e+39 2.7214e+40 1.6232e+40 1.7744e+42 4.4578e+39 1.0987e+40 2.0896e+40 1.2386e+40 1.7132e+41 1.1223e+41
-4.5 0.3 100.0 -1.4 1.367e+43 2.2501e+42 5.5705e+41 1.6767e+42 3.0419e+42 1.1966e+42 6.68e+42 3.5312e+42 6.3554e+42 4.6971e+42 3.9296e+39 2.1427e+40 1.3744e+40 1.3672e+42 2.8904e+39 7.1238e+39 1.4849e+40 8.8056e+39 1.1866e+41 7.7738e+40
-4.5 0.3 100.0 -1.7 9.1686e+42 1.777e+42 3.4986e+41 1.0531e+42 1.8679e+42 8.4461e+41 5.2761e+42 2.4924e+42 4.3956e+42 3.2627e+42 3.1942e+39 1.5213e+40 1.081e+40 7.9114e+41 1.2731e+39 3.1377e+39 7.5578e+39 4.4873e+39 5.8486e+40 3.8317e+40
-4.5 0.3 100.0 -2.0 5.6359e+42 1.3003e+42 1.9716e+41 5.9346e+41 1.0513e+42 5.4819e+41 3.8669e+42 1.6177e+42 2.7929e+42 2.0819e+42 2.2101e+39 1.1695e+40 8.8536e+39 4.1165e+41 5.0239e+38 1.2382e+39 3.4773e+39 2.07e+39 2.6093e+40 1.7096e+40
-4.5 0.3 1000.0 -1.2 1.6188e+43 2.4458e+42 7.5772e+41 2.2807e+42 4.2878e+42 1.4696e+42 7.2238e+42 4.3367e+42 6.2241e+42 6.2244e+42 3.1343e+39 3.0743e+40 1.799e+40 1.7673e+42 6.0512e+39 1.4914e+40 2.8792e+40 1.7789e+40 2.2008e+41 1.4786e+41
-4.5 0.3 1000.0 -1.4 1.3808e+43 2.2635e+42 6.2888e+41 1.8929e+42 3.4156e+42 1.287e+42 6.6703e+42 3.7978e+42 5.3049e+42 5.3886e+42 2.4696e+39 2.3535e+40 1.473e+40 1.3611e+42 4.1227e+39 1.0161e+40 2.1449e+40 1.3265e+40 1.5796e+41 1.0618e+41
-4.5 0.3 1000.0 -1.7 9.466e+42 1.7843e+42 4.0451e+41 1.2176e+42 2.126e+42 9.2169e+41 5.2524e+42 2.7199e+42 3.6421e+42 3.7853e+42 1.2739e+39 1.5203e+40 1.0529e+40 7.8697e+41 1.9602e+39 4.8311e+39 1.1751e+40 7.2811e+39 8.2237e+40 5.5318e+40
-4.5 0.3 1000.0 -2.0 5.9526e+42 1.3041e+42 2.3345e+41 7.027e+41 1.2174e+42 6.0738e+41 3.8412e+42 1.7924e+42 2.302e+42 2.4468e+42 4.6284e+38 1.0246e+40 7.4661e+39 4.0883e+41 8.3285e+38 2.0526e+39 5.8268e+39 3.6194e+39 3.8734e+40 2.6074e+40
-4.5 0.3 10000.0 -1.2 1.0496e+43 2.476e+42 8.6826e+41 2.6135e+42 5.1906e+42 1.5473e+42 7.2513e+42 4.566e+42 3.3114e+42 5.2406e+42 2.2414e+38 1.721e+40 9.7651e+39 1.7401e+42 8.8934e+39 2.1919e+40 4.2144e+40 3.6342e+40 2.9645e+41 2.4793e+41
-4.5 0.3 10000.0 -1.4 9.0851e+42 2.2865e+42 7.2699e+41 2.1882e+42 4.1664e+42 1.3712e+42 6.6731e+42 4.0463e+42 2.763e+42 4.4441e+42 1.307e+38 1.2213e+40 7.1287e+39 1.3357e+42 6.2304e+39 1.5355e+40 3.2832e+40 2.845e+40 2.2053e+41 1.8508e+41
-4.5 0.3 10000.0 -1.7 6.3776e+42 1.7975e+42 4.6459e+41 1.3984e+42 2.6379e+42 1.001e+42 5.2307e+42 2.9539e+42 1.8479e+42 3.0442e+42 3.7219e+37 6.4953e+39 3.7591e+39 7.6399e+41 2.9723e+39 7.3256e+39 1.8917e+40 1.6509e+40 1.1989e+41 1.0111e+41
-4.5 0.3 10000.0 -2.0 4.1156e+42 1.3113e+42 2.5772e+41 7.7573e+41 1.5474e+42 6.735e+41 3.8119e+42 1.9875e+42 1.1447e+42 1.9309e+42 7.2638e+36 3.1521e+39 1.732e+39 3.8838e+41 1.2254e+39 3.0201e+39 9.7412e+39 8.557e+39 5.8768e+40 4.9789e+40
-4.5 0.5 100.0 -1.2 1.7418e+43 2.3738e+42 6.3607e+41 1.9146e+42 4.6051e+42 1.7042e+42 7.0524e+42 5.0292e+42 1.0159e+43 7.4374e+42 4.6789e+39 2.8346e+40 1.6261e+40 1.767e+42 6.2531e+39 1.5412e+40 1.1113e+40 6.5843e+39 2.1017e+41 1.3767e+41
-4.5 0.5 100.0 -1.4 1.5213e+43 2.2017e+42 5.3152e+41 1.5999e+42 3.7004e+42 1.5107e+42 6.5205e+42 4.458e+42 8.7635e+42 6.4381e+42 4.276e+39 2.2757e+40 1.3786e+40 1.3627e+42 4.3385e+39 1.0693e+40 8.5322e+39 5.0565e+39 1.5552e+41 1.0188e+41
-4.5 0.5 100.0 -1.7 1.0796e+43 1.7405e+42 3.4391e+41 1.0352e+42 2.3487e+42 1.1023e+42 5.1435e+42 3.2527e+42 6.155e+42 4.5436e+42 3.36e+39 1.5891e+40 1.048e+40 7.8985e+41 2.0964e+39 5.1669e+39 4.8586e+39 2.8811e+39 8.4396e+40 5.5286e+40
-4.5 0.5 100.0 -2.0 7.0257e+42 1.2732e+42 1.9905e+41 5.9913e+41 1.3815e+42 7.4038e+41 3.7606e+42 2.1849e+42 3.9978e+42 2.9643e+42 2.2933e+39 1.1719e+40 8.2181e+39 4.116e+41 9.0135e+38 2.2215e+39 2.4997e+39 1.4838e+39 4.1395e+40 2.7118e+40
-4.5 0.5 1000.0 -1.2 1.6352e+43 2.3949e+42 6.8185e+41 2.0524e+42 4.9117e+42 1.7522e+42 7.082e+42 5.1707e+42 8.5631e+42 8.1742e+42 3.5845e+39 3.1087e+40 1.7614e+40 1.7595e+42 7.6991e+39 1.8975e+40 1.3525e+40 8.3411e+39 2.4435e+41 1.6401e+41
-4.5 0.5 1000.0 -1.4 1.4369e+43 2.2183e+42 5.7588e+41 1.7334e+42 3.9475e+42 1.56e+42 6.5358e+42 4.6036e+42 7.2858e+42 7.0805e+42 2.7599e+39 2.4474e+40 1.4567e+40 1.3564e+42 5.5301e+39 1.363e+40 1.0698e+40 6.6023e+39 1.8468e+41 1.2401e+41
-4.5 0.5 1000.0 -1.7 1.0296e+43 1.7496e+42 3.7875e+41 1.14e+42 2.5094e+42 1.1463e+42 5.1386e+42 3.3827e+42 5.0245e+42 5.0096e+42 1.3916e+39 1.5794e+40 1.015e+40 7.8543e+41 2.8161e+39 6.9407e+39 6.3676e+39 3.9347e+39 1.0338e+41 6.9455e+40
-4.5 0.5 1000.0 -2.0 6.7623e+42 1.2782e+42 2.2265e+41 6.7019e+41 1.4808e+42 7.7538e+41 3.7487e+42 2.2882e+42 3.2126e+42 3.2814e+42 5.0281e+38 1.0136e+40 6.7673e+39 4.0865e+41 1.2694e+39 3.1285e+39 3.4118e+39 2.1115e+39 5.2106e+40 3.5027e+40
-4.5 0.5 10000.0 -1.2 9.881e+42 2.4325e+42 7.5055e+41 2.2592e+42 5.4897e+42 1.7644e+42 7.1588e+42 5.2069e+42 4.7494e+42 6.8774e+42 2.6188e+38 1.6855e+40 9.1436e+39 1.7333e+42 1.0209e+40 2.5162e+40 1.7289e+40 1.4766e+40 2.9417e+41 2.445e+41
-4.5 0.5 10000.0 -1.4 8.7583e+42 2.2466e+42 6.3853e+41 1.922e+42 4.4155e+42 1.5844e+42 6.5803e+42 4.6756e+42 3.9177e+42 5.7915e+42 1.4801e+38 1.1902e+40 6.5538e+39 1.3318e+42 7.4928e+39 1.8467e+40 1.4224e+40 1.2196e+40 2.2879e+41 1.9074e+41
-4.5 0.5 10000.0 -1.7 6.3779e+42 1.7654e+42 4.1682e+41 1.2546e+42 2.8225e+42 1.1814e+42 5.1449e+42 3.4864e+42 2.5932e+42 3.9533e+42 4.042e+37 5.8516e+39 3.2095e+39 7.6295e+41 3.7966e+39 9.3574e+39 8.8765e+39 7.6549e+39 1.3258e+41 1.1099e+41
-4.5 0.5 10000.0 -2.0 4.268e+42 1.2876e+42 2.3533e+41 7.0836e+41 1.6832e+42 8.1224e+41 3.7414e+42 2.3969e+42 1.6023e+42 2.5164e+42 7.698e+36 2.5758e+39 1.3711e+39 3.8875e+41 1.6408e+39 4.0439e+39 4.9342e+39 4.2773e+39 6.8905e+40 5.79e+40
-4.0 0.1 100.0 -1.2 1.5213e+43 2.6633e+42 2.2927e+42 6.9009e+42 2.0449e+42 1.1131e+42 7.9724e+42 3.2847e+42 3.828e+42 2.8758e+42 1.4125e+40 9.3293e+40 5.1921e+40 3.1564e+42 1.1284e+40 2.7803e+40 7.224e+40 4.2858e+40 3.6141e+41 2.3681e+41
-4.0 0.1 100.0 -1.4 1.1853e+43 2.4142e+42 1.7913e+42 5.3917e+42 1.5203e+42 9.2029e+41 7.2117e+42 2.7158e+42 3.2191e+42 2.4245e+42 1.3267e+40 5.9783e+40 3.5795e+40 2.4371e+42 6.5918e+39 1.6242e+40 4.6252e+40 2.7472e+40 2.2478e+41 1.473e+41
-4.0 0.1 100.0 -1.7 7.1216e+42 1.8642e+42 1.0545e+42 3.174e+42 8.5714e+41 6.0748e+41 5.5705e+42 1.7927e+42 2.1555e+42 1.6294e+42 1.1167e+40 3.1033e+40 2.1628e+40 1.4176e+42 2.4786e+39 6.1071e+39 1.9959e+40 1.1901e+40 9.3576e+40 6.1325e+40
-4.0 0.1 100.0 -2.0 3.9284e+42 1.3459e+42 5.581e+41 1.6799e+42 4.3844e+41 3.699e+41 4.0333e+42 1.0916e+42 1.3198e+42 1.0014e+42 8.2738e+39 1.9097e+40 1.5261e+40 7.4321e+41 8.2948e+38 2.0438e+39 7.6682e+39 4.6211e+39 3.4813e+40 2.2818e+40
-4.0 0.1 1000.0 -1.2 1.6272e+43 2.6841e+42 2.7055e+42 8.1434e+42 2.3977e+42 1.2459e+42 7.962e+42 3.6767e+42 3.0963e+42 3.3865e+42 1.1097e+40 1.1392e+41 6.2231e+40 3.1381e+42 1.7445e+40 4.2986e+40 1.1389e+41 7.0549e+40 5.2342e+41 3.5238e+41
-4.0 0.1 1000.0 -1.4 1.3104e+43 2.4292e+42 2.1767e+42 6.5519e+42 1.8086e+42 1.0509e+42 7.183e+42 3.1011e+42 2.6125e+42 2.8983e+42 9.1994e+39 7.1987e+40 4.175e+40 2.4211e+42 1.1042e+40 2.7206e+40 7.8953e+40 4.8983e+40 3.4827e+41 2.3461e+41
-4.0 0.1 1000.0 -1.7 8.2999e+42 1.8721e+42 1.3458e+42 4.0508e+42 1.05e+42 7.1663e+41 5.528e+42 2.1148e+42 1.7675e+42 1.9999e+42 5.4262e+39 3.3815e+40 2.263e+40 1.406e+42 4.7412e+39 1.1682e+40 3.8884e+40 2.4204e+40 1.6197e+41 1.0921e+41
-4.0 0.1 1000.0 -2.0 4.8682e+42 1.3501e+42 7.5266e+41 2.2655e+42 5.6368e+41 4.5329e+41 3.9915e+42 1.3377e+42 1.1012e+42 1.27e+42 2.2032e+39 1.7956e+40 1.4031e+40 7.3505e+41 1.835e+39 4.5213e+39 1.7351e+40 1.0865e+40 6.8204e+40 4.6029e+40
-4.0 0.1 10000.0 -1.2 1.0816e+43 2.7218e+42 3.2116e+42 9.6669e+42 3.147e+42 1.3747e+42 7.9824e+42 4.0568e+42 1.4809e+42 2.6081e+42 1.1058e+39 6.1184e+40 3.4357e+40 3.0671e+42 2.7334e+40 6.7354e+40 1.7299e+41 1.5134e+41 7.2243e+41 6.13e+41
-4.0 0.1 10000.0 -1.4 8.9408e+42 2.4568e+42 2.614e+42 7.8681e+42 2.3998e+42 1.1805e+42 7.1738e+42 3.4837e+42 1.2273e+42 2.1945e+42 6.6673e+38 3.6353e+40 2.2096e+40 2.3547e+42 1.7846e+40 4.3974e+40 1.2504e+41 1.1008e+41 4.9895e+41 4.2514e+41
-4.0 0.1 10000.0 -1.7 5.9278e+42 1.8887e+42 1.6077e+42 4.8393e+42 1.4354e+42 8.32e+41 5.4975e+42 2.4552e+42 8.2246e+41 1.499e+42 1.9558e+38 1.6124e+40 1.1382e+40 1.3471e+42 7.6651e+39 1.8888e+40 6.3651e+40 5.6578e+40 2.4141e+41 2.0694e+41
-4.0 0.1 10000.0 -2.0 3.6637e+42 1.361e+42 8.579e+41 2.5823e+42 8.0755e+41 5.4741e+41 3.9602e+42 1.6154e+42 5.1623e+41 9.5629e+41 3.8181e+37 8.9198e+39 6.5589e+39 6.8454e+41 2.845e+39 7.011e+39 2.8528e+40 2.5599e+40 1.0539e+41 9.0844e+40
-4.0 0.3 100.0 -1.2 1.9937e+43 2.5967e+42 2.421e+42 7.2873e+42 3.0334e+42 1.4569e+42 7.7209e+42 4.2995e+42 5.475e+42 4.0806e+42 1.6302e+40 1.0752e+41 5.8978e+40 3.1472e+42 1.7659e+40 4.3515e+40 6.3437e+40 3.7609e+40 4.9768e+41 3.2606e+41
-4.0 0.3 100.0 -1.4 1.6452e+43 2.3525e+42 1.9445e+42 5.8529e+42 2.31e+42 1.2427e+42 6.9727e+42 3.6673e+42 4.6701e+42 3.4924e+42 1.4779e+40 7.2348e+40 4.1947e+40 2.431e+42 1.1081e+40 2.7305e+40 4.3985e+40 2.6092e+40 3.3659e+41 2.2053e+41
-4.0 0.3 100.0 -1.7 1.081e+43 1.8171e+42 1.1952e+42 3.5977e+42 1.3751e+42 8.6294e+41 5.379e+42 2.5465e+42 3.2295e+42 2.4256e+42 1.1967e+40 3.8229e+40 2.507e+40 1.4151e+42 4.6619e+39 1.1487e+40 2.1556e+40 1.281e+40 1.6026e+41 1.0501e+41
-4.0 0.3 100.0 -2.0 6.5593e+42 1.3113e+42 6.6207e+41 1.9928e+42 7.658e+41 5.5526e+41 3.8854e+42 1.6386e+42 2.0646e+42 1.5568e+42 8.7427e+39 2.2394e+40 1.6801e+40 7.4225e+41 1.7594e+39 4.3354e+39 9.5299e+39 5.6861e+39 6.9058e+40 4.5252e+40
-4.0 0.3 1000.0 -1.2 1.9432e+43 2.6232e+42 2.7229e+42 8.1961e+42 3.3083e+42 1.5435e+42 7.7492e+42 4.5549e+42 4.3796e+42 4.5525e+42 1.298e+40 1.2641e+41 6.8467e+40 3.13e+42 2.4394e+40 6.0111e+40 8.6736e+40 5.3618e+40 6.3372e+41 4.2612e+41
-4.0 0.3 1000.0 -1.4 1.6261e+43 2.3722e+42 2.229e+42 6.7092e+42 2.5223e+42 1.3286e+42 6.9799e+42 3.9208e+42 3.6959e+42 3.9122e+42 1.0342e+40 8.4182e+40 4.7774e+40 2.4158e+42 1.6185e+40 3.9882e+40 6.3339e+40 3.9199e+40 4.4541e+41 2.9964e+41
-4.0 0.3 1000.0 -1.7 1.0929e+43 1.8288e+42 1.412e+42 4.2502e+42 1.5079e+42 9.3655e+41 5.3678e+42 2.7638e+42 2.5272e+42 2.7404e+42 5.8594e+39 4.0731e+40 2.5943e+40 1.4043e+42 7.4224e+39 1.829e+40 3.3674e+40 2.0886e+40 2.2492e+41 1.5142e+41
-4.0 0.3 1000.0 -2.0 6.7978e+42 1.3185e+42 8.0792e+41 2.4318e+42 8.4771e+41 6.1288e+41 3.8694e+42 1.8086e+42 1.6071e+42 1.7804e+42 2.3519e+39 2.0421e+40 1.5091e+40 7.3498e+41 3.0549e+39 7.5276e+39 1.6228e+40 1.01e+40 1.0281e+41 6.9263e+40
-4.0 0.3 10000.0 -1.2 1.1976e+43 2.6697e+42 3.13e+42 9.4214e+42 3.9485e+42 1.6261e+42 7.8303e+42 4.7985e+42 2.18e+42 3.5562e+42 1.2249e+39 6.5418e+40 3.6351e+40 3.0631e+42 3.5256e+40 8.6879e+40 1.1953e+41 1.0348e+41 7.9751e+41 6.7158e+41
-4.0 0.3 10000.0 -1.4 1.02e+43 2.4112e+42 2.5858e+42 7.7833e+42 3.012e+42 1.4185e+42 7.0367e+42 4.186e+42 1.7783e+42 2.9645e+42 7.182e+38 3.9588e+40 2.3481e+40 2.3534e+42 2.395e+40 5.9019e+40 9.0795e+40 7.9017e+40 5.7738e+41 4.8791e+41
-4.0 0.3 10000.0 -1.7 7.0739e+42 1.8536e+42 1.6238e+42 4.8876e+42 1.8183e+42 1.025e+42 5.385e+42 3.0249e+42 1.1741e+42 2.0143e+42 2.052e+38 1.7047e+40 1.1481e+40 1.3486e+42 1.0886e+40 2.6826e+40 4.9982e+40 4.385e+40 3.002e+41 2.5494e+41
-4.0 0.3 10000.0 -2.0 4.5696e+42 1.3349e+42 8.8534e+41 2.6649e+42 1.0457e+42 6.9185e+41 3.871e+42 2.0416e+42 7.349e+41 1.2914e+42 3.9671e+37 8.7414e+39 6.03e+39 6.8681e+41 4.2903e+39 1.0573e+40 2.4513e+40 2.1666e+40 1.4127e+41 1.205e+41
-4.0 0.5 100.0 -1.2 1.9717e+43 2.5323e+42 2.2543e+42 6.7856e+42 3.3269e+42 1.703e+42 7.5274e+42 5.0255e+42 7.0466e+42 5.2129e+42 1.9295e+40 1.1738e+41 6.3931e+40 3.1222e+42 2.4926e+40 6.1425e+40 3.1003e+40 1.8372e+40 5.6464e+41 3.6991e+41
-4.0 0.5 100.0 -1.4 1.6792e+43 2.2961e+42 1.853e+42 5.5775e+42 2.517e+42 1.4767e+42 6.7959e+42 4.3577e+42 5.9696e+42 4.4361e+42 1.6901e+40 8.3337e+40 4.7357e+40 2.4132e+42 1.6755e+40 4.1288e+40 2.3053e+40 1.3665e+40 4.0537e+41 2.6558e+41
-4.0 0.5 100.0 -1.7 1.157e+43 1.774e+42 1.1752e+42 3.5373e+42 1.4976e+42 1.053e+42 5.2353e+42 3.1073e+42 4.125e+42 3.0833e+42 1.3044e+40 4.5709e+40 2.8609e+40 1.4059e+42 7.7536e+39 1.9107e+40 1.2484e+40 7.4071e+39 2.1033e+41 1.378e+41
-4.0 0.5 100.0 -2.0 7.3555e+42 1.2793e+42 6.693e+41 2.0146e+42 8.4616e+41 6.9635e+41 3.7728e+42 2.0549e+42 2.6613e+42 1.999e+42 9.2784e+39 2.6182e+40 1.8463e+40 7.3785e+41 3.1972e+39 7.8788e+39 6.0769e+39 3.612e+39 9.8509e+40 6.4544e+40
-4.0 0.5 1000.0 -1.2 1.8425e+43 2.563e+42 2.447e+42 7.3653e+42 3.5475e+42 1.7612e+42 7.5811e+42 5.1973e+42 5.7445e+42 5.6904e+42 1.5571e+40 1.3258e+41 7.1591e+40 3.1076e+42 3.1261e+40 7.7037e+40 3.812e+40 2.3524e+40 6.6388e+41 4.4606e+41
-4.0 0.5 1000.0 -1.4 1.5815e+43 2.3192e+42 2.0394e+42 6.1386e+42 2.678e+42 1.5357e+42 6.8257e+42 4.532e+42 4.7779e+42 4.8444e+42 1.1995e+40 9.3304e+40 5.2268e+40 2.4005e+42 2.1857e+40 5.3863e+40 2.9365e+40 1.8136e+40 4.8906e+41 3.2873e+41
-4.0 0.5 1000.0 -1.7 1.1032e+43 1.7889e+42 1.3212e+42 3.9769e+42 1.5897e+42 1.105e+42 5.244e+42 3.2608e+42 3.2266e+42 3.3748e+42 6.4912e+39 4.7764e+40 2.9271e+40 1.3969e+42 1.0738e+40 2.6462e+40 1.6771e+40 1.0374e+40 2.6348e+41 1.7721e+41
-4.0 0.5 1000.0 -2.0 7.1105e+42 1.2885e+42 7.6949e+41 2.3162e+42 8.9809e+41 7.3823e+41 3.771e+42 2.1785e+42 2.0459e+42 2.1982e+42 2.5612e+39 2.3651e+40 1.6445e+40 7.3182e+41 4.6869e+39 1.155e+40 8.6141e+39 5.34e+39 1.2776e+41 8.5975e+40
-4.0 0.5 10000.0 -1.2 1.0794e+43 2.6206e+42 2.7177e+42 8.1801e+42 4.0189e+42 1.8033e+42 7.718e+42 5.3215e+42 3.0545e+42 4.5674e+42 1.4355e+39 6.8584e+40 3.7541e+40 3.0493e+42 4.1075e+40 1.0122e+41 4.7057e+40 4.0359e+40 7.662e+41 6.4174e+41
-4.0 0.5 10000.0 -1.4 9.3788e+42 2.3668e+42 2.2806e+42 6.8646e+42 3.0318e+42 1.5892e+42 6.9285e+42 4.6898e+42 2.4339e+42 3.7422e+42 8.1296e+38 4.2979e+40 2.4725e+40 2.3446e+42 2.9183e+40 7.1917e+40 3.7456e+40 3.227e+40 5.7712e+41 4.849e+41
-4.0 0.5 10000.0 -1.7 6.71e+42 1.8194e+42 1.4616e+42 4.3995e+42 1.8098e+42 1.168e+42 5.2942e+42 3.4466e+42 1.5621e+42 2.4968e+42 2.2244e+38 1.8157e+40 1.1495e+40 1.3455e+42 1.404e+40 3.4599e+40 2.2043e+40 1.9125e+40 3.1686e+41 2.6743e+41
-4.0 0.5 10000.0 -2.0 4.4684e+42 1.3103e+42 8.0963e+41 2.437e+42 1.0381e+42 8.022e+41 3.8002e+42 2.3673e+42 9.5828e+41 1.5853e+42 4.2016e+37 8.3988e+39 5.3117e+39 6.8676e+41 5.7593e+39 1.4194e+40 1.1501e+40 1.0044e+40 1.5631e+41 1.3244e+41
-5.0 0.1 100.0 -1.2 4.0723e+42 2.305e+42 1.248e+41 3.7564e+41 9.7109e+41 4.8373e+41 7.0735e+42 1.4275e+42 2.9311e+42 2.1687e+42 7.4515e+38 7.6918e+39 4.5158e+39 7.3182e+41 5.4245e+38 1.337e+39 4.3369e+39 2.5724e+39 2.1339e+40 1.3983e+40
-5.0 0.1 100.0 -1.4 3.2151e+42 2.1833e+42 1.0005e+41 3.0116e+41 7.2139e+41 4.0669e+41 6.7085e+42 1.2001e+42 2.4389e+42 1.8107e+42 7.2322e+38 7.2408e+39 4.4013e+39 5.5494e+41 3.3158e+38 8.1724e+38 2.863e+39 1.6996e+39 1.3647e+40 8.9429e+39
-5.0 0.1 100.0 -1.7 1.9431e+42 1.7608e+42 6.0893e+40 1.8329e+41 3.9905e+41 2.7099e+41 5.4257e+42 7.9968e+41 1.5975e+42 1.1921e+42 5.9944e+38 6.516e+39 4.0702e+39 3.1245e+41 1.3298e+38 3.2775e+38 1.2929e+39 7.6955e+38 5.9431e+39 3.8951e+39
-5.0 0.1 100.0 -2.0 1.0663e+42 1.306e+42 3.3118e+40 9.9684e+40 2.0138e+41 1.6436e+41 4.0396e+42 4.8502e+41 9.5303e+41 7.1479e+41 4.0944e+38 5.7149e+39 3.5809e+39 1.5789e+41 4.7339e+37 1.1668e+38 5.2008e+38 3.116e+38 2.3312e+39 1.5281e+39
-5.0 0.1 1000.0 -1.2 5.3528e+42 2.3108e+42 1.4723e+41 4.4315e+41 1.5155e+42 6.2267e+41 6.9936e+42 1.8375e+42 2.9311e+42 3.0902e+42 5.3732e+38 8.3397e+39 4.8213e+39 7.3396e+41 8.154e+38 2.0097e+39 7.1694e+39 4.4398e+39 3.4298e+40 2.3096e+40
-5.0 0.1 1000.0 -1.4 4.4085e+42 2.1866e+42 1.2095e+41 3.6407e+41 1.1713e+42 5.3789e+41 6.6199e+42 1.5873e+42 2.4722e+42 2.6472e+42 4.2973e+38 7.5043e+39 4.4782e+39 5.5686e+41 5.3508e+38 1.3188e+39 5.0838e+39 3.1526e+39 2.3415e+40 1.5778e+40
-5.0 0.1 1000.0 -1.7 2.8499e+42 1.7615e+42 7.658e+40 2.305e+41 6.909e+41 3.7443e+41 5.3408e+42 1.105e+42 1.6596e+42 1.8178e+42 2.1991e+38 6.076e+39 3.681e+39 3.1371e+41 2.4107e+38 5.9416e+38 2.5866e+39 1.6082e+39 1.1341e+40 7.6491e+39
-5.0 0.1 1000.0 -2.0 1.6816e+42 1.3053e+42 4.3473e+40 1.3085e+41 3.7425e+41 2.3823e+41 3.9668e+42 7.0303e+41 1.0209e+42 1.1422e+42 7.8458e+37 4.4714e+39 2.6356e+39 1.5849e+41 9.726e+37 2.3972e+38 1.1887e+39 7.4222e+38 4.9909e+39 3.3692e+39
-5.0 0.1 10000.0 -1.2 4.5777e+42 2.3251e+42 1.7656e+41 5.3144e+41 2.7522e+42 7.8824e+41 6.8951e+42 2.3261e+42 1.8942e+42 3.2428e+42 3.5664e+37 4.2098e+39 2.2379e+39 7.3089e+41 1.2975e+39 3.1979e+39 1.2399e+40 1.0804e+40 5.7206e+40 4.8359e+40
-5.0 0.1 10000.0 -1.4 3.8728e+42 2.1964e+42 1.4675e+41 4.4172e+41 2.198e+42 6.9446e+41 6.5097e+42 2.0494e+42 1.5893e+42 2.7602e+42 2.1307e+37 3.2245e+39 1.7169e+39 5.5349e+41 8.8173e+38 2.1732e+39 9.2219e+39 8.084e+39 4.0873e+40 3.4704e+40
-5.0 0.1 10000.0 -1.7 2.616e+42 1.7673e+42 9.2853e+40 2.7949e+41 1.3665e+42 4.9923e+41 5.2392e+42 1.4732e+42 1.0624e+42 1.8848e+42 6.2061e+36 1.7722e+39 9.3003e+38 3.0995e+41 4.0207e+38 9.9098e+38 4.952e+39 4.3796e+39 2.0994e+40 1.7937e+40
-5.0 0.1 10000.0 -2.0 1.6155e+42 1.3085e+42 5.1082e+40 1.5376e+41 7.8104e+41 3.2846e+41 3.8833e+42 9.6929e+41 6.5312e+41 1.1821e+42 1.2205e+36 8.1824e+38 4.2132e+38 1.5451e+41 1.5799e+38 3.8939e+38 2.363e+39 2.1077e+39 9.7421e+39 8.3717e+39
-5.0 0.3 100.0 -1.2 9.3651e+42 2.2381e+42 1.4126e+41 4.2519e+41 3.2552e+42 9.6273e+41 6.7022e+42 2.841e+42 7.0716e+42 5.158e+42 8.073e+38 7.4002e+39 4.1024e+39 7.4243e+41 8.8931e+38 2.1919e+39 5.1443e+39 3.0489e+39 4.3412e+40 2.8438e+40
-5.0 0.3 100.0 -1.4 7.9935e+42 2.1211e+42 1.1674e+41 3.5138e+41 2.5912e+42 8.4763e+41 6.3533e+42 2.5014e+42 6.0991e+42 4.4612e+42 7.6378e+38 6.7784e+39 3.8562e+39 5.6406e+41 5.8699e+38 1.4468e+39 3.7219e+39 2.2067e+39 3.0524e+40 1.9996e+40
-5.0 0.3 100.0 -1.7 5.45e+42 1.7142e+42 7.4361e+40 2.2383e+41 1.5956e+42 6.0757e+41 5.1423e+42 1.7929e+42 4.2411e+42 3.1151e+42 6.1875e+38 5.8197e+39 3.3939e+39 3.1878e+41 2.6485e+38 6.5277e+38 1.9476e+39 1.1559e+39 1.5412e+40 1.0097e+40
-5.0 0.3 100.0 -2.0 3.3852e+42 1.2731e+42 4.2403e+40 1.2763e+41 8.9912e+41 3.9788e+41 3.828e+42 1.1741e+42 2.7006e+42 1.9917e+42 4.2191e+38 4.944e+39 2.9018e+39 1.6166e+41 1.0705e+38 2.6385e+38 9.2344e+38 5.4913e+38 7.0686e+39 4.6312e+39
-5.0 0.3 1000.0 -1.2 9.8034e+42 2.2469e+42 1.5594e+41 4.6937e+41 3.9061e+42 1.0571e+42 6.6736e+42 3.1194e+42 6.3973e+42 6.2125e+42 5.9473e+38 7.9822e+39 4.3819e+39 7.4154e+41 1.1883e+39 2.9289e+39 7.1816e+39 4.4333e+39 5.7424e+40 3.856e+40
-5.0 0.3 1000.0 -1.4 8.4943e+42 2.1263e+42 1.3065e+41 3.9324e+41 3.1675e+42 9.4008e+41 6.3124e+42 2.7742e+42 5.4997e+42 5.422e+42 4.6585e+38 7.0275e+39 3.9466e+39 5.6325e+41 8.2141e+38 2.0245e+39 5.4362e+39 3.3591e+39 4.1808e+40 2.8089e+40
-5.0 0.3 1000.0 -1.7 5.9344e+42 1.7166e+42 8.5012e+40 2.5589e+41 2.0017e+42 6.8491e+41 5.0996e+42 2.0212e+42 3.8094e+42 3.8405e+42 2.3505e+38 5.4071e+39 3.0857e+39 3.1836e+41 3.9807e+38 9.8114e+38 3.0524e+39 1.8893e+39 2.227e+40 1.4973e+40
-5.0 0.3 1000.0 -2.0 3.7811e+42 1.2739e+42 4.9504e+40 1.4901e+41 1.1577e+42 4.5632e+41 3.7899e+42 1.3466e+42 2.4217e+42 2.495e+42 8.3682e+37 3.7899e+39 2.133e+39 1.6136e+41 1.7217e+38 4.2436e+38 1.5525e+39 9.6299e+38 1.0758e+40 7.2384e+39
-5.0 0.3 10000.0 -1.2 7.0322e+42 2.2613e+42 1.7805e+41 5.3592e+41 5.2361e+42 1.1609e+42 6.634e+42 3.4259e+42 3.8473e+42 5.9547e+42 3.9535e+37 3.8839e+39 2.0224e+39 7.3424e+41 1.7381e+39 4.2839e+39 1.1022e+40 9.4292e+39 8.2495e+40 6.8499e+40
-5.0 0.3 10000.0 -1.4 6.1883e+42 2.138e+42 1.5058e+41 4.5324e+41 4.3206e+42 1.0457e+42 6.2636e+42 3.0859e+42 3.2561e+42 5.1258e+42 2.3014e+37 2.8755e+39 1.5004e+39 5.5687e+41 1.2385e+39 3.0524e+39 8.7725e+39 7.5407e+39 6.2526e+40 5.2104e+40
-5.0 0.3 10000.0 -1.7 4.4238e+42 1.7223e+42 9.7655e+40 2.9394e+41 2.8203e+42 7.7657e+41 5.0417e+42 2.2917e+42 2.2049e+42 3.5623e+42 6.5277e+36 1.4871e+39 7.6984e+38 3.1265e+41 6.0612e+38 1.4939e+39 5.239e+39 4.5339e+39 3.5048e+40 2.9353e+40
-5.0 0.3 10000.0 -2.0 2.8867e+42 1.2766e+42 5.5068e+40 1.6575e+41 1.691e+42 5.2765e+41 3.7381e+42 1.5571e+42 1.3732e+42 2.2766e+42 1.2693e+36 6.585e+38 3.3673e+38 1.5634e+41 2.5649e+38 6.3217e+38 2.8013e+39 2.4391e+39 1.7713e+40 1.4904e+40
-5.0 0.5 100.0 -1.2 1.1886e+43 2.1635e+42 1.3248e+41 3.9875e+41 5.1943e+42 1.3573e+42 6.4233e+42 4.0054e+42 1.1658e+43 8.4347e+42 8.9371e+38 6.7556e+39 3.5861e+39 7.4018e+41 1.2413e+39 3.0594e+39 3.0927e+39 1.832e+39 6.1697e+40 4.0407e+40
-5.0 0.5 100.0 -1.4 1.0618e+43 2.0538e+42 1.1192e+41 3.3689e+41 4.3065e+42 1.2273e+42 6.0899e+42 3.6217e+42 1.0212e+43 7.4084e+42 8.2232e+38 6.0402e+39 3.2587e+39 5.6341e+41 8.7709e+38 2.1618e+39 2.4429e+39 1.4474e+39 4.6732e+40 3.0607e+40
-5.0 0.5 100.0 -1.7 7.749e+42 1.6629e+42 7.349e+40 2.212e+41 2.8344e+42 9.1637e+41 4.9281e+42 2.7042e+42 7.2901e+42 5.3094e+42 6.4599e+38 4.9098e+39 2.6998e+39 3.1943e+41 4.353e+38 1.0729e+39 1.4552e+39 8.6256e+38 2.6277e+40 1.721e+40
-5.0 0.5 100.0 -2.0 5.1444e+42 1.2368e+42 4.3043e+40 1.2956e+41 1.7147e+42 6.2507e+41 3.6671e+42 1.8446e+42 4.7812e+42 3.495e+42 4.3575e+38 3.9849e+39 2.2092e+39 1.6253e+41 1.9178e+38 4.7269e+38 7.8203e+38 4.6387e+38 1.333e+40 8.7311e+39
-5.0 0.5 1000.0 -1.2 1.1348e+43 2.1761e+42 1.4079e+41 4.2377e+41 5.6813e+42 1.4005e+42 6.4292e+42 4.1327e+42 1.0387e+43 9.5065e+42 6.7349e+38 7.1977e+39 3.8017e+39 7.3828e+41 1.5055e+39 3.7106e+39 3.7251e+39 2.2936e+39 7.1512e+40 4.7934e+40
-5.0 0.5 1000.0 -1.4 1.0193e+43 2.0634e+42 1.2006e+41 3.6139e+41 4.723e+42 1.2715e+42 6.0855e+42 3.7521e+42 9.0047e+42 8.3647e+42 5.1703e+38 6.2375e+39 3.3402e+39 5.6186e+41 1.0985e+39 2.7076e+39 3.022e+39 1.8619e+39 5.5194e+40 3.7009e+40
-5.0 0.5 1000.0 -1.7 7.5047e+42 1.6677e+42 7.9956e+40 2.4067e+41 3.1266e+42 9.5558e+41 4.9119e+42 2.8199e+42 6.3385e+42 6.019e+42 2.5612e+38 4.5729e+39 2.48e+39 3.1826e+41 5.7216e+38 1.4102e+39 1.8718e+39 1.1545e+39 3.1897e+40 2.14e+40
-5.0 0.5 1000.0 -2.0 5.0307e+42 1.2391e+42 4.7463e+40 1.4286e+41 1.9035e+42 6.5651e+41 3.6489e+42 1.9374e+42 4.1035e+42 3.9805e+42 9.0871e+37 3.0401e+39 1.6413e+39 1.6175e+41 2.6299e+38 6.482e+38 1.043e+39 6.4406e+38 1.6594e+40 1.1139e+40
-5.0 0.5 10000.0 -1.2 7.3512e+42 2.1975e+42 1.5388e+41 4.6317e+41 6.5622e+42 1.4244e+42 6.4497e+42 4.2033e+42 6.312e+42 8.796e+42 4.6182e+37 3.4595e+39 1.7743e+39 7.3034e+41 1.9786e+39 4.8767e+39 4.848e+39 4.0932e+39 8.8433e+40 7.264e+40
-5.0 0.5 10000.0 -1.4 6.6493e+42 2.0793e+42 1.3223e+41 3.9802e+41 5.4838e+42 1.3035e+42 6.0861e+42 3.8466e+42 5.3442e+42 7.59e+42 2.6078e+37 2.508e+39 1.2883e+39 5.5452e+41 1.4785e+39 3.6441e+39 4.1048e+39 3.4781e+39 7.0393e+40 5.7992e+40
-5.0 0.5 10000.0 -1.7 4.9598e+42 1.6766e+42 8.7656e+40 2.6385e+41 3.6648e+42 9.9248e+41 4.8937e+42 2.9288e+42 3.6335e+42 5.3146e+42 7.0955e+36 1.222e+39 6.255e+38 3.1198e+41 7.7094e+38 1.9001e+39 2.6895e+39 2.2902e+39 4.2389e+40 3.5061e+40
-5.0 0.5 10000.0 -2.0 3.3777e+42 1.2437e+42 5.0375e+40 1.5163e+41 2.2599e+42 6.9173e+41 3.6245e+42 2.0413e+42 2.2781e+42 3.4337e+42 1.346e+36 5.1166e+38 2.6013e+38 1.5641e+41 3.4369e+38 8.471e+38 1.5744e+39 1.3464e+39 2.2913e+40 1.9019e+40
-1.0 0.1 100.0 -1.2 1.0059e+42 9.0949e+41 4.732e+42 1.4243e+43 5.287e+41 9.2707e+40 2.62e+42 2.7358e+41 2.0537e+41 1.4727e+41 8.4962e+41 2.3886e+42 1.2723e+42 4.2235e+42 3.0969e+41 7.3953e+41 1.3188e+41 7.8321e+40 1.3527e+42 8.86e+41
-1.0 0.1 100.0 -1.4 5.7222e+41 7.9912e+41 4.8198e+42 1.4508e+43 2.2655e+41 4.3593e+40 2.2696e+42 1.2864e+41 1.2254e+41 8.8517e+40 5.1012e+41 1.7883e+42 9.3577e+41 3.2706e+42 2.0515e+41 4.8318e+41 9.0538e+40 5.4068e+40 9.1689e+41 6.0062e+41
-1.0 0.1 100.0 -1.7 3.346e+41 7.1379e+41 4.0169e+42 1.2091e+43 3.2021e+40 1.5496e+40 2.0386e+42 4.5729e+40 4.7725e+40 3.5615e+40 1.9942e+41 9.1123e+41 4.5456e+41 1.934e+42 8.1766e+40 1.8998e+41 5.2037e+40 3.172e+40 4.8319e+41 3.1664e+41
-1.0 0.1 100.0 -2.0 2.5854e+41 6.4024e+41 2.7118e+42 8.1625e+42 8.5766e+39 1.0674e+40 1.8559e+42 3.1498e+40 2.7671e+40 2.1347e+40 6.4006e+40 3.9407e+41 1.988e+41 1.023e+42 2.9206e+40 6.7274e+40 3.2088e+40 2.0548e+40 2.5247e+41 1.6558e+41
-1.0 0.1 1000.0 -1.2 3.042e+42 2.211e+42 1.5705e+43 4.7271e+43 1.4222e+42 3.2386e+41 6.3572e+42 9.5572e+41 5.7993e+41 5.1559e+41 4.064e+41 5.3161e+42 2.5381e+42 5.5523e+42 4.9036e+41 1.1797e+42 3.9532e+41 2.4412e+41 4.2684e+42 2.8631e+42
-1.0 0.1 1000.0 -1.4 2.1888e+42 1.998e+42 1.2633e+43 3.8025e+43 6.1759e+41 1.8337e+41 5.7457e+42 5.4113e+41 3.3245e+41 3.1234e+41 1.5381e+41 2.8025e+42 1.3577e+42 4.0318e+42 2.5171e+41 6.0477e+41 2.8362e+41 1.7613e+41 2.6746e+42 1.7966e+42
-1.0 0.1 1000.0 -1.7 1.5842e+42 1.6114e+42 7.7167e+42 2.3227e+43 1.2986e+41 9.0115e+40 4.6643e+42 2.6593e+41 1.4672e+41 1.61e+41 3.8073e+40 7.2334e+41 3.6824e+41 2.1731e+42 7.7943e+40 1.8765e+41 1.6369e+41 1.0303e+41 1.1508e+42 7.7455e+41
-1.0 0.1 1000.0 -2.0 1.2468e+42 1.2247e+42 4.2591e+42 1.282e+43 5.5079e+40 6.8635e+40 3.5678e+42 2.0254e+41 9.8948e+40 1.1941e+41 1.8317e+40 1.4614e+41 8.3546e+40 1.0766e+42 2.2579e+40 5.4614e+40 8.7474e+40 5.6367e+40 4.4161e+41 2.9774e+41
-1.0 0.1 10000.0 -1.2 7.2673e+42 3.1115e+42 1.508e+43 4.539e+43 3.3231e+42 1.0518e+42 9.0828e+42 3.1037e+42 8.2763e+41 1.2562e+42 1.3822e+40 7.0902e+41 3.6892e+41 5.0363e+42 2.1873e+41 5.3722e+41 7.3728e+41 6.3619e+41 3.5404e+42 2.9887e+42
-1.0 0.1 10000.0 -1.4 5.7392e+42 2.6699e+42 1.1567e+43 3.4816e+43 1.662e+42 7.35e+41 7.753e+42 2.169e+42 4.9839e+41 8.1089e+41 9.1605e+39 2.9346e+41 1.5681e+41 3.6985e+42 1.2015e+41 2.9518e+41 5.049e+41 4.4017e+41 2.1262e+42 1.8073e+42
-1.0 0.1 10000.0 -1.7 4.179e+42 1.9783e+42 6.4121e+42 1.93e+43 6.3821e+41 4.9529e+41 5.7275e+42 1.4616e+42 2.8435e+41 5.119e+41 2.7038e+39 6.151e+40 3.7291e+40 1.9977e+42 3.9654e+40 9.7502e+40 2.2862e+41 2.0235e+41 8.4032e+41 7.2006e+41
-1.0 0.1 10000.0 -2.0 3.0656e+42 1.3994e+42 3.0669e+42 9.2315e+42 3.3456e+41 3.8088e+41 4.0584e+42 1.124e+42 2.0014e+41 3.8161e+41 4.0785e+38 1.8758e+40 1.421e+40 9.7149e+41 1.1895e+40 2.9274e+40 8.9381e+40 8.0156e+40 3.1504e+41 2.7151e+41
-1.0 0.3 100.0 -1.2 1.6192e+42 6.5481e+41 1.5018e+42 4.5206e+42 8.8681e+41 1.7442e+41 2.0404e+42 5.147e+41 3.0085e+41 2.1354e+41 8.6841e+41 1.001e+42 7.2907e+41 2.7292e+42 1.5459e+41 3.7777e+41 3.1392e+40 1.8588e+40 1.0211e+42 6.6869e+41
-1.0 0.3 100.0 -1.4 8.8419e+41 4.8637e+41 1.7374e+42 5.2297e+42 5.1004e+41 9.4917e+40 1.4495e+42 2.801e+41 1.939e+41 1.3781e+41 6.2222e+41 8.5223e+41 5.8405e+41 2.2655e+42 1.4602e+41 3.5566e+41 3.6049e+40 2.1365e+40 8.657e+41 5.6695e+41
-1.0 0.3 100.0 -1.7 3.8521e+41 3.5853e+41 1.9947e+42 6.0039e+42 1.696e+41 3.2123e+40 1.0215e+42 9.4794e+40 9.3768e+40 6.7343e+40 2.9487e+41 5.5379e+41 3.4913e+41 1.5157e+42 1.0051e+41 2.4279e+41 3.0121e+40 1.7943e+40 5.5529e+41 3.6373e+41
-1.0 0.3 100.0 -2.0 2.4261e+41 3.1973e+41 1.769e+42 5.3247e+42 3.7806e+40 1.3263e+40 9.1137e+41 3.9138e+40 4.3378e+40 3.2017e+40 1.0695e+41 2.7116e+41 1.6432e+41 8.86e+41 4.2623e+40 1.0203e+41 1.9035e+40 1.1543e+40 2.903e+41 1.9021e+41
-1.0 0.3 1000.0 -1.2 3.3256e+42 1.6438e+42 1.0766e+43 3.2405e+43 2.0092e+42 3.7162e+41 4.7837e+42 1.0967e+42 8.5875e+41 7.2209e+41 6.4701e+41 2.6969e+42 1.5096e+42 5.0662e+42 5.4005e+41 1.314e+42 2.0492e+41 1.2596e+41 4.1211e+42 2.7602e+42
-1.0 0.3 1000.0 -1.4 2.332e+42 1.4535e+42 9.5441e+42 2.8728e+43 1.0494e+42 2.2461e+41 4.1795e+42 6.6283e+41 5.3344e+41 4.6283e+41 2.7185e+41 1.7689e+42 9.1615e+41 3.7705e+42 3.1742e+41 7.7107e+41 1.6096e+41 9.9305e+40 2.7765e+42 1.8622e+42
-1.0 0.3 1000.0 -1.7 1.6103e+42 1.2094e+42 6.516e+42 1.9613e+43 3.1748e+41 1.1677e+41 3.4823e+42 3.446e+41 2.4629e+41 2.3699e+41 5.7524e+40 6.407e+41 3.4019e+41 2.0938e+42 1.1033e+41 2.6791e+41 1.0128e+41 6.3022e+40 1.2746e+42 8.566e+41
-1.0 0.3 1000.0 -2.0 1.2607e+42 9.7177e+41 3.8655e+42 1.1635e+43 9.1158e+40 7.8585e+40 2.8201e+42 2.319e+41 1.3287e+41 1.4696e+41 2.0521e+40 1.6659e+41 9.672e+40 1.0536e+42 3.4118e+40 8.3011e+40 5.8683e+40 3.706e+40 5.1341e+41 3.4565e+41
-1.0 0.3 10000.0 -1.2 7.2715e+42 2.8851e+42 1.3902e+43 4.1844e+43 4.356e+42 1.2084e+42 8.4384e+42 3.5659e+42 1.4079e+42 1.9302e+42 1.6207e+40 7.0042e+41 3.9299e+41 4.9917e+42 2.6679e+41 6.5571e+41 4.3443e+41 3.7127e+41 3.4716e+42 2.9107e+42
-1.0 0.3 10000.0 -1.4 5.8031e+42 2.4871e+42 1.0868e+43 3.2713e+43 2.3295e+42 8.766e+41 7.2263e+42 2.5868e+42 8.4406e+41 1.2262e+42 9.8845e+39 3.1258e+41 1.7635e+41 3.675e+42 1.5231e+41 3.7443e+41 3.0904e+41 2.6669e+41 2.1546e+42 1.8189e+42
-1.0 0.3 10000.0 -1.7 4.3016e+42 1.868e+42 6.183e+42 1.8611e+43 9.1073e+41 5.8609e+41 5.4109e+42 1.7296e+42 4.3784e+41 7.0947e+41 2.7949e+39 6.9838e+40 4.2077e+40 1.9916e+42 5.2643e+40 1.295e+41 1.4833e+41 1.2985e+41 8.9005e+41 7.5755e+41
-1.0 0.3 10000.0 -2.0 3.256e+42 1.3432e+42 3.0372e+42 9.1421e+42 4.2974e+41 4.4246e+41 3.8918e+42 1.3057e+42 2.7946e+41 4.925e+41 4.2068e+38 2.0174e+40 1.4741e+40 9.7112e+41 1.6623e+40 4.0922e+40 6.2602e+40 5.5435e+40 3.5361e+41 3.0257e+41
-1.0 0.5 100.0 -1.2 1.4503e+42 5.7729e+41 6.8632e+41 2.0658e+42 8.009e+41 1.981e+41 1.8826e+42 5.8459e+41 3.5127e+41 2.4827e+41 8.2195e+41 7.5454e+41 5.6318e+41 2.0542e+42 7.4723e+40 1.8342e+41 4.4959e+39 2.6612e+39 6.0319e+41 3.9498e+41
-1.0 0.5 100.0 -1.4 8.3042e+41 4.1477e+41 7.9897e+41 2.4049e+42 4.939e+41 1.1534e+41 1.2978e+42 3.4036e+41 2.2757e+41 1.6084e+41 6.659e+41 6.7636e+41 5.1735e+41 1.7523e+42 7.802e+40 1.9129e+41 5.849e+39 3.4633e+39 5.6118e+41 3.675e+41
-1.0 0.5 100.0 -1.7 3.635e+41 2.7098e+41 1.0306e+42 3.1021e+42 1.966e+41 4.2658e+40 7.9478e+41 1.2588e+41 1.1418e+41 8.119e+40 3.8801e+41 4.6857e+41 3.6559e+41 1.2452e+42 7.9087e+40 1.9328e+41 8.3446e+39 4.9493e+39 4.7857e+41 3.1344e+41
-1.0 0.5 100.0 -2.0 2.1481e+41 2.1646e+41 1.1371e+42 3.4228e+42 6.2216e+40 1.6754e+40 6.1505e+41 4.9441e+40 5.9434e+40 4.3036e+40 1.6586e+41 2.6514e+41 1.9988e+41 7.7723e+41 5.2292e+40 1.2717e+41 7.2987e+39 4.3571e+39 3.1624e+41 2.0716e+41
-1.0 0.5 1000.0 -1.2 2.8583e+42 1.3894e+42 6.8983e+42 2.0764e+43 1.8977e+42 3.9579e+41 4.1454e+42 1.168e+42 1.0084e+42 8.211e+41 9.2171e+41 2.2524e+42 1.75e+42 4.6525e+42 4.8281e+41 1.1818e+42 6.0383e+40 3.7016e+40 3.4261e+42 2.2923e+42
-1.0 0.5 1000.0 -1.4 2.0396e+42 1.1744e+42 6.7183e+42 2.0222e+43 1.0791e+42 2.3904e+41 3.4118e+42 7.0541e+41 6.7105e+41 5.586e+41 4.4155e+41 1.4875e+42 1.1429e+42 3.5307e+42 3.4713e+41 8.4875e+41 5.621e+40 3.4538e+40 2.6284e+42 1.7605e+42
-1.0 0.5 1000.0 -1.7 1.4255e+42 9.6616e+41 5.187e+42 1.5613e+43 3.9185e+41 1.2809e+41 2.7724e+42 3.7801e+41 3.42e+41 3.0731e+41 9.5771e+40 6.1784e+41 4.5689e+41 2.013e+42 1.466e+41 3.5815e+41 4.0634e+40 2.5104e+40 1.3651e+42 9.1609e+41
-1.0 0.5 1000.0 -2.0 1.1302e+42 7.9993e+41 3.325e+42 1.0008e+43 1.352e+41 8.8612e+40 2.3056e+42 2.6149e+41 1.8668e+41 1.8873e+41 2.5325e+40 2.0911e+41 1.4471e+41 1.0289e+42 5.0469e+40 1.2337e+41 2.5713e+40 1.6024e+40 5.9238e+41 3.9822e+41
-1.0 0.5 10000.0 -1.2 6.2171e+42 2.6898e+42 1.173e+43 3.5307e+43 4.293e+42 1.2382e+42 7.9111e+42 3.654e+42 1.9923e+42 2.5085e+42 2.101e+40 8.0174e+41 4.4521e+41 4.9348e+42 3.0838e+41 7.5853e+41 1.6069e+41 1.3584e+41 3.2717e+42 2.7243e+42
-1.0 0.5 10000.0 -1.4 5.079e+42 2.3246e+42 9.4212e+42 2.8358e+43 2.426e+42 9.4218e+41 6.767e+42 2.7804e+42 1.2413e+42 1.6411e+42 1.1491e+40 3.815e+41 2.0961e+41 3.6417e+42 1.8692e+41 4.5985e+41 1.2036e+41 1.0267e+41 2.1292e+42 1.7845e+42
-1.0 0.5 10000.0 -1.7 3.8666e+42 1.7664e+42 5.5214e+42 1.6619e+43 1.0094e+42 6.5893e+41 5.114e+42 1.9445e+42 6.3787e+41 9.3678e+41 2.9998e+39 8.5651e+40 4.9752e+40 1.9802e+42 6.8177e+40 1.678e+41 6.1148e+40 5.2892e+40 9.1533e+41 7.7381e+41
-1.0 0.5 10000.0 -2.0 3.0026e+42 1.2863e+42 2.7667e+42 8.3278e+42 4.7492e+41 5.016e+41 3.7222e+42 1.4802e+42 3.9654e+41 6.3395e+41 4.4357e+38 2.24e+40 1.5584e+40 9.6827e+41 2.2155e+40 5.4556e+40 2.7043e+40 2.3659e+40 3.7242e+41 3.1669e+41
