# log(Us)  xid nh alpha [OII]3727 Hbeta [OIII]4959 [OIII]5007 [OI]6300 [NII]6548 Halpha [NII]6584 [SII]6717 [SII]6731 NV1240 CIV1548 CIV1551 HeII1640 OIII]1661 OIII]1666 [SiIII]1883 SiIII]1888 [CIII]1907 CIII]1910 
-1.0 0.1 100.0 -1.2 2.1323e+41 4.0576e+41 2.443e+42 7.3534e+42 5.4467e+40 1.203e+41 1.1682e+42 3.55e+41 7.2181e+40 5.3792e+40 1.0565e+42 7.3752e+41 4.8825e+41 3.039e+42 1.8419e+40 4.2596e+40 9.1913e+39 5.6298e+39 2.1473e+41 1.4074e+41
-1.0 0.1 100.0 -1.4 1.0833e+41 4.032e+41 2.1026e+42 6.3287e+42 8.9889e+39 5.2602e+40 1.172e+42 1.5523e+41 3.5116e+40 2.6919e+40 5.434e+41 4.158e+41 2.7852e+41 2.5437e+42 8.7249e+39 1.9817e+40 3.5975e+39 2.5157e+39 1.062e+41 6.9653e+40
-1.0 0.1 100.0 -1.7 6.8366e+40 4.2187e+41 1.2841e+42 3.8653e+42 1.6551e+39 2.785e+40 1.2645e+42 8.2185e+40 1.7401e+40 1.3739e+40 1.3165e+41 1.4514e+41 8.5007e+40 1.7471e+42 2.2963e+39 5.0572e+39 5.7762e+38 1.296e+39 2.5281e+40 1.6742e+40
-1.0 0.1 100.0 -2.0 5.6442e+40 4.409e+41 4.0721e+41 1.2257e+42 1.0039e+39 1.8435e+40 1.3793e+42 5.44e+40 1.1139e+40 8.8205e+39 3.0057e+40 4.1477e+40 2.8813e+40 1.0713e+42 6.2001e+38 1.3306e+39 8.1776e+37 1.8272e+39 3.5382e+39 2.6927e+39
-1.0 0.1 1000.0 -1.2 1.1705e+42 1.605e+42 1.337e+43 4.0245e+43 2.2614e+41 6.87e+41 4.7377e+42 2.0273e+42 3.033e+41 3.309e+41 1.2213e+41 7.5289e+41 3.7021e+41 5.0875e+42 5.4626e+40 1.2598e+41 4.1916e+40 2.7594e+40 8.5758e+41 5.8047e+41
-1.0 0.1 1000.0 -1.4 7.35e+41 1.5189e+42 8.1082e+42 2.4406e+43 5.4259e+40 4.0926e+41 4.5374e+42 1.2077e+42 1.5054e+41 1.8267e+41 3.1158e+40 1.4259e+41 7.6661e+40 3.7605e+42 1.333e+40 3.0675e+40 1.6156e+40 1.217e+40 2.6311e+41 1.7874e+41
-1.0 0.1 1000.0 -1.7 4.0925e+41 1.2951e+42 2.8874e+42 8.6909e+42 1.4637e+40 2.5755e+41 3.943e+42 7.6003e+41 7.6971e+40 1.03e+41 2.155e+40 3.4502e+40 2.4368e+40 2.0772e+42 1.165e+39 2.6972e+39 2.9705e+39 4.6534e+39 2.9597e+40 2.043e+40
-1.0 0.1 1000.0 -2.0 2.1239e+41 1.0326e+42 7.8926e+41 2.3757e+42 5.7412e+39 1.6053e+41 3.1935e+42 4.7372e+41 4.4541e+40 6.1099e+40 1.5892e+40 1.9102e+40 1.5429e+40 1.0415e+42 1.9197e+38 4.4948e+38 3.6244e+38 3.195e+39 2.148e+39 1.7098e+39
-1.0 0.1 10000.0 -1.2 3.4215e+42 2.8039e+42 1.4785e+43 4.4503e+43 9.6105e+41 4.0734e+42 8.3563e+42 1.2021e+43 5.5345e+41 1.0203e+42 1.5666e+40 6.5741e+40 3.9247e+40 4.6835e+42 2.0957e+40 5.1022e+40 9.7453e+40 9.3601e+40 5.0094e+41 4.5444e+41
-1.0 0.1 10000.0 -1.4 2.2861e+42 2.4532e+42 9.7602e+42 2.9378e+43 3.4489e+41 2.9339e+42 7.3254e+42 8.6579e+42 3.2483e+41 6.3505e+41 1.4554e+40 3.0683e+40 2.153e+40 3.4431e+42 7.9906e+39 1.9488e+40 4.6355e+40 4.5698e+40 2.1083e+41 1.9312e+41
-1.0 0.1 10000.0 -1.7 1.3149e+42 1.8545e+42 4.3616e+42 1.3128e+43 1.16e+41 2.0448e+42 5.5552e+42 6.0343e+42 1.9505e+41 4.0152e+41 9.4594e+39 1.5807e+40 1.3618e+40 1.8679e+42 1.548e+39 3.7864e+39 1.1326e+40 1.1977e+40 4.7638e+40 4.4229e+40
-1.0 0.1 10000.0 -2.0 7.4396e+41 1.33e+42 1.6414e+42 4.9406e+42 5.5867e+40 1.4321e+42 3.9995e+42 4.2262e+42 1.3623e+41 2.8361e+41 2.7514e+39 1.1359e+40 1.0045e+40 9.1067e+41 2.6729e+38 6.5593e+38 2.0937e+39 2.5853e+39 9.683e+39 9.1075e+39
-1.0 0.3 100.0 -1.2 2.2347e+42 2.2985e+41 1.8004e+42 5.4193e+42 6.6493e+41 9.4144e+41 6.789e+41 2.7782e+42 2.8086e+41 2.0328e+41 1.1805e+42 6.9011e+41 4.7928e+41 1.6943e+42 7.4994e+40 1.8147e+41 1.7236e+40 1.0211e+40 7.5187e+41 4.9256e+41
-1.0 0.3 100.0 -1.4 1.007e+42 1.938e+41 1.5755e+42 4.7424e+42 3.7088e+41 5.0549e+41 5.5745e+41 1.4917e+42 1.7887e+41 1.2968e+41 6.5082e+41 4.6342e+41 3.2289e+41 1.5e+42 3.8458e+40 9.251e+40 9.3166e+39 5.5335e+39 4.024e+41 2.6366e+41
-1.0 0.3 100.0 -1.7 2.2827e+41 1.7257e+41 1.1884e+42 3.5772e+42 9.1406e+40 1.4329e+41 4.9666e+41 4.2285e+41 7.7778e+40 5.6976e+40 2.0353e+41 1.8773e+41 1.329e+41 1.1413e+42 1.1018e+40 2.6156e+40 2.5342e+39 1.5679e+39 1.2196e+41 7.995e+40
-1.0 0.3 100.0 -2.0 7.678e+40 1.7706e+41 7.0343e+41 2.1173e+42 9.2671e+39 4.5844e+40 5.2458e+41 1.3529e+41 2.8202e+40 2.1472e+40 4.2182e+40 4.4715e+40 3.3594e+40 7.8772e+41 1.8089e+39 4.2195e+39 4.4227e+38 4.929e+38 2.2299e+40 1.4671e+40
-1.0 0.3 1000.0 -1.2 3.1012e+42 9.6624e+41 1.0494e+43 3.1586e+43 1.5088e+42 1.9985e+42 2.803e+42 5.8975e+42 8.7364e+41 8.2998e+41 2.7842e+41 7.6832e+41 3.9115e+41 4.3634e+42 1.1176e+41 2.6717e+41 3.6476e+40 2.2847e+40 1.3935e+42 9.4011e+41
-1.0 0.3 1000.0 -1.4 1.5103e+42 9.1175e+41 7.409e+42 2.2301e+43 5.9379e+41 1.0219e+42 2.668e+42 3.0156e+42 4.8517e+41 4.796e+41 6.5357e+40 2.4381e+41 1.2739e+41 3.3515e+42 3.6363e+40 8.6646e+40 1.6608e+40 1.0696e+40 5.5495e+41 3.7539e+41
-1.0 0.3 1000.0 -1.7 6.7539e+41 8.152e+41 3.4154e+42 1.028e+43 9.6089e+40 4.5929e+41 2.4295e+42 1.3554e+42 1.8076e+41 2.06e+41 2.4633e+40 3.361e+40 2.4139e+40 1.9433e+42 4.064e+39 9.6759e+39 4.2048e+39 3.3041e+39 8.8822e+40 6.0402e+40
-1.0 0.3 1000.0 -2.0 3.8508e+41 6.953e+41 1.2907e+42 3.8849e+42 2.6931e+40 3.0122e+41 2.1095e+42 8.889e+41 9.5262e+40 1.2207e+41 1.8083e+40 1.7305e+40 1.507e+40 1.0002e+42 4.1061e+38 9.8149e+38 8.6074e+38 1.4762e+39 1.1153e+40 7.6997e+39
-1.0 0.3 10000.0 -1.2 4.8843e+42 2.3372e+42 1.3536e+43 4.0743e+43 2.7659e+42 6.1712e+42 6.8763e+42 1.8211e+43 1.2925e+42 2.1234e+42 1.6339e+40 6.5648e+40 4.2162e+40 4.6418e+42 3.0298e+40 7.4031e+40 5.437e+40 5.1318e+40 5.7864e+41 5.1806e+41
-1.0 0.3 10000.0 -1.4 3.1834e+42 2.0759e+42 9.2024e+42 2.7699e+43 1.1412e+42 4.2522e+42 6.1278e+42 1.2548e+43 7.2131e+41 1.2553e+42 1.472e+40 3.047e+40 2.2366e+40 3.4332e+42 1.1979e+40 2.9294e+40 2.6865e+40 2.5893e+40 2.533e+41 2.2921e+41
-1.0 0.3 10000.0 -1.7 1.8513e+42 1.6183e+42 4.3191e+42 1.3001e+43 3.4871e+41 2.8299e+42 4.8053e+42 8.351e+42 3.6243e+41 6.8915e+41 9.3578e+39 1.5424e+40 1.3139e+40 1.8762e+42 2.4116e+39 5.91e+39 6.9501e+39 7.0346e+39 6.1406e+40 5.6302e+40
-1.0 0.3 10000.0 -2.0 1.1304e+42 1.1962e+42 1.7441e+42 5.2497e+42 1.5664e+41 2.0525e+42 3.569e+42 6.0568e+42 2.3654e+41 4.7018e+41 2.6928e+39 1.0889e+40 9.6297e+39 9.1829e+41 4.5027e+38 1.1059e+39 1.4478e+39 1.6073e+39 1.4227e+40 1.3187e+40
-1.0 0.5 100.0 -1.2 2.5979e+42 1.971e+41 1.0858e+42 3.2681e+42 7.3468e+41 1.3021e+42 6.1744e+41 3.8426e+42 3.7953e+41 2.7248e+41 1.3908e+42 6.125e+41 4.4536e+41 1.2071e+42 7.3308e+40 1.79e+41 6.9687e+39 4.1257e+39 7.4197e+41 4.8602e+41
-1.0 0.5 100.0 -1.4 1.3904e+42 1.4909e+41 9.8651e+41 2.9694e+42 4.6233e+41 7.8391e+41 4.4413e+41 2.3133e+42 2.4386e+41 1.7509e+41 8.2919e+41 4.4667e+41 3.2872e+41 1.0904e+42 4.5315e+40 1.1049e+41 4.8913e+39 2.8976e+39 4.7542e+41 3.1146e+41
-1.0 0.5 100.0 -1.7 4.1542e+41 1.1508e+41 8.3781e+41 2.5218e+42 1.7075e+41 2.8236e+41 3.2874e+41 8.3325e+41 1.1684e+41 8.45e+40 3.0034e+41 2.1692e+41 1.628e+41 8.6973e+41 1.8208e+40 4.4194e+40 2.2066e+39 1.3136e+39 1.9456e+41 1.275e+41
-1.0 0.5 100.0 -2.0 1.2226e+41 1.0661e+41 6.2601e+41 1.8843e+42 3.7445e+40 8.9686e+40 3.0749e+41 2.6466e+41 5.2917e+40 3.9063e+40 7.9625e+40 7.8678e+40 6.0013e+40 6.203e+41 5.519e+39 1.3293e+40 6.9347e+38 4.3746e+38 6.3329e+40 4.1522e+40
-1.0 0.5 1000.0 -1.2 3.7772e+42 7.0547e+41 7.4147e+42 2.2318e+43 1.8497e+42 2.7974e+42 2.0374e+42 8.2551e+42 1.1325e+42 1.0241e+42 5.0871e+41 7.3675e+41 5.3901e+41 3.8134e+42 1.5229e+41 3.6994e+41 2.2288e+40 1.3816e+40 1.6732e+42 1.1264e+42
-1.0 0.5 1000.0 -1.4 1.944e+42 6.4761e+41 5.8433e+42 1.7588e+43 9.0645e+41 1.5173e+42 1.8703e+42 4.4774e+42 6.9919e+41 6.5115e+41 1.6579e+41 3.2828e+41 2.3116e+41 3.0111e+42 6.6309e+40 1.6074e+41 1.1975e+40 7.4864e+39 8.3096e+41 5.6058e+41
-1.0 0.5 1000.0 -1.7 8.2733e+41 5.8247e+41 3.2935e+42 9.9135e+42 2.108e+41 6.6368e+41 1.7057e+42 1.9585e+42 3.0483e+41 3.1466e+41 3.435e+40 6.603e+40 4.684e+40 1.8125e+42 1.2213e+40 2.9553e+40 4.1895e+39 2.7383e+39 2.0638e+41 1.3973e+41
-1.0 0.5 1000.0 -2.0 4.6604e+41 5.1447e+41 1.5179e+42 4.569e+42 5.1179e+40 4.1378e+41 1.5327e+42 1.2211e+42 1.5097e+41 1.7916e+41 2.0706e+40 2.0916e+40 1.8597e+40 9.5955e+41 1.6815e+39 4.0728e+39 1.3008e+39 1.0253e+39 3.8387e+40 2.6108e+40
-1.0 0.5 10000.0 -1.2 5.04e+42 1.9698e+42 1.1468e+43 3.4518e+43 3.387e+42 7.3999e+42 5.7419e+42 2.1837e+43 1.8817e+42 2.8585e+42 1.829e+40 9.2003e+40 5.7643e+40 4.5637e+42 4.3811e+40 1.0739e+41 2.981e+40 2.7613e+40 7.0081e+41 6.1934e+41
-1.0 0.5 10000.0 -1.4 3.3151e+42 1.7758e+42 7.9526e+42 2.3937e+43 1.55e+42 5.2041e+42 5.1933e+42 1.5357e+43 1.1092e+42 1.7794e+42 1.5264e+40 3.89e+40 2.6812e+40 3.3962e+42 1.794e+40 4.3991e+40 1.5311e+40 1.4432e+40 3.1693e+41 2.8319e+41
-1.0 0.5 10000.0 -1.7 1.9156e+42 1.4243e+42 3.8069e+42 1.1459e+43 5.1142e+41 3.4363e+42 4.194e+42 1.0141e+43 5.4246e+41 9.6593e+41 9.3596e+39 1.584e+40 1.3061e+40 1.8695e+42 3.6252e+39 8.901e+39 4.0777e+39 3.9826e+39 7.8439e+40 7.1032e+40
-1.0 0.5 10000.0 -2.0 1.1699e+42 1.0818e+42 1.5588e+42 4.6919e+42 2.3004e+41 2.4724e+42 3.2058e+42 7.2961e+42 3.497e+41 6.5309e+41 2.6305e+39 1.0494e+40 9.1776e+39 9.202e+41 6.5419e+38 1.6086e+39 8.513e+38 8.8297e+38 1.8279e+40 1.6721e+40
-2.5 0.1 100.0 -1.2 7.3497e+41 1.7578e+42 3.8204e+42 1.1499e+43 6.2493e+40 5.3866e+41 5.4354e+42 1.5896e+42 2.4797e+41 1.9305e+41 6.0791e+41 6.1817e+41 3.4447e+41 4.8481e+42 5.5813e+39 1.3338e+40 4.9844e+39 3.7602e+39 1.5045e+41 9.8726e+40
-2.5 0.1 100.0 -1.4 3.8199e+41 1.5383e+42 1.5798e+42 4.7552e+42 2.4119e+40 2.8759e+41 4.8127e+42 8.4868e+41 1.3659e+41 1.0744e+41 2.8553e+41 2.9434e+41 1.6762e+41 3.6545e+42 1.4829e+39 3.5379e+39 1.2427e+39 1.8488e+39 4.2188e+40 2.7784e+40
-2.5 0.1 100.0 -1.7 1.7487e+41 1.1998e+42 3.5266e+41 1.0615e+42 8.3776e+39 1.0945e+41 3.8464e+42 3.23e+41 5.6568e+40 4.4569e+40 7.3292e+40 8.9053e+40 5.621e+40 2.0946e+42 2.593e+38 6.1186e+38 1.4662e+38 1.384e+39 5.1416e+39 3.5327e+39
-2.5 0.1 100.0 -2.0 9.4195e+40 9.0386e+41 7.2137e+40 2.1713e+41 2.5522e+39 3.8355e+40 2.9683e+42 1.1318e+41 2.1211e+40 1.6755e+40 2.6823e+40 3.4106e+40 2.4169e+40 1.088e+42 1.2254e+38 2.8586e+38 1.2e+37 5.86e+38 2.0227e+38 2.3459e+38
-2.5 0.1 1000.0 -1.2 1.7332e+42 2.1155e+42 9.7909e+42 2.9471e+43 1.4112e+41 1.1316e+42 6.4003e+42 3.3392e+42 3.4172e+41 4.2556e+41 8.3399e+40 4.1731e+41 2.1374e+41 4.9983e+42 1.8795e+40 4.4771e+40 2.6508e+40 1.7757e+40 4.4672e+41 3.0298e+41
-2.5 0.1 1000.0 -1.4 1.042e+42 1.8726e+42 5.7717e+42 1.7373e+43 5.5236e+40 7.5227e+41 5.6909e+42 2.2199e+42 2.1572e+41 2.8392e+41 2.8963e+40 9.0044e+40 5.2036e+40 3.7078e+42 4.9644e+39 1.179e+40 9.9581e+39 7.8851e+39 1.3462e+41 9.1625e+40
-2.5 0.1 1000.0 -1.7 4.8073e+41 1.4631e+42 2.0793e+42 6.2587e+42 2.1062e+40 4.0608e+41 4.4952e+42 1.1983e+42 1.1728e+41 1.5812e+41 2.0529e+40 3.0272e+40 2.1919e+40 2.0584e+42 5.853e+38 1.3885e+39 1.8867e+39 3.4051e+39 1.681e+40 1.1639e+40
-2.5 0.1 1000.0 -2.0 2.2314e+41 1.1002e+42 6.0754e+41 1.8287e+42 7.0257e+39 2.1179e+41 3.4156e+42 6.25e+41 5.915e+40 8.1586e+40 1.4557e+40 1.793e+40 1.4686e+40 1.0391e+42 1.2705e+38 3.0238e+38 2.5508e+38 2.6036e+39 1.4186e+39 1.1413e+39
-2.5 0.1 10000.0 -1.2 3.3557e+42 2.8285e+42 1.4127e+43 4.2522e+43 7.7581e+41 3.9932e+42 8.4638e+42 1.1784e+43 4.9196e+41 9.3019e+41 1.4924e+40 6.3137e+40 3.7325e+40 4.6901e+42 1.9721e+40 4.8065e+40 9.2228e+40 8.8627e+40 4.738e+41 4.3012e+41
-2.5 0.1 10000.0 -1.4 2.279e+42 2.4642e+42 9.4126e+42 2.8332e+43 3.1374e+41 2.9812e+42 7.372e+42 8.7975e+42 3.1592e+41 6.2673e+41 1.4097e+40 2.8938e+40 2.0159e+40 3.4592e+42 7.6514e+39 1.8659e+40 4.4449e+40 4.3814e+40 2.0228e+41 1.8537e+41
-2.5 0.1 10000.0 -1.7 1.3066e+42 1.8599e+42 4.2615e+42 1.2827e+43 1.1791e+41 2.0701e+42 5.574e+42 6.1089e+42 1.9915e+41 4.1051e+41 9.2848e+39 1.4511e+40 1.2532e+40 1.8861e+42 1.5049e+39 3.6822e+39 1.1028e+40 1.1649e+40 4.632e+40 4.3016e+40
-2.5 0.1 10000.0 -2.0 7.3578e+41 1.3357e+42 1.6254e+42 4.8925e+42 5.6693e+40 1.4334e+42 4.0185e+42 4.2299e+42 1.378e+41 2.8684e+41 2.7465e+39 1.0633e+40 9.6721e+39 9.2431e+41 2.6283e+38 6.4504e+38 2.0652e+39 2.5471e+39 9.5003e+39 8.938e+39
-2.5 0.3 100.0 -1.2 2.5305e+42 9.5535e+41 5.0257e+42 1.5127e+43 8.0476e+41 1.5736e+42 2.8652e+42 4.6436e+42 7.1614e+41 5.301e+41 6.8962e+41 5.7337e+41 3.7218e+41 3.7148e+42 2.4629e+40 5.9749e+40 1.1668e+40 7.0217e+39 4.5979e+41 3.0141e+41
-2.5 0.3 100.0 -1.4 1.2129e+42 8.0102e+41 2.9769e+42 8.9606e+42 2.7461e+41 8.1614e+41 2.4125e+42 2.4084e+42 3.9627e+41 2.98e+41 3.5884e+41 2.9921e+41 1.9896e+41 2.8612e+42 7.6189e+39 1.844e+40 3.9677e+39 2.5111e+39 1.6182e+41 1.0612e+41
-2.5 0.3 100.0 -1.7 4.4893e+41 6.0536e+41 1.0233e+42 3.0801e+42 5.1649e+40 3.3576e+41 1.8522e+42 9.9082e+41 1.6683e+41 1.2853e+41 1.1688e+41 1.0407e+41 7.256e+40 1.706e+42 1.167e+39 2.8132e+39 5.9744e+38 6.2849e+38 2.7583e+40 1.8138e+40
-2.5 0.3 100.0 -2.0 2.0169e+41 4.6836e+41 2.8899e+41 8.6985e+41 1.9134e+40 1.5982e+41 1.4654e+42 4.7163e+41 8.3759e+40 6.4978e+40 3.6117e+40 3.4071e+40 2.6878e+40 9.3399e+41 1.9914e+38 4.767e+38 9.9382e+37 4.8504e+38 4.1415e+39 2.7889e+39
-2.5 0.3 1000.0 -1.2 3.2411e+42 1.3686e+42 9.2247e+42 2.7766e+43 9.9196e+41 2.1354e+42 4.0568e+42 6.3015e+42 8.2863e+41 8.5737e+41 1.9756e+41 5.3559e+41 2.8101e+41 4.4664e+42 4.765e+40 1.1523e+41 2.4863e+40 1.5709e+40 8.2339e+41 5.567e+41
-2.5 0.3 1000.0 -1.4 1.852e+42 1.2132e+42 6.1849e+42 1.8616e+43 3.5088e+41 1.2759e+42 3.6116e+42 3.7652e+42 4.6715e+41 5.2143e+41 5.3122e+40 1.7109e+41 9.3373e+40 3.3904e+42 1.629e+40 3.9297e+40 1.1409e+40 7.4694e+39 3.2839e+41 2.2252e+41
-2.5 0.3 1000.0 -1.7 8.9466e+41 9.8104e+41 2.8146e+42 8.4721e+42 8.3656e+40 6.8858e+41 2.9532e+42 2.032e+42 2.224e+41 2.7602e+41 2.3489e+40 2.9484e+40 2.1876e+40 1.9433e+42 2.2638e+39 5.4492e+39 3.0142e+39 2.4711e+39 5.831e+40 3.9704e+40
-2.5 0.3 1000.0 -2.0 4.6458e+41 7.7643e+41 1.0923e+42 3.2879e+42 3.592e+40 4.1689e+41 2.3681e+42 1.2302e+42 1.3229e+41 1.7044e+41 1.6738e+40 1.674e+40 1.4608e+40 1.0008e+42 2.8714e+38 6.917e+38 6.6061e+38 1.1973e+39 8.3013e+39 5.7404e+39
-2.5 0.3 10000.0 -1.2 4.7397e+42 2.3613e+42 1.3028e+43 3.9215e+43 2.2702e+42 5.9163e+42 6.9661e+42 1.7459e+43 1.0871e+42 1.8418e+42 1.5599e+40 6.2801e+40 4.0066e+40 4.6509e+42 2.8551e+40 6.981e+40 5.1697e+40 4.8835e+40 5.4754e+41 4.9089e+41
-2.5 0.3 10000.0 -1.4 3.1784e+42 2.0917e+42 8.9208e+42 2.6852e+43 1.0035e+42 4.2482e+42 6.1846e+42 1.2536e+43 6.5897e+41 1.1767e+42 1.4267e+40 2.863e+40 2.0855e+40 3.4498e+42 1.1447e+40 2.8005e+40 2.5799e+40 2.4875e+40 2.4305e+41 2.2009e+41
-2.5 0.3 10000.0 -1.7 1.8616e+42 1.6278e+42 4.2363e+42 1.2751e+43 3.4216e+41 2.8743e+42 4.8352e+42 8.4821e+42 3.621e+41 6.9454e+41 9.209e+39 1.41e+40 1.2323e+40 1.8941e+42 2.3462e+39 5.7511e+39 6.7791e+39 6.8595e+39 5.9844e+40 5.4888e+40
-2.5 0.3 10000.0 -2.0 1.1299e+42 1.2045e+42 1.7307e+42 5.2095e+42 1.5877e+41 2.0674e+42 3.5938e+42 6.1009e+42 2.3974e+41 4.7731e+41 2.6954e+39 1.0371e+40 9.3408e+39 9.3195e+41 4.4306e+38 1.0882e+39 1.4286e+39 1.5855e+39 1.3987e+40 1.2968e+40
-2.5 0.5 100.0 -1.2 3.4696e+42 6.2302e+41 4.0532e+42 1.22e+43 1.285e+42 2.3429e+42 1.8369e+42 6.914e+42 1.0494e+42 7.6306e+41 9.4095e+41 6.1577e+41 4.4321e+41 2.9501e+42 5.1999e+40 1.2715e+41 1.0675e+40 6.3416e+39 7.5283e+41 4.9338e+41
-2.5 0.5 100.0 -1.4 1.7844e+42 5.0653e+41 2.8154e+42 8.4745e+42 5.7247e+41 1.2671e+42 1.4907e+42 3.7393e+42 6.0657e+41 4.4656e+41 5.1914e+41 3.5775e+41 2.5398e+41 2.3146e+42 2.2204e+40 5.4227e+40 5.0612e+39 3.0236e+39 3.5122e+41 2.3021e+41
-2.5 0.5 100.0 -1.7 6.5341e+41 3.7081e+41 1.3647e+42 4.1077e+42 1.3024e+41 5.1067e+41 1.0996e+42 1.507e+42 2.6098e+41 1.9655e+41 1.8259e+41 1.4204e+41 1.0215e+41 1.4174e+42 5.0366e+39 1.2272e+40 1.2774e+39 7.9935e+38 9.2098e+40 6.0393e+40
-2.5 0.5 100.0 -2.0 2.7969e+41 2.8127e+41 5.6384e+41 1.6972e+42 3.2962e+40 2.4335e+41 8.4759e+41 7.1813e+41 1.2676e+41 9.7236e+40 5.8004e+40 5.3157e+40 4.0663e+40 7.9352e+41 1.1272e+39 2.7376e+39 3.0568e+38 2.5351e+38 2.2935e+40 1.5064e+40
-2.5 0.5 1000.0 -1.2 3.8842e+42 9.7922e+41 7.4051e+42 2.2289e+43 1.5374e+42 2.9325e+42 2.8578e+42 8.6539e+42 1.2541e+42 1.1933e+42 3.6765e+41 5.6842e+41 4.1295e+41 4.0165e+42 8.1798e+40 1.9957e+41 1.7537e+40 1.0923e+40 1.1384e+42 7.6789e+41
-2.5 0.5 1000.0 -1.4 2.2227e+42 8.6536e+41 5.4456e+42 1.6391e+43 6.6591e+41 1.7446e+42 2.5313e+42 5.1484e+42 7.2896e+41 7.39e+41 1.271e+41 2.5553e+41 1.8058e+41 3.1046e+42 3.6192e+40 8.8172e+40 9.3766e+39 5.8977e+39 5.6331e+41 3.8062e+41
-2.5 0.5 1000.0 -1.7 1.0538e+42 7.1311e+41 2.9218e+42 8.7947e+42 1.6417e+41 9.0295e+41 2.108e+42 2.6646e+42 3.366e+41 3.8259e+41 3.1538e+40 5.6072e+40 4.0807e+40 1.8292e+42 7.7468e+39 1.8839e+40 3.3598e+39 2.2194e+39 1.507e+41 1.0212e+41
-2.5 0.5 1000.0 -2.0 5.6712e+41 5.8375e+41 1.3531e+42 4.0729e+42 5.7999e+40 5.5585e+41 1.7487e+42 1.6403e+42 1.9338e+41 2.3607e+41 1.9326e+40 1.9972e+40 1.7674e+40 9.6307e+41 1.268e+39 3.0831e+39 1.0886e+39 8.6906e+38 3.1013e+40 2.1104e+40
-2.5 0.5 10000.0 -1.2 4.8908e+42 1.991e+42 1.1074e+43 3.3333e+43 2.8547e+42 7.153e+42 5.8121e+42 2.1108e+43 1.6271e+42 2.5433e+42 1.7492e+40 8.8077e+40 5.5082e+40 4.5731e+42 4.1331e+40 1.0135e+41 2.8453e+40 2.638e+40 6.6347e+41 5.873e+41
-2.5 0.5 10000.0 -1.4 3.2991e+42 1.7931e+42 7.7313e+42 2.3271e+43 1.3705e+42 5.1876e+42 5.2488e+42 1.5309e+43 9.8945e+41 1.6434e+42 1.4822e+40 3.7006e+40 2.5304e+40 3.4125e+42 1.7185e+40 4.2152e+40 1.4765e+40 1.3924e+40 3.0466e+41 2.7245e+41
-2.5 0.5 10000.0 -1.7 1.9262e+42 1.4351e+42 3.7405e+42 1.1259e+43 4.968e+41 3.481e+42 4.2276e+42 1.0272e+43 5.3654e+41 9.6617e+41 9.2289e+39 1.4683e+40 1.2474e+40 1.8866e+42 3.536e+39 8.6834e+39 3.9898e+39 3.897e+39 7.6619e+40 6.9406e+40
-2.5 0.5 10000.0 -2.0 1.1717e+42 1.0899e+42 1.5479e+42 4.6593e+42 2.308e+41 2.4912e+42 3.2302e+42 7.3515e+42 3.5212e+41 6.6001e+41 2.639e+39 1.0114e+40 8.9648e+39 9.333e+41 6.4532e+38 1.5869e+39 8.42e+38 8.7324e+38 1.801e+40 1.6479e+40
-2.0 0.1 100.0 -1.2 5.2874e+41 9.7744e+41 4.8318e+42 1.4544e+43 7.0091e+40 3.1428e+41 2.9216e+42 9.2745e+41 1.6908e+41 1.2892e+41 9.0837e+41 7.9759e+41 4.7767e+41 4.2164e+42 1.6465e+40 3.8615e+40 1.0463e+40 6.8271e+39 2.8899e+41 1.895e+41
-2.0 0.1 100.0 -1.4 2.6931e+41 8.7757e+41 2.714e+42 8.1692e+42 1.4535e+40 1.5839e+41 2.6513e+42 4.6742e+41 8.4714e+40 6.6255e+40 4.3959e+41 3.8876e+41 2.3872e+41 3.2215e+42 5.0804e+39 1.1792e+40 2.7288e+39 2.5722e+39 9.5575e+40 6.2771e+40
-2.0 0.1 100.0 -1.7 1.2678e+41 7.4056e+41 8.377e+41 2.5215e+42 4.6576e+39 6.8765e+40 2.2974e+42 2.0293e+41 3.8071e+40 3.0064e+40 1.0545e+41 1.242e+41 7.4669e+40 1.9482e+42 1.0151e+39 2.3161e+39 3.3133e+38 1.6998e+39 1.5991e+40 1.0692e+40
-2.0 0.1 100.0 -2.0 7.6953e+40 6.2838e+41 2.2149e+41 6.667e+41 1.9439e+39 3.0782e+40 2.0106e+42 9.0838e+40 1.7083e+40 1.351e+40 2.9437e+40 3.9547e+40 2.768e+40 1.0788e+42 3.2363e+38 7.2186e+38 5.3567e+37 1.9849e+39 1.8195e+39 1.5011e+39
-2.0 0.1 1000.0 -1.2 1.3445e+42 1.7668e+42 1.2271e+43 3.6935e+43 1.822e+41 7.9022e+41 5.26e+42 2.3319e+42 3.0065e+41 3.4505e+41 1.1028e+41 6.4589e+41 3.2063e+41 5.0618e+42 4.0425e+40 9.4328e+40 3.6369e+40 2.4108e+40 7.2256e+41 4.8936e+41
-2.0 0.1 1000.0 -1.4 8.3489e+41 1.6256e+42 7.3924e+42 2.2251e+43 4.8933e+40 4.9773e+41 4.8836e+42 1.4688e+42 1.6152e+41 2.0425e+41 3.0693e+40 1.2618e+41 6.9195e+40 3.7467e+42 1.0292e+40 2.3947e+40 1.3905e+40 1.0679e+40 2.215e+41 1.5054e+41
-2.0 0.1 1000.0 -1.7 4.3431e+41 1.3415e+42 2.6618e+42 8.0122e+42 1.6496e+40 2.9771e+41 4.0952e+42 8.7854e+41 8.7529e+40 1.1745e+41 2.1465e+40 3.3521e+40 2.3842e+40 2.0726e+42 9.9123e+38 2.312e+39 2.6209e+39 4.3014e+39 2.5935e+40 1.791e+40
-2.0 0.1 1000.0 -2.0 2.1554e+41 1.0493e+42 7.4122e+41 2.2311e+42 6.0349e+39 1.7293e+41 3.2481e+42 5.1033e+41 4.7861e+40 6.5751e+40 1.5829e+40 1.8881e+40 1.5313e+40 1.0397e+42 1.7443e+38 4.1022e+38 3.3263e+38 3.0577e+39 1.955e+39 1.5592e+39
-2.0 0.1 10000.0 -1.2 3.4014e+42 2.8103e+42 1.4661e+43 4.4129e+43 9.1344e+41 4.043e+42 8.3833e+42 1.1931e+43 5.3552e+41 9.9336e+41 1.5154e+40 6.4952e+40 3.8259e+40 4.6981e+42 2.0678e+40 5.0354e+40 9.6255e+40 9.2471e+40 4.9514e+41 4.4928e+41
-2.0 0.1 10000.0 -1.4 2.2824e+42 2.4561e+42 9.7009e+42 2.92e+43 3.3656e+41 2.9392e+42 7.3371e+42 8.6735e+42 3.2155e+41 6.3093e+41 1.4331e+40 2.9792e+40 2.0612e+40 3.4561e+42 7.9257e+39 1.9333e+40 4.598e+40 4.5331e+40 2.0929e+41 1.9173e+41
-2.0 0.1 10000.0 -1.7 1.3111e+42 1.8567e+42 4.3472e+42 1.3085e+43 1.1615e+41 2.0477e+42 5.5624e+42 6.0426e+42 1.9562e+41 4.0283e+41 9.4481e+39 1.4798e+40 1.2699e+40 1.878e+42 1.539e+39 3.7645e+39 1.1265e+40 1.1913e+40 4.7369e+40 4.3984e+40
-2.0 0.1 10000.0 -2.0 7.4152e+41 1.3334e+42 1.6434e+42 4.9465e+42 5.5968e+40 1.4316e+42 4.0101e+42 4.2246e+42 1.3648e+41 2.8413e+41 2.7715e+39 1.0738e+40 9.7521e+39 9.1763e+41 2.6684e+38 6.5483e+38 2.0929e+39 2.5849e+39 9.6556e+39 9.0829e+39
-2.0 0.3 100.0 -1.2 2.5472e+42 4.5667e+41 3.811e+42 1.1471e+43 9.7485e+41 1.366e+42 1.3402e+42 4.031e+42 5.199e+41 3.7763e+41 1.0202e+42 7.5571e+41 5.0327e+41 2.6133e+42 6.2787e+40 1.5188e+41 1.9417e+40 1.1539e+40 8.0862e+41 5.2989e+41
-2.0 0.3 100.0 -1.4 1.0703e+42 3.7602e+41 2.7091e+42 8.1543e+42 4.0813e+41 6.3494e+41 1.0994e+42 1.8737e+42 2.8413e+41 2.0801e+41 5.3836e+41 4.3388e+41 2.9505e+41 2.104e+42 2.6086e+40 6.2858e+40 8.5426e+39 5.125e+39 3.6106e+41 2.3665e+41
-2.0 0.3 100.0 -1.7 2.9114e+41 2.9657e+41 1.3946e+42 4.1977e+42 6.4341e+40 1.8677e+41 8.7591e+41 5.5116e+41 1.0121e+41 7.5975e+40 1.6729e+41 1.5195e+41 1.0777e+41 1.3768e+42 5.2219e+39 1.2477e+40 1.748e+39 1.1846e+39 8.1625e+40 5.354e+40
-2.0 0.3 100.0 -2.0 1.188e+41 2.5694e+41 5.7168e+41 1.7208e+42 9.7104e+39 7.8829e+40 7.7761e+41 2.3263e+41 4.2157e+40 3.2674e+40 3.9954e+40 4.0128e+40 3.0778e+40 8.4377e+41 8.3039e+38 1.9588e+39 2.602e+38 4.8327e+38 1.3136e+40 8.6781e+39
-2.0 0.3 1000.0 -1.2 3.0341e+42 1.0723e+42 1.0201e+43 3.0706e+43 1.3335e+42 1.9717e+42 3.1322e+42 5.8186e+42 8.4769e+41 8.2005e+41 2.5727e+41 7.0681e+41 3.6185e+41 4.3874e+42 8.91e+40 2.1381e+41 3.2676e+40 2.0517e+40 1.2206e+42 8.2398e+41
-2.0 0.3 1000.0 -1.4 1.5592e+42 9.8725e+41 7.0933e+42 2.1351e+43 4.9209e+41 1.043e+42 2.9039e+42 3.0779e+42 4.5767e+41 4.6834e+41 6.2639e+40 2.2511e+41 1.1859e+41 3.3599e+42 2.9718e+40 7.1088e+40 1.4986e+40 9.6945e+39 4.8842e+41 3.3054e+41
-2.0 0.3 1000.0 -1.7 7.2584e+41 8.5366e+41 3.2662e+42 9.8311e+42 8.5998e+40 5.0499e+41 2.5512e+42 1.4902e+42 1.8299e+41 2.1548e+41 2.4557e+40 3.2735e+40 2.3736e+40 1.9422e+42 3.5599e+39 8.5014e+39 3.868e+39 3.0744e+39 8.08e+40 5.4963e+40
-2.0 0.3 1000.0 -2.0 4.0339e+41 7.1284e+41 1.2448e+42 3.7469e+42 2.8657e+40 3.2599e+41 2.1655e+42 9.6201e+41 1.0244e+41 1.317e+41 1.8033e+40 1.7242e+40 1.5041e+40 9.9953e+41 3.8038e+38 9.1096e+38 8.1123e+38 1.411e+39 1.0475e+40 7.2343e+39
-2.0 0.3 10000.0 -1.2 4.8395e+42 2.3435e+42 1.3448e+43 4.0478e+43 2.6389e+42 6.0959e+42 6.8989e+42 1.7989e+43 1.2338e+42 2.0419e+42 1.5816e+40 6.446e+40 4.1133e+40 4.6579e+42 2.9945e+40 7.3177e+40 5.3813e+40 5.0805e+40 5.7257e+41 5.1281e+41
-2.0 0.3 10000.0 -1.4 3.1767e+42 2.0801e+42 9.1549e+42 2.7556e+43 1.1067e+42 4.2424e+42 6.1426e+42 1.2519e+43 7.0292e+41 1.231e+42 1.448e+40 2.9364e+40 2.128e+40 3.4473e+42 1.1867e+40 2.902e+40 2.6636e+40 2.5677e+40 2.5125e+41 2.274e+41
-2.0 0.3 10000.0 -1.7 1.8521e+42 1.6209e+42 4.3085e+42 1.2969e+43 3.4684e+41 2.8367e+42 4.8134e+42 8.3711e+42 3.6178e+41 6.8927e+41 9.3587e+39 1.4328e+40 1.2469e+40 1.8858e+42 2.3999e+39 5.8815e+39 6.9198e+39 7.0043e+39 6.1138e+40 5.6062e+40
-2.0 0.3 10000.0 -2.0 1.1288e+42 1.1994e+42 1.7459e+42 5.2553e+42 1.5688e+41 2.0538e+42 3.5784e+42 6.0609e+42 2.3698e+41 4.7123e+41 2.7137e+39 1.0459e+40 9.4282e+39 9.2519e+41 4.4931e+38 1.1035e+39 1.446e+39 1.6058e+39 1.4183e+40 1.3148e+40
-2.0 0.5 100.0 -1.2 3.1556e+42 3.1566e+41 2.3218e+42 6.9887e+42 1.1694e+42 1.9092e+42 9.4271e+41 5.6342e+42 6.743e+41 4.8368e+41 1.2838e+42 6.9733e+41 5.1455e+41 1.8597e+42 7.9655e+40 1.9464e+41 1.0817e+40 6.4096e+39 9.246e+41 6.0578e+41
-2.0 0.5 100.0 -1.4 1.5565e+42 2.4349e+41 1.8277e+42 5.5015e+42 6.0362e+41 1.005e+42 7.1043e+41 2.9656e+42 3.8915e+41 2.8075e+41 7.3342e+41 4.4812e+41 3.3117e+41 1.5455e+42 4.2163e+40 1.0287e+41 6.2519e+39 3.7099e+39 5.0757e+41 3.3259e+41
-2.0 0.5 100.0 -1.7 4.6839e+41 1.7899e+41 1.1557e+42 3.4787e+42 1.6586e+41 3.3077e+41 5.1736e+41 9.761e+41 1.611e+41 1.1803e+41 2.602e+41 1.9499e+41 1.448e+41 1.0667e+42 1.3298e+40 3.2323e+40 2.1298e+39 1.2783e+39 1.7007e+41 1.1147e+41
-2.0 0.5 100.0 -2.0 1.6321e+41 1.4865e+41 6.5953e+41 1.9852e+42 2.9832e+40 1.2188e+41 4.3531e+41 3.5967e+41 6.6861e+40 5.038e+40 7.274e+40 7.0053e+40 5.3234e+40 6.7774e+41 3.4295e+39 8.2881e+39 5.66e+38 3.7668e+38 4.8398e+40 3.1744e+40
-2.0 0.5 1000.0 -1.2 3.7185e+42 7.709e+41 7.4614e+42 2.2459e+43 1.7609e+42 2.7718e+42 2.2318e+42 8.1797e+42 1.157e+42 1.0555e+42 4.7249e+41 6.9356e+41 5.0714e+41 3.8649e+42 1.3035e+41 3.1708e+41 2.0955e+40 1.3007e+40 1.5252e+42 1.0274e+42
-2.0 0.5 1000.0 -1.4 1.9707e+42 6.9723e+41 5.7622e+42 1.7344e+43 8.2428e+41 1.5268e+42 2.0205e+42 4.5056e+42 6.9514e+41 6.5967e+41 1.5698e+41 3.1134e+41 2.191e+41 3.0316e+42 5.7278e+40 1.3905e+41 1.1258e+40 7.0484e+39 7.583e+41 5.1179e+41
-2.0 0.5 1000.0 -1.7 8.7269e+41 6.1042e+41 3.2083e+42 9.6571e+42 1.8876e+41 7.0453e+41 1.7917e+42 2.0791e+42 2.9975e+41 3.1924e+41 3.3948e+40 6.4287e+40 4.5778e+40 1.8151e+42 1.1044e+40 2.6759e+40 3.9775e+39 2.6063e+39 1.9274e+41 1.3052e+41
-2.0 0.5 1000.0 -2.0 4.8747e+41 5.2864e+41 1.4825e+42 4.4623e+42 5.156e+40 4.4215e+41 1.5769e+42 1.3048e+42 1.5797e+41 1.8933e+41 2.0651e+40 2.0804e+40 1.8515e+40 9.5989e+41 1.5898e+39 3.8541e+39 1.2537e+39 9.9086e+38 3.68e+40 2.5031e+40
-2.0 0.5 10000.0 -1.2 4.9971e+42 1.9745e+42 1.14e+43 3.4315e+43 3.2533e+42 7.3285e+42 5.7573e+42 2.1626e+43 1.8134e+42 2.772e+42 1.776e+40 9.0595e+40 5.6636e+40 4.5785e+42 4.337e+40 1.0631e+41 2.956e+40 2.7387e+40 6.9417e+41 6.1371e+41
-2.0 0.5 10000.0 -1.4 3.3062e+42 1.78e+42 7.9173e+42 2.3831e+43 1.5051e+42 5.1912e+42 5.2065e+42 1.5319e+43 1.0751e+42 1.7394e+42 1.5016e+40 3.783e+40 2.5776e+40 3.4102e+42 1.7803e+40 4.3657e+40 1.521e+40 1.4338e+40 3.1479e+41 2.8134e+41
-2.0 0.5 10000.0 -1.7 1.9163e+42 1.4272e+42 3.8009e+42 1.1441e+43 5.079e+41 3.4426e+42 4.203e+42 1.0159e+43 5.4036e+41 9.6467e+41 9.3678e+39 1.4875e+40 1.2603e+40 1.8795e+42 3.6157e+39 8.878e+39 4.0692e+39 3.9745e+39 7.823e+40 7.085e+40
-2.0 0.5 10000.0 -2.0 1.169e+42 1.0842e+42 1.56e+42 4.6955e+42 2.3002e+41 2.4744e+42 3.2131e+42 7.302e+42 3.4994e+41 6.5405e+41 2.6511e+39 1.0193e+40 9.0398e+39 9.2644e+41 6.5385e+38 1.6078e+39 8.5133e+38 8.8305e+38 1.8245e+40 1.6692e+40
-3.5 0.1 100.0 -1.2 5.7167e+41 2.6347e+42 4.1448e+41 1.2476e+42 6.3661e+40 7.4441e+41 8.4731e+42 2.1968e+42 4.4694e+41 3.5113e+41 8.8334e+40 9.5335e+40 5.4919e+40 4.5698e+42 2.2185e+38 5.44e+38 1.2169e+38 3.0494e+38 7.4576e+39 4.9114e+39
-3.5 0.1 100.0 -1.4 3.5326e+41 2.3247e+42 9.8312e+40 2.9592e+41 3.1882e+40 3.9103e+41 7.5222e+42 1.1539e+42 2.5655e+41 2.0174e+41 5.2663e+40 5.1182e+40 3.3443e+40 3.4844e+42 6.4562e+37 1.5829e+38 1.5971e+37 3.0764e+38 1.8261e+39 1.2245e+39
-3.5 0.1 100.0 -1.7 1.9316e+41 1.7647e+42 9.9605e+39 2.9981e+40 9.6291e+39 1.3947e+41 5.7893e+42 4.1158e+41 1.0103e+41 7.9776e+40 3.1565e+40 2.7065e+40 2.1021e+40 1.9912e+42 1.9923e+37 4.8792e+37 1.3434e+36 2.4594e+38 1.8518e+38 1.4195e+38
-3.5 0.1 100.0 -2.0 1.1333e+41 1.267e+42 1.2962e+39 3.9016e+39 2.3773e+39 4.5823e+40 4.213e+42 1.3522e+41 3.5189e+40 2.8049e+40 1.83e+40 1.6745e+40 1.3821e+40 1.0251e+42 1.4705e+37 3.5992e+37 1.2941e+34 1.623e+38 8.527e+35 1.5122e+37
-3.5 0.1 1000.0 -1.2 2.1336e+42 2.6873e+42 3.3561e+42 1.0102e+43 1.794e+41 2.3913e+42 8.3771e+42 7.0567e+42 8.0221e+41 1.0559e+42 2.8176e+40 6.7784e+40 4.0259e+40 4.3735e+42 1.3204e+39 3.2372e+39 6.6774e+39 4.5179e+39 5.2941e+40 3.605e+40
-3.5 0.1 1000.0 -1.4 1.2369e+42 2.3537e+42 1.9624e+42 5.9067e+42 1.0174e+41 1.6157e+42 7.3277e+42 4.768e+42 5.6433e+41 7.5225e+41 2.0751e+40 2.7538e+40 2.0035e+40 3.3156e+42 3.1137e+38 7.6316e+38 2.3465e+39 1.8935e+39 1.4551e+40 9.9586e+39
-3.5 0.1 1000.0 -1.7 5.0907e+41 1.7746e+42 7.2456e+41 2.1809e+42 3.902e+40 7.9283e+41 5.5348e+42 2.3396e+42 2.8831e+41 3.9139e+41 1.5799e+40 1.6778e+40 1.3918e+40 1.8853e+42 4.6933e+37 1.1499e+38 3.891e+38 7.8264e+38 1.7755e+39 1.2505e+39
-3.5 0.1 1000.0 -2.0 2.1572e+41 1.2735e+42 2.3056e+41 6.9398e+41 1.3826e+40 3.6436e+41 3.9903e+42 1.0752e+42 1.3535e+41 1.8731e+41 1.1621e+40 1.2398e+40 1.0981e+40 9.6895e+41 1.9603e+37 4.8026e+37 5.0737e+37 6.4041e+38 1.9391e+38 1.6792e+38
-3.5 0.1 10000.0 -1.2 3.3077e+42 2.7893e+42 7.7017e+42 2.3182e+43 5.7868e+41 4.8308e+42 8.4464e+42 1.4256e+43 5.7317e+41 1.1523e+42 1.1846e+40 3.4505e+40 2.196e+40 4.1574e+42 8.9066e+39 2.1868e+40 4.6108e+40 4.4466e+40 2.2513e+41 2.0529e+41
-3.5 0.1 10000.0 -1.4 2.3022e+42 2.4463e+42 5.4136e+42 1.6295e+43 3.5622e+41 3.7566e+42 7.3775e+42 1.1086e+43 4.4103e+41 8.9677e+41 1.0962e+40 1.9776e+40 1.4869e+40 3.1234e+42 3.9187e+39 9.6226e+39 2.3805e+40 2.3415e+40 1.0715e+41 9.8463e+40
-3.5 0.1 10000.0 -1.7 1.2604e+42 1.8494e+42 2.6669e+42 8.0275e+42 1.6662e+41 2.4037e+42 5.5707e+42 7.0934e+42 2.7882e+41 5.728e+41 6.1545e+39 1.2427e+40 1.092e+40 1.7389e+42 9.0754e+38 2.2298e+39 6.5614e+39 6.8139e+39 2.8407e+40 2.6403e+40
-3.5 0.1 10000.0 -2.0 6.7026e+41 1.3272e+42 1.1049e+42 3.3258e+42 7.6916e+40 1.4911e+42 4.0067e+42 4.4002e+42 1.6967e+41 3.5147e+41 1.5067e+39 9.6321e+39 8.6674e+39 8.6417e+41 1.7561e+38 4.3186e+38 1.3484e+39 1.5971e+39 6.4678e+39 6.0824e+39
-3.5 0.3 100.0 -1.2 2.7679e+42 2.2663e+42 1.2374e+42 3.7244e+42 4.797e+41 2.8283e+42 7.1015e+42 8.3465e+42 1.7077e+42 1.309e+42 1.2905e+41 1.1599e+41 6.6549e+40 4.4006e+42 7.1968e+38 1.7669e+39 4.5625e+38 3.518e+38 2.3523e+40 1.5436e+40
-3.5 0.3 100.0 -1.4 1.6856e+42 2.0062e+42 5.1209e+41 1.5414e+42 2.8973e+41 1.8931e+42 6.3179e+42 5.5865e+42 1.2243e+42 9.4042e+41 7.6094e+40 6.3291e+40 3.9976e+40 3.3671e+42 2.205e+38 5.4127e+38 9.7345e+37 1.6334e+38 7.3434e+39 4.8322e+39
-3.5 0.3 100.0 -1.7 7.7548e+41 1.5313e+42 1.1159e+41 3.3589e+41 1.2898e+41 9.4978e+41 4.8778e+42 2.8028e+42 6.7299e+41 5.1771e+41 3.9525e+40 3.0585e+40 2.3172e+40 1.9344e+42 4.6511e+37 1.1413e+38 1.1559e+37 1.4271e+38 1.297e+39 8.7144e+38
-3.5 0.3 100.0 -2.0 3.5481e+41 1.1071e+42 2.7771e+40 8.359e+40 5.2966e+40 4.6275e+41 3.5717e+42 1.3656e+42 3.4806e+41 2.6868e+41 2.5364e+40 1.975e+40 1.6723e+40 1.0022e+42 1.6009e+37 3.9253e+37 1.8362e+36 1.1575e+38 1.9376e+38 1.4357e+38
-3.5 0.3 1000.0 -1.2 4.8467e+42 2.2982e+42 4.0137e+42 1.2081e+43 7.1518e+41 4.4943e+42 7.0138e+42 1.3263e+43 1.7331e+42 2.0993e+42 5.1144e+40 1.1821e+41 6.6532e+40 4.2801e+42 3.8454e+39 9.4404e+39 6.3012e+39 4.0602e+39 1.1341e+41 7.6963e+40
-3.5 0.3 1000.0 -1.4 3.2152e+42 2.0315e+42 2.6132e+42 7.8657e+42 4.4286e+41 3.3412e+42 6.203e+42 9.8598e+42 1.3198e+42 1.629e+42 2.6649e+40 4.506e+40 2.9426e+40 3.2489e+42 1.2885e+39 3.1625e+39 2.8028e+39 1.9032e+39 4.4534e+40 3.0286e+40
-3.5 0.3 1000.0 -1.7 1.6e+42 1.5455e+42 1.1737e+42 3.5328e+42 2.0952e+41 1.9464e+42 4.7386e+42 5.7439e+42 8.009e+41 1.0054e+42 1.8345e+40 1.7777e+40 1.5013e+40 1.8524e+42 2.03e+38 4.981e+38 7.0292e+38 6.2922e+38 8.7606e+39 5.992e+39
-3.5 0.3 1000.0 -2.0 7.7275e+41 1.1161e+42 4.7598e+41 1.4327e+42 9.3378e+40 1.0805e+42 3.4404e+42 3.1886e+42 4.5354e+41 5.7878e+41 1.3317e+40 1.3039e+40 1.1765e+40 9.5546e+41 4.1391e+37 1.0155e+38 1.5612e+38 3.1553e+38 1.624e+39 1.1317e+39
-3.5 0.3 10000.0 -1.2 5.0029e+42 2.464e+42 7.5067e+42 2.2595e+43 1.5015e+42 6.9811e+42 7.3443e+42 2.0601e+43 1.106e+42 2.067e+42 1.2263e+40 3.6052e+40 2.334e+40 4.1613e+42 1.2621e+40 3.1015e+40 2.5963e+40 2.4685e+40 2.6254e+41 2.3676e+41
-3.5 0.3 10000.0 -1.4 3.6115e+42 2.1918e+42 5.4046e+42 1.6268e+43 9.2893e+41 5.5278e+42 6.5251e+42 1.6313e+43 8.308e+41 1.5905e+42 1.1165e+40 2.0047e+40 1.515e+40 3.1344e+42 5.7561e+39 1.4146e+40 1.3908e+40 1.3439e+40 1.3063e+41 1.1868e+41
-3.5 0.3 10000.0 -1.7 2.0938e+42 1.6851e+42 2.774e+42 8.3498e+42 4.5534e+41 3.6667e+42 5.0216e+42 1.0821e+43 5.2582e+41 1.0303e+42 6.1865e+39 1.2155e+40 1.0685e+40 1.7516e+42 1.4078e+39 3.4614e+39 4.0981e+39 4.1163e+39 3.7683e+40 3.4597e+40
-3.5 0.3 10000.0 -2.0 1.198e+42 1.2278e+42 1.2233e+42 3.6823e+42 2.27e+41 2.389e+42 3.6684e+42 7.0499e+42 3.3345e+41 6.62e+41 1.5107e+39 9.3682e+39 8.3327e+39 8.7309e+41 3.0048e+38 7.3926e+38 9.5957e+38 1.0425e+39 9.9377e+39 9.2093e+39
-3.5 0.5 100.0 -1.2 4.2542e+42 1.9151e+42 1.938e+42 5.8335e+42 8.8683e+41 4.4444e+42 5.8691e+42 1.3115e+43 2.8181e+42 2.1317e+42 1.8634e+41 1.3987e+41 8.2633e+40 4.1961e+42 2.2493e+39 5.5293e+39 1.0097e+39 6.2338e+38 6.4782e+40 4.2478e+40
-3.5 0.5 100.0 -1.4 2.7582e+42 1.7027e+42 1.0666e+42 3.2105e+42 5.4198e+41 3.1732e+42 5.249e+42 9.3642e+42 2.1082e+42 1.6013e+42 1.1017e+41 8.0204e+40 5.0254e+40 3.2091e+42 8.1331e+38 1.999e+39 3.6551e+38 2.4848e+38 2.6055e+40 1.7092e+40
-3.5 0.5 100.0 -1.7 1.3493e+42 1.3028e+42 3.5211e+41 1.0598e+42 2.5663e+41 1.7386e+42 4.0579e+42 5.1306e+42 1.2416e+42 9.4611e+41 5.242e+40 3.7864e+40 2.7515e+40 1.8465e+42 1.8232e+38 4.4802e+38 7.6617e+37 8.6642e+37 6.3888e+39 4.2016e+39
-3.5 0.5 100.0 -2.0 6.534e+41 9.4571e+41 1.0726e+41 3.2286e+41 1.1989e+41 9.1442e+41 2.9791e+42 2.6985e+42 6.9512e+41 5.3063e+41 3.0107e+40 2.2444e+40 1.8632e+40 9.6001e+41 4.7604e+37 1.1694e+38 1.8543e+37 5.9788e+37 1.6042e+39 1.0658e+39
-3.5 0.5 1000.0 -1.2 5.7177e+42 1.9627e+42 3.9867e+42 1.2e+43 1.1376e+42 5.8598e+42 5.8965e+42 1.7292e+43 2.5575e+42 2.9026e+42 9.1787e+40 1.6564e+41 9.9579e+40 4.1562e+42 8.5628e+39 2.105e+40 5.2313e+39 3.302e+39 1.9772e+41 1.3388e+41
-3.5 0.5 1000.0 -1.4 3.9445e+42 1.7481e+42 2.766e+42 8.3256e+42 6.9924e+41 4.4422e+42 5.2629e+42 1.3109e+43 1.9476e+42 2.2687e+42 4.2332e+40 7.9382e+40 5.0342e+40 3.1626e+42 3.8286e+39 9.4102e+39 2.8021e+39 1.7961e+39 9.7796e+40 6.6297e+40
-3.5 0.5 1000.0 -1.7 2.0871e+42 1.3421e+42 1.3895e+42 4.1823e+42 3.3648e+41 2.6894e+42 4.0617e+42 7.9365e+42 1.2008e+42 1.4347e+42 2.1655e+40 2.6198e+40 2.032e+40 1.8099e+42 9.6133e+38 2.3623e+39 9.9644e+38 6.8033e+38 2.8984e+40 1.9692e+40
-3.5 0.5 1000.0 -2.0 1.0742e+42 9.7791e+41 6.3808e+41 1.9206e+42 1.6212e+41 1.5636e+42 2.9786e+42 4.6142e+42 7.1225e+41 8.6483e+41 1.5198e+40 1.477e+40 1.3307e+40 9.3749e+41 2.1748e+38 5.3438e+38 3.2507e+38 2.696e+38 7.4372e+39 5.072e+39
-3.5 0.5 10000.0 -1.2 5.1277e+42 2.1787e+42 6.5169e+42 1.9616e+43 1.9803e+42 8.3926e+42 6.4218e+42 2.4767e+43 1.6153e+42 2.8354e+42 1.3168e+40 4.6426e+40 2.8761e+40 4.1273e+42 1.774e+40 4.3634e+40 1.4186e+40 1.3265e+40 3.133e+41 2.7919e+41
-3.5 0.5 10000.0 -1.4 3.7384e+42 1.9617e+42 4.7571e+42 1.4319e+43 1.2343e+42 6.6611e+42 5.7868e+42 1.9657e+43 1.205e+42 2.1756e+42 1.1562e+40 2.3694e+40 1.6925e+40 3.1195e+42 8.3563e+39 2.0555e+40 7.8746e+39 7.4644e+39 1.6103e+41 1.4455e+41
-3.5 0.5 10000.0 -1.7 2.2008e+42 1.5323e+42 2.4779e+42 7.4586e+42 6.0909e+41 4.4491e+42 4.5329e+42 1.3129e+43 7.549e+41 1.4046e+42 6.2604e+39 1.2379e+40 1.0622e+40 1.7512e+42 2.0656e+39 5.0822e+39 2.3943e+39 2.3362e+39 4.776e+40 4.3303e+40
-3.5 0.5 10000.0 -2.0 1.2783e+42 1.1329e+42 1.1029e+42 3.3198e+42 3.0996e+41 2.9256e+42 3.3643e+42 8.6336e+42 4.7825e+41 9.052e+41 1.5091e+39 9.0718e+39 7.9222e+39 8.7608e+41 4.3125e+38 1.0616e+39 5.6592e+38 5.8151e+38 1.28e+40 1.1703e+40
-3.0 0.1 100.0 -1.2 7.1356e+41 2.4147e+42 1.4919e+42 4.4905e+42 6.5095e+40 7.1043e+41 7.6736e+42 2.0965e+42 3.3641e+41 2.6411e+41 2.7116e+41 2.9974e+41 1.6178e+41 4.9647e+42 9.9034e+38 2.4093e+39 1.1636e+39 1.2185e+39 3.4757e+40 2.2844e+40
-3.0 0.1 100.0 -1.4 3.9832e+41 2.1018e+42 4.7719e+41 1.4364e+42 3.2029e+40 3.7533e+41 6.7463e+42 1.1076e+42 1.9272e+41 1.5151e+41 1.3002e+41 1.4005e+41 8.013e+40 3.756e+42 2.6079e+38 6.3402e+38 1.8226e+38 7.9844e+38 8.3533e+39 5.5472e+39
-3.0 0.1 100.0 -1.7 1.9231e+41 1.5868e+42 6.4971e+40 1.9556e+41 1.0011e+40 1.3432e+41 5.1919e+42 3.9638e+41 7.7405e+40 6.1e+40 4.6686e+40 5.0254e+40 3.4869e+40 2.1223e+42 6.6974e+37 1.6225e+38 8.32e+36 5.0076e+38 8.4296e+38 6.0932e+38
-3.0 0.1 100.0 -2.0 1.0651e+41 1.1451e+42 6.9685e+39 2.0975e+40 2.4332e+39 4.3492e+40 3.8148e+42 1.2834e+41 2.706e+40 2.1491e+40 2.2915e+40 2.4608e+40 1.9233e+40 1.0839e+42 4.5359e+37 1.0941e+38 7.4122e+34 4.0003e+38 3.713e+36 4.8334e+37
-3.0 0.1 1000.0 -1.2 2.1236e+42 2.5212e+42 6.2754e+42 1.8889e+43 1.4594e+41 1.7928e+42 7.7691e+42 5.2905e+42 5.0835e+41 6.6553e+41 4.9367e+40 1.874e+41 1.0133e+41 4.8167e+42 5.1014e+39 1.2385e+40 1.5487e+40 1.0431e+40 1.6997e+41 1.1553e+41
-3.0 0.1 1000.0 -1.4 1.2283e+42 2.1862e+42 3.6101e+42 1.0866e+43 7.7631e+40 1.2026e+42 6.7388e+42 3.5489e+42 3.5479e+41 4.7271e+41 2.5024e+40 5.1592e+40 3.284e+40 3.6029e+42 1.2566e+39 3.0465e+39 5.6099e+39 4.5039e+39 4.791e+40 3.2707e+40
-3.0 0.1 1000.0 -1.7 5.183e+41 1.645e+42 1.298e+42 3.907e+42 2.877e+40 6.0215e+41 5.0977e+42 1.7769e+42 1.8424e+41 2.4997e+41 1.8174e+40 2.4063e+40 1.8128e+40 2.0177e+42 1.8069e+38 4.3725e+38 1.0023e+39 1.9567e+39 6.0761e+39 4.2435e+39
-3.0 0.1 1000.0 -2.0 2.2472e+41 1.1925e+42 3.9435e+41 1.187e+42 9.5151e+39 2.8607e+41 3.7217e+42 8.442e+41 8.7688e+40 1.2154e+41 1.3365e+40 1.5526e+40 1.2939e+40 1.0236e+42 5.9137e+37 1.4324e+38 1.3392e+38 1.5995e+39 6.1035e+38 5.0963e+38
-3.0 0.1 10000.0 -1.2 3.3471e+42 2.8359e+42 1.1967e+43 3.6019e+43 5.8598e+41 4.1889e+42 8.5399e+42 1.2362e+43 4.6614e+41 9.153e+41 1.3985e+40 5.4504e+40 3.2683e+40 4.553e+42 1.5853e+40 3.8755e+40 7.6845e+40 7.3924e+40 3.8696e+41 3.5183e+41
-3.0 0.1 10000.0 -1.4 2.3105e+42 2.4632e+42 8.1474e+42 2.4524e+43 2.9737e+41 3.2336e+42 7.3955e+42 9.5424e+42 3.3478e+41 6.7703e+41 1.3211e+40 2.6305e+40 1.8657e+40 3.3808e+42 6.4288e+39 1.5725e+40 3.8001e+40 3.7426e+40 1.7157e+41 1.5737e+41
-3.0 0.1 10000.0 -1.7 1.303e+42 1.8527e+42 3.8107e+42 1.147e+43 1.2958e+41 2.1798e+42 5.5618e+42 6.4326e+42 2.1876e+41 4.5123e+41 8.5503e+39 1.3956e+40 1.2096e+40 1.8569e+42 1.3343e+39 3.2695e+39 9.7744e+39 1.0271e+40 4.1194e+40 3.8267e+40
-3.0 0.1 10000.0 -2.0 7.2107e+41 1.3305e+42 1.4975e+42 4.5074e+42 6.1352e+40 1.453e+42 4.0069e+42 4.2878e+42 1.4526e+41 3.0209e+41 2.4253e+39 1.0356e+40 9.3505e+39 9.145e+41 2.4118e+38 5.9226e+38 1.8884e+39 2.3043e+39 8.7401e+39 8.2223e+39
-3.0 0.3 100.0 -1.2 2.632e+42 1.7228e+42 3.113e+42 9.3702e+42 4.8114e+41 2.0491e+42 5.3132e+42 6.047e+42 1.0042e+42 7.6401e+41 3.508e+41 3.0722e+41 1.8224e+41 4.4381e+42 3.7661e+39 9.1957e+39 2.8062e+39 1.8019e+39 1.0733e+41 7.0395e+40
-3.0 0.3 100.0 -1.4 1.475e+42 1.4849e+42 1.4522e+42 4.3712e+42 2.1454e+41 1.2728e+42 4.6123e+42 3.756e+42 6.4654e+41 4.967e+41 1.8719e+41 1.5917e+41 9.7094e+40 3.3758e+42 1.0681e+39 2.6062e+39 7.3734e+38 6.2624e+38 3.2715e+40 2.1485e+40
-3.0 0.3 100.0 -1.7 6.4202e+41 1.1247e+42 3.5585e+41 1.0711e+42 8.2498e+40 6.063e+41 3.5512e+42 1.7892e+42 3.3326e+41 2.5732e+41 6.9952e+40 6.0314e+40 4.0956e+40 1.9401e+42 1.8837e+38 4.591e+38 8.5186e+37 3.1683e+38 5.2843e+39 3.5099e+39
-3.0 0.3 100.0 -2.0 2.8872e+41 8.2578e+41 8.4701e+40 2.5495e+41 3.4948e+40 2.8729e+41 2.6578e+42 8.4779e+41 1.7262e+41 1.3336e+41 3.1018e+40 2.6799e+40 2.21e+40 1.0108e+42 4.8997e+37 1.1905e+38 9.9184e+36 2.3543e+38 7.2512e+38 5.1486e+38
-3.0 0.3 1000.0 -1.2 4.0163e+42 1.8879e+42 6.8548e+42 2.0633e+43 6.7248e+41 2.9913e+42 5.6993e+42 8.8272e+42 1.0201e+42 1.1819e+42 1.1407e+41 2.9809e+41 1.6174e+41 4.5237e+42 1.4632e+40 3.5703e+40 1.4576e+40 9.3065e+39 3.4847e+41 2.3612e+41
-3.0 0.3 1000.0 -1.4 2.5246e+42 1.6441e+42 4.4339e+42 1.3346e+43 3.0953e+41 2.0815e+42 4.9712e+42 6.1424e+42 6.8951e+41 8.4066e+41 3.8585e+40 9.7911e+40 5.7232e+40 3.4116e+42 4.94e+39 1.2042e+40 6.587e+39 4.4001e+39 1.3636e+41 9.2594e+40
-3.0 0.3 1000.0 -1.7 1.2284e+42 1.2592e+42 1.9695e+42 5.9281e+42 1.2421e+41 1.1835e+42 3.8328e+42 3.4925e+42 3.9631e+41 5.0221e+41 2.0946e+40 2.3914e+40 1.8561e+40 1.9356e+42 7.6297e+38 1.8576e+39 1.7141e+39 1.4794e+39 2.5788e+40 1.7603e+40
-3.0 0.3 1000.0 -2.0 5.9636e+41 9.3312e+41 7.7792e+41 2.3415e+42 5.5504e+40 6.6403e+41 2.8646e+42 1.9596e+42 2.2992e+41 2.9543e+41 1.5331e+40 1.5218e+40 1.3232e+40 9.9418e+41 1.311e+38 3.1911e+38 3.8516e+38 7.4969e+38 4.2993e+39 2.9857e+39
-3.0 0.3 10000.0 -1.2 4.7198e+42 2.4058e+42 1.1261e+43 3.3894e+43 1.6846e+42 5.956e+42 7.1349e+42 1.7576e+43 9.4599e+41 1.6851e+42 1.4594e+40 5.5202e+40 3.5098e+40 4.5293e+42 2.2864e+40 5.6016e+40 4.3219e+40 4.0914e+40 4.4792e+41 4.026e+41
-3.0 0.3 10000.0 -1.4 3.2902e+42 2.125e+42 7.8597e+42 2.3658e+43 8.5437e+41 4.5308e+42 6.3029e+42 1.3371e+43 6.4201e+41 1.1919e+42 1.342e+40 2.6298e+40 1.9255e+40 3.3786e+42 9.5868e+39 2.3494e+40 2.2129e+40 2.135e+40 2.0695e+41 1.8765e+41
-3.0 0.3 10000.0 -1.7 1.9282e+42 1.6424e+42 3.8403e+42 1.1559e+43 3.5127e+41 3.0815e+42 4.8838e+42 9.0936e+42 3.869e+41 7.5368e+41 8.5256e+39 1.3584e+40 1.187e+40 1.8665e+42 2.0805e+39 5.1049e+39 6.0414e+39 6.1e+39 5.3597e+40 4.9181e+40
-3.0 0.3 10000.0 -2.0 1.1475e+42 1.2095e+42 1.6097e+42 4.8452e+42 1.7177e+41 2.1461e+42 3.6098e+42 6.3331e+42 2.574e+41 5.1363e+41 2.3979e+39 1.007e+40 9.0305e+39 9.2257e+41 4.0776e+38 1.0021e+39 1.3141e+39 1.4507e+39 1.2981e+40 1.2035e+40
-3.0 0.5 100.0 -1.2 3.7974e+42 1.26e+42 3.7903e+42 1.1409e+43 9.5329e+41 3.0576e+42 3.7907e+42 9.0231e+42 1.5731e+42 1.176e+42 4.9595e+41 3.4998e+41 2.2756e+41 3.9688e+42 1.1929e+40 2.9237e+40 4.1821e+39 2.5118e+39 2.5992e+41 1.704e+41
-3.0 0.5 100.0 -1.4 2.2349e+42 1.079e+42 2.2733e+42 6.8426e+42 4.3943e+41 1.9787e+42 3.262e+42 5.8391e+42 1.0514e+42 7.9452e+41 2.7675e+41 1.956e+41 1.2724e+41 3.0329e+42 4.264e+39 1.0445e+40 1.6313e+39 1.0113e+39 1.0458e+41 6.8578e+40
-3.0 0.5 100.0 -1.7 9.96e+41 8.09e+41 8.3837e+41 2.5235e+42 1.4955e+41 1.0029e+42 2.4792e+42 2.9595e+42 5.5692e+41 4.2561e+41 1.0534e+41 7.9667e+40 5.4483e+40 1.7534e+42 8.88e+38 2.1733e+39 3.585e+38 2.7598e+38 2.4679e+40 1.6203e+40
-3.0 0.5 100.0 -2.0 4.6431e+41 5.9428e+41 2.7554e+41 8.2937e+41 6.5058e+40 5.106e+41 1.8506e+42 1.5068e+42 3.0215e+41 2.3168e+41 4.214e+40 3.5283e+40 2.7902e+40 9.1893e+41 2.0981e+38 5.1287e+38 8.7872e+37 1.3679e+38 6.0478e+39 3.9922e+39
-3.0 0.5 1000.0 -1.2 4.6667e+42 1.4483e+42 6.3112e+42 1.8997e+43 1.1611e+42 3.8832e+42 4.2935e+42 1.1459e+43 1.5234e+42 1.6219e+42 2.2008e+41 3.6578e+41 2.4685e+41 4.2329e+42 3.0327e+40 7.4298e+40 1.135e+40 7.118e+39 5.6065e+41 3.7904e+41
-3.0 0.5 1000.0 -1.4 2.987e+42 1.2688e+42 4.4138e+42 1.3286e+43 5.5073e+41 2.6947e+42 3.7712e+42 7.952e+42 1.0185e+42 1.1468e+42 8.1454e+40 1.6717e+41 1.1179e+41 3.221e+42 1.3446e+40 3.2921e+40 6.0697e+39 3.8544e+39 2.7554e+41 1.8653e+41
-3.0 0.5 1000.0 -1.7 1.5038e+42 9.8549e+41 2.244e+42 6.7543e+42 1.9805e+41 1.5519e+42 2.9513e+42 4.5796e+42 5.6846e+41 6.8018e+41 2.6443e+40 4.1992e+40 3.0694e+40 1.8525e+42 3.2156e+39 7.8661e+39 2.1892e+39 1.4709e+39 7.8514e+40 5.3282e+40
-3.0 0.5 1000.0 -2.0 7.6973e+41 7.4574e+41 1.0312e+42 3.104e+42 8.9701e+40 9.0883e+41 2.2544e+42 2.682e+42 3.3691e+41 4.1442e+41 1.7568e+40 1.7717e+40 1.5515e+40 9.635e+41 6.5017e+38 1.5898e+39 7.2318e+38 5.8911e+38 1.8446e+40 1.2566e+40
-3.0 0.5 10000.0 -1.2 4.8411e+42 2.0519e+42 9.6633e+42 2.9086e+43 2.1992e+42 7.1995e+42 6.0123e+42 2.1246e+43 1.3972e+42 2.3181e+42 1.6167e+40 7.5731e+40 4.6837e+40 4.4664e+42 3.2936e+40 8.0856e+40 2.3802e+40 2.2131e+40 5.4129e+41 4.8061e+41
-3.0 0.5 10000.0 -1.4 3.391e+42 1.8435e+42 6.859e+42 2.0646e+43 1.1733e+42 5.4765e+42 5.4118e+42 1.6161e+43 9.3983e+41 1.6368e+42 1.3941e+40 3.3279e+40 2.2879e+40 3.3487e+42 1.4305e+40 3.5123e+40 1.2656e+40 1.1955e+40 2.5862e+41 2.3167e+41
-3.0 0.5 10000.0 -1.7 1.9956e+42 1.4605e+42 3.4065e+42 1.0253e+43 4.936e+41 3.712e+42 4.3082e+42 1.0954e+43 5.6375e+41 1.0349e+42 8.578e+39 1.4088e+40 1.1946e+40 1.8615e+42 3.1211e+39 7.6693e+39 3.5545e+39 3.471e+39 6.852e+40 6.2102e+40
-3.0 0.5 10000.0 -2.0 1.1963e+42 1.0999e+42 1.4431e+42 4.3439e+42 2.4253e+41 2.5902e+42 3.2616e+42 7.6437e+42 3.7215e+41 7.0282e+41 2.3633e+39 9.785e+39 8.6583e+39 9.2441e+41 5.9243e+38 1.4572e+39 7.7492e+38 8.0193e+38 1.6718e+40 1.5297e+40
-4.5 0.1 100.0 -1.2 3.0149e+41 2.4657e+42 5.6057e+40 1.6873e+41 1.3936e+40 2.82e+41 8.055e+42 8.322e+41 2.4176e+41 1.921e+41 1.7605e+40 1.3425e+40 1.0393e+40 2.1038e+42 1.0226e+37 2.5196e+37 1.1609e+37 2.0347e+37 3.5517e+38 2.3457e+38
-4.5 0.1 100.0 -1.4 2.393e+41 2.2785e+42 1.52e+40 4.5751e+40 6.2978e+39 1.409e+41 7.4646e+42 4.1579e+41 1.285e+41 1.0268e+41 1.7109e+40 1.2641e+40 1.0303e+40 1.6163e+42 2.9502e+36 7.2689e+36 1.0058e+36 1.7938e+37 7.4489e+37 5.0872e+37
-4.5 0.1 100.0 -1.7 1.6493e+41 1.7962e+42 1.2492e+39 3.76e+39 1.5639e+39 4.1391e+40 5.9236e+42 1.2215e+41 4.0721e+40 3.2823e+40 1.4434e+40 1.1191e+40 9.3464e+39 9.3011e+41 1.1584e+36 2.8541e+36 5.4797e+34 2.1855e+37 6.9105e+36 6.7976e+36
-4.5 0.1 100.0 -2.0 1.0771e+41 1.3143e+42 1.0324e+38 3.1075e+38 3.2781e+38 1.0898e+40 4.3678e+42 3.2159e+40 1.1255e+40 9.1651e+39 9.2175e+39 8.387e+39 7.2682e+39 4.7955e+41 9.3308e+35 2.2988e+36 4.8144e+32 7.4404e+36 2.9765e+34 4.792e+35
-4.5 0.1 1000.0 -1.2 9.3697e+41 2.4688e+42 4.1082e+41 1.2366e+42 1.1858e+41 1.5178e+42 7.8259e+42 4.479e+42 7.8631e+41 1.0284e+42 1.2367e+40 1.2252e+40 9.8411e+39 2.0941e+42 1.1232e+38 2.7673e+38 6.8603e+38 4.5105e+38 4.6769e+39 3.187e+39
-4.5 0.1 1000.0 -1.4 6.1628e+41 2.2765e+42 2.6388e+41 7.9428e+41 7.2591e+40 1.0797e+42 7.2133e+42 3.1862e+42 5.6391e+41 7.4756e+41 1.1208e+40 1.0848e+40 9.3699e+39 1.6042e+42 3.2777e+37 8.0758e+37 2.6462e+38 1.9123e+38 1.5736e+39 1.0763e+39
-4.5 0.1 1000.0 -1.7 3.0329e+41 1.7908e+42 1.1318e+41 3.4068e+41 3.0251e+40 5.606e+41 5.6836e+42 1.6543e+42 2.9478e+41 3.9827e+41 7.8081e+39 9.3983e+39 8.3378e+39 9.2035e+41 5.3572e+36 1.3199e+37 5.0486e+37 6.2046e+37 2.5886e+38 1.7969e+38
-4.5 0.1 1000.0 -2.0 1.4922e+41 1.3096e+42 4.2183e+40 1.2697e+41 1.1557e+40 2.6556e+41 4.17e+42 7.8367e+41 1.4004e+41 1.9252e+41 4.0968e+39 7.9568e+39 7.0294e+39 4.7408e+41 1.5112e+36 3.7233e+36 7.7793e+36 3.81e+37 3.6848e+37 2.7801e+37
-4.5 0.1 10000.0 -1.2 1.6604e+42 2.4788e+42 9.2453e+41 2.7828e+42 5.7699e+41 3.6416e+42 7.5991e+42 1.0746e+43 7.7019e+41 1.533e+42 2.4188e+39 8.8497e+39 7.0767e+39 2.0604e+42 7.8001e+38 1.922e+39 4.1318e+39 3.984e+39 2.237e+40 2.0452e+40
-4.5 0.1 10000.0 -1.4 1.1951e+42 2.2794e+42 6.7834e+41 2.0418e+42 3.9913e+41 2.885e+42 6.9764e+42 8.5137e+42 5.9756e+41 1.1984e+42 1.6076e+39 8.4963e+39 7.0384e+39 1.5691e+42 3.7745e+38 9.3007e+38 2.2442e+39 2.1984e+39 1.1713e+40 1.0782e+40
-4.5 0.1 10000.0 -1.7 6.5071e+41 1.7896e+42 3.5343e+41 1.0638e+42 2.0396e+41 1.797e+42 5.4757e+42 5.3029e+42 3.592e+41 7.2799e+41 5.1021e+38 7.4038e+39 5.9812e+39 8.8509e+41 9.9916e+37 2.4621e+38 6.7403e+38 6.8761e+38 3.5896e+39 3.3374e+39
-4.5 0.1 10000.0 -2.0 3.319e+41 1.3071e+42 1.5559e+41 4.6832e+41 9.7913e+40 1.04e+42 4.004e+42 3.0692e+42 2.012e+41 4.1151e+41 1.009e+38 5.5244e+39 4.0051e+39 4.4254e+41 2.1241e+37 5.2343e+37 1.5241e+38 1.7159e+38 9.2335e+38 8.6759e+38
-4.5 0.3 100.0 -1.2 1.8859e+42 2.312e+42 2.1323e+41 6.4182e+41 5.2287e+41 3.0412e+42 7.2784e+42 8.9746e+42 3.2498e+42 2.4615e+42 2.007e+40 1.4529e+40 1.0853e+40 2.1848e+42 3.8669e+37 9.5283e+37 4.3778e+37 3.1528e+37 1.5132e+39 9.9353e+38
-4.5 0.3 100.0 -1.4 1.2724e+42 2.1458e+42 1.1425e+41 3.4389e+41 3.5093e+41 2.2788e+42 6.7628e+42 6.7246e+42 2.4841e+42 1.8886e+42 1.901e+40 1.3346e+40 1.0674e+40 1.6806e+42 1.0568e+37 2.6039e+37 8.8123e+36 1.2225e+37 4.4352e+38 2.9241e+38
-4.5 0.3 100.0 -1.7 6.2715e+41 1.701e+42 3.5387e+40 1.0651e+41 1.6565e+41 1.281e+42 5.3783e+42 3.7802e+42 1.4239e+42 1.0892e+42 1.6259e+40 1.2041e+40 1.0005e+40 9.7032e+41 2.2109e+36 5.4478e+36 7.2441e+35 9.1136e+36 7.0636e+37 4.8122e+37
-4.5 0.3 100.0 -2.0 2.9469e+41 1.2504e+42 1.0231e+40 3.0794e+40 7.1095e+40 6.6115e+41 3.9714e+42 1.951e+42 7.4288e+41 5.7195e+41 1.1901e+40 1.0144e+40 8.5597e+39 5.0358e+41 9.765e+35 2.406e+36 8.8953e+34 9.8354e+36 1.0877e+37 8.9418e+36
-4.5 0.3 1000.0 -1.2 3.7231e+42 2.3044e+42 5.7757e+41 1.7385e+42 1.0098e+42 5.0026e+42 7.0998e+42 1.4763e+43 3.6651e+42 4.236e+42 1.4194e+40 1.496e+40 1.1122e+40 2.1474e+42 2.8558e+38 7.037e+38 6.3069e+38 4.0374e+38 1.0051e+40 6.8272e+39
-4.5 0.3 1000.0 -1.4 2.7387e+42 2.1356e+42 4.0865e+41 1.23e+42 7.2108e+41 4.0201e+42 6.584e+42 1.1863e+43 2.934e+42 3.44e+42 1.266e+40 1.2213e+40 1.0097e+40 1.6483e+42 1.0837e+38 2.6703e+38 2.9789e+38 1.9714e+38 4.5074e+39 3.0668e+39
-4.5 0.3 1000.0 -1.7 1.5274e+42 1.6896e+42 2.074e+41 6.2429e+41 3.8122e+41 2.5462e+42 5.2229e+42 7.5137e+42 1.8298e+42 2.1936e+42 8.7695e+39 1.023e+40 8.893e+39 9.4882e+41 2.1561e+37 5.3127e+37 8.0888e+37 6.2925e+37 1.1462e+39 7.8275e+38
-4.5 0.3 1000.0 -2.0 7.98e+41 1.2401e+42 9.4658e+40 2.8492e+41 1.8651e+41 1.4974e+42 3.8442e+42 4.4188e+42 1.053e+42 1.2908e+42 4.4459e+39 8.5781e+39 7.4225e+39 4.904e+41 4.653e+36 1.1465e+37 1.9307e+37 2.5221e+37 2.7649e+38 1.9047e+38
-4.5 0.3 10000.0 -1.2 3.8786e+42 2.3088e+42 1.0102e+42 3.0406e+42 2.1135e+42 7.228e+42 6.9323e+42 2.133e+43 2.315e+42 4.2512e+42 2.4542e+39 8.7215e+39 6.7436e+39 2.0935e+42 1.1286e+39 2.7811e+39 2.5306e+39 2.4107e+39 3.0679e+40 2.765e+40
-4.5 0.3 10000.0 -1.4 2.9839e+42 2.1394e+42 7.6424e+41 2.3004e+42 1.5587e+42 5.9907e+42 6.4216e+42 1.7678e+43 1.8644e+42 3.4581e+42 1.6275e+39 8.1575e+39 6.5363e+39 1.5968e+42 5.7533e+38 1.4177e+39 1.4441e+39 1.3936e+39 1.7232e+40 1.5625e+40
-4.5 0.3 10000.0 -1.7 1.7882e+42 1.6918e+42 4.2049e+41 1.2657e+42 8.7183e+41 3.9957e+42 5.0837e+42 1.1791e+43 1.18e+42 2.2238e+42 5.1567e+38 6.8769e+39 5.3027e+39 9.0359e+41 1.6828e+38 4.1469e+38 4.8332e+38 4.7972e+38 6.1038e+39 5.5793e+39
-4.5 0.3 10000.0 -2.0 1.0027e+42 1.2419e+42 1.9978e+41 6.0133e+41 4.5478e+41 2.4822e+42 3.7399e+42 7.325e+42 6.9243e+41 1.3266e+42 1.0223e+38 4.8964e+39 3.2925e+39 4.5366e+41 4.206e+37 1.0365e+38 1.3304e+38 1.3924e+38 1.9606e+39 1.8048e+39
-4.5 0.5 100.0 -1.2 3.9243e+42 2.1459e+42 3.101e+41 9.3341e+41 1.4452e+42 5.9265e+42 6.618e+42 1.7489e+43 7.3786e+42 5.4796e+42 2.3191e+40 1.5855e+40 1.1351e+40 2.1824e+42 1.3515e+38 3.3306e+38 9.271e+37 5.7013e+37 5.44e+39 3.5669e+39
-4.5 0.5 100.0 -1.4 2.9214e+42 2.0033e+42 1.9866e+41 5.9797e+41 1.0576e+42 4.7682e+42 6.1936e+42 1.4071e+43 6.0034e+42 4.4712e+42 2.1198e+40 1.4112e+40 1.0948e+40 1.6812e+42 4.7349e+37 1.1668e+38 3.4861e+37 2.3179e+37 2.3792e+39 1.5606e+39
-4.5 0.5 100.0 -1.7 1.6662e+42 1.5959e+42 8.5953e+40 2.5872e+41 5.7666e+41 3.0305e+42 4.9565e+42 8.9429e+42 3.8314e+42 2.8673e+42 1.7771e+40 1.2543e+40 1.0302e+40 9.7305e+41 9.7111e+36 2.393e+37 7.2334e+36 7.325e+36 6.4706e+38 4.2537e+38
-4.5 0.5 100.0 -2.0 8.9289e+41 1.177e+42 3.3251e+40 1.0009e+41 2.8876e+41 1.7926e+42 3.6709e+42 5.2899e+42 2.2511e+42 1.6936e+42 1.3534e+40 1.0991e+40 9.2063e+39 5.0568e+41 2.4798e+36 6.1107e+36 1.6455e+36 4.3602e+36 1.7986e+38 1.1917e+38
-4.5 0.5 1000.0 -1.2 5.2714e+42 2.1392e+42 5.7363e+41 1.7266e+42 1.9847e+42 7.5709e+42 6.4922e+42 2.2342e+43 6.9027e+42 7.3536e+42 1.6588e+40 1.7911e+40 1.2441e+40 2.1487e+42 5.7346e+38 1.4132e+39 4.9384e+38 3.117e+38 1.7453e+40 1.1818e+40
-4.5 0.5 1000.0 -1.4 4.0821e+42 1.9956e+42 4.2353e+41 1.2748e+42 1.4832e+42 6.2659e+42 6.0648e+42 1.8491e+43 5.6734e+42 6.1251e+42 1.4224e+40 1.416e+40 1.0961e+40 1.6502e+42 2.6903e+38 6.6295e+38 2.7217e+38 1.739e+38 9.319e+39 6.3157e+39
-4.5 0.5 1000.0 -1.7 2.4649e+42 1.5893e+42 2.3066e+41 6.9428e+41 8.3959e+41 4.1623e+42 4.8447e+42 1.2283e+43 3.6876e+42 4.0664e+42 9.8375e+39 1.108e+40 9.3088e+39 9.5079e+41 7.3068e+37 1.8006e+38 9.7059e+37 6.4985e+37 3.1361e+39 2.1287e+39
-4.5 0.5 1000.0 -2.0 1.3926e+42 1.1716e+42 1.1359e+41 3.419e+41 4.3908e+41 2.5733e+42 3.5837e+42 7.5938e+42 2.2117e+42 2.4944e+42 4.9159e+39 9.0485e+39 7.6226e+39 4.9247e+41 1.7938e+37 4.4203e+37 3.1078e+37 2.3948e+37 9.5702e+38 6.5109e+38
-4.5 0.5 10000.0 -1.2 4.5016e+42 2.1418e+42 8.8236e+41 2.6559e+42 3.1202e+42 9.4848e+42 6.3637e+42 2.799e+43 3.9782e+42 6.7573e+42 2.5268e+39 8.8908e+39 6.4979e+39 2.0942e+42 1.474e+39 3.6325e+39 1.3643e+39 1.2804e+39 3.7139e+40 3.2921e+40
-4.5 0.5 10000.0 -1.4 3.5443e+42 1.9987e+42 6.7597e+41 2.0347e+42 2.3534e+42 7.9579e+42 5.9422e+42 2.3484e+43 3.2394e+42 5.5587e+42 1.6637e+39 7.8984e+39 5.9919e+39 1.5997e+42 7.7222e+38 1.903e+39 8.0609e+38 7.6489e+38 2.1628e+40 1.9272e+40
-4.5 0.5 10000.0 -1.7 2.1985e+42 1.5934e+42 3.7828e+41 1.1386e+42 1.36e+42 5.4096e+42 4.7463e+42 1.5964e+43 2.0847e+42 3.6368e+42 5.234e+38 6.2516e+39 4.4884e+39 9.0745e+41 2.3029e+38 5.6753e+38 2.8201e+38 2.7349e+38 8.0726e+39 7.2408e+39
-4.5 0.5 10000.0 -2.0 1.2785e+42 1.1761e+42 1.8283e+41 5.503e+41 7.3184e+41 3.4309e+42 3.5119e+42 1.0125e+43 1.2421e+42 2.2073e+42 1.0332e+38 4.0953e+39 2.5437e+39 4.5675e+41 5.8223e+37 1.4349e+38 8.1561e+37 8.1891e+37 2.7596e+39 2.4882e+39
-4.0 0.1 100.0 -1.2 4.1154e+41 2.598e+42 1.4669e+41 4.4153e+41 4.3794e+40 5.8442e+41 8.3934e+42 1.7246e+42 4.5003e+41 3.5407e+41 3.4257e+40 3.0129e+40 2.0496e+40 3.5675e+42 4.8386e+37 1.1908e+38 3.292e+37 8.491e+37 1.6264e+39 1.0731e+39
-4.0 0.1 100.0 -1.4 2.8918e+41 2.348e+42 3.3729e+40 1.0153e+41 2.1661e+40 3.0522e+41 7.6159e+42 9.0069e+41 2.5453e+41 2.0074e+41 2.8268e+40 2.2153e+40 1.7079e+40 2.75e+42 1.4313e+37 3.5224e+37 3.6823e+36 8.6123e+37 3.725e+38 2.5247e+38
-4.0 0.1 100.0 -1.7 1.8037e+41 1.8143e+42 2.9242e+39 8.8019e+39 6.3463e+39 1.045e+41 5.9394e+42 3.0839e+41 9.4187e+40 7.4703e+40 2.2076e+40 1.6741e+40 1.415e+40 1.5924e+42 5.2652e+36 1.2954e+37 2.782e+35 7.3257e+37 3.6548e+37 3.0097e+37
-4.0 0.1 100.0 -2.0 1.1254e+41 1.3123e+42 3.3458e+38 1.0071e+39 1.5989e+39 3.3096e+40 4.3391e+42 9.7666e+40 3.1199e+40 2.4958e+40 1.3599e+40 1.1553e+40 1.0106e+40 8.2783e+41 4.1262e+36 1.015e+37 2.6161e+33 3.2635e+37 1.6524e+35 3.1505e+36
-4.0 0.1 1000.0 -1.2 1.6719e+42 2.6414e+42 1.4342e+42 4.317e+42 1.8509e+41 2.3657e+42 8.297e+42 6.9812e+42 9.9941e+41 1.3076e+42 1.8879e+40 2.4956e+40 1.7607e+40 3.4644e+42 4.0713e+38 1.0019e+39 2.4198e+39 1.6162e+39 1.6926e+40 1.1534e+40
-4.0 0.1 1000.0 -1.4 1.019e+42 2.3707e+42 8.8151e+41 2.6534e+42 1.0983e+41 1.6409e+42 7.4346e+42 4.8423e+42 7.0962e+41 9.4067e+41 1.6567e+40 1.5882e+40 1.3267e+40 2.6567e+42 1.0713e+38 2.6363e+38 8.8764e+38 6.7791e+38 5.171e+39 3.5392e+39
-4.0 0.1 1000.0 -1.7 4.4552e+41 1.8182e+42 3.5329e+41 1.0634e+42 4.4337e+40 8.2796e+41 5.7079e+42 2.4433e+42 3.6671e+41 4.9544e+41 1.2528e+40 1.2178e+40 1.0871e+40 1.5316e+42 1.6696e+37 4.1083e+37 1.5652e+38 2.4657e+38 7.3195e+38 5.1156e+38
-4.0 0.1 1000.0 -2.0 1.9577e+41 1.3107e+42 1.2281e+41 3.6965e+41 1.6639e+40 3.8533e+41 4.1284e+42 1.1371e+42 1.7367e+41 2.3883e+41 8.6028e+39 1.0013e+40 9.1225e+39 7.9486e+41 5.8792e+36 1.4467e+37 2.2314e+37 1.7783e+38 9.1596e+37 7.3204e+37
-4.0 0.1 10000.0 -1.2 2.7759e+42 2.6701e+42 3.3701e+42 1.0144e+43 6.662e+41 4.9328e+42 8.1241e+42 1.4557e+43 7.6388e+41 1.5294e+42 7.5804e+39 1.6697e+40 1.219e+40 3.3291e+42 3.2241e+39 7.9369e+39 1.7077e+40 1.6491e+40 8.5714e+40 7.8338e+40
-4.0 0.1 10000.0 -1.4 1.957e+42 2.3951e+42 2.43e+42 7.3142e+42 4.4018e+41 3.8572e+42 7.2667e+42 1.1383e+43 5.9116e+41 1.1925e+42 6.0905e+39 1.2834e+40 1.0583e+40 2.5314e+42 1.5176e+39 3.736e+39 9.1468e+39 8.9826e+39 4.3521e+40 4.0056e+40
-4.0 0.1 10000.0 -1.7 1.054e+42 1.8369e+42 1.2404e+42 3.7336e+42 2.1483e+41 2.4002e+42 5.5694e+42 7.0831e+42 3.586e+41 7.3076e+41 2.3889e+39 1.019e+40 8.959e+39 1.4286e+42 3.8752e+38 9.5413e+38 2.6852e+39 2.757e+39 1.2727e+40 1.1835e+40
-4.0 0.1 10000.0 -2.0 5.3992e+41 1.3237e+42 5.3428e+41 1.6082e+42 9.9925e+40 1.4114e+42 4.0189e+42 4.1651e+42 2.0458e+41 4.2078e+41 5.0002e+38 8.1663e+39 7.0697e+39 7.16e+41 8.0299e+37 1.9775e+38 5.8999e+38 6.7549e+38 3.136e+39 2.9476e+39
-4.0 0.3 100.0 -1.2 2.6115e+42 2.4119e+42 5.4351e+41 1.636e+42 5.8568e+41 3.4105e+42 7.5809e+42 1.0064e+43 2.7979e+42 2.1323e+42 4.4524e+40 3.607e+40 2.3454e+40 3.5769e+42 1.6645e+38 4.0975e+38 1.328e+38 1.0418e+38 6.0495e+39 3.9711e+39
-4.0 0.3 100.0 -1.4 1.6806e+42 2.185e+42 2.4744e+41 7.4478e+41 3.8125e+41 2.427e+42 6.8838e+42 7.1621e+42 2.0941e+42 1.5994e+42 3.432e+40 2.523e+40 1.8678e+40 2.758e+42 4.895e+37 1.205e+38 2.7006e+37 4.8417e+37 1.8603e+39 1.2256e+39
-4.0 0.3 100.0 -1.7 8.0184e+41 1.6929e+42 6.0173e+40 1.8112e+41 1.7631e+41 1.2915e+42 5.3656e+42 3.8111e+42 1.1798e+42 9.0441e+41 2.5225e+40 1.8184e+40 1.5234e+40 1.6005e+42 1.0726e+37 2.6401e+37 2.8948e+36 4.2382e+37 3.2679e+38 2.2118e+38
-4.0 0.3 100.0 -2.0 3.7391e+41 1.2277e+42 1.5604e+40 4.6967e+40 7.4459e+40 6.5046e+41 3.92e+42 1.9195e+42 6.1362e+41 4.7286e+41 1.8409e+40 1.423e+40 1.2416e+40 8.3583e+41 4.4202e+36 1.0878e+37 4.4207e+35 4.626e+37 5.2874e+37 4.1704e+37
-4.0 0.3 1000.0 -1.2 4.9339e+42 2.4151e+42 1.845e+42 5.5535e+42 9.598e+41 5.5592e+42 7.408e+42 1.6405e+43 2.9133e+42 3.4662e+42 2.5034e+40 3.8354e+40 2.4439e+40 3.4749e+42 1.0987e+39 2.7047e+39 2.2426e+39 1.4432e+39 3.5809e+40 2.4318e+40
-4.0 0.3 1000.0 -1.4 3.4553e+42 2.1827e+42 1.2513e+42 3.7664e+42 6.5381e+41 4.31e+42 6.6959e+42 1.2719e+43 2.2998e+42 2.7711e+42 1.9413e+40 2.1072e+40 1.6167e+40 2.666e+42 3.909e+38 9.6227e+38 1.0246e+39 6.8903e+38 1.4993e+40 1.0201e+40
-4.0 0.3 1000.0 -1.7 1.8171e+42 1.6858e+42 5.9714e+41 1.7974e+42 3.2817e+41 2.6177e+42 5.1857e+42 7.7247e+42 1.415e+42 1.7372e+42 1.446e+40 1.3473e+40 1.1977e+40 1.539e+42 6.8929e+37 1.6968e+38 2.6505e+38 2.2249e+38 3.3404e+39 2.2835e+39
-4.0 0.3 1000.0 -2.0 9.0713e+41 1.2202e+42 2.5714e+41 7.7401e+41 1.5247e+41 1.4918e+42 3.768e+42 4.4022e+42 8.041e+41 1.0075e+42 9.7175e+39 1.0934e+40 9.9436e+39 8.004e+41 1.4432e+37 3.5524e+37 6.0208e+37 9.9543e+37 7.002e+38 4.8517e+38
-4.0 0.3 10000.0 -1.2 4.9778e+42 2.4512e+42 3.4479e+42 1.0378e+43 1.8609e+42 8.0069e+42 7.3318e+42 2.3628e+43 1.6763e+42 3.1457e+42 7.7571e+39 1.7329e+40 1.2442e+40 3.3557e+42 4.5363e+39 1.117e+40 9.8442e+39 9.3862e+39 1.0483e+41 9.4648e+40
-4.0 0.3 10000.0 -1.4 3.7071e+42 2.2194e+42 2.5536e+42 7.6865e+42 1.2983e+42 6.4834e+42 6.6313e+42 1.9133e+43 1.3315e+42 2.5264e+42 6.1846e+39 1.2865e+40 1.0456e+40 2.555e+42 2.2304e+39 5.4921e+39 5.5032e+39 5.3208e+39 5.6182e+40 5.1063e+40
-4.0 0.3 10000.0 -1.7 2.1633e+42 1.7186e+42 1.3649e+42 4.1082e+42 6.8857e+41 4.2589e+42 5.1379e+42 1.2568e+43 8.4594e+41 1.6275e+42 2.4114e+39 9.8971e+39 8.5976e+39 1.4448e+42 6.1401e+38 1.5121e+39 1.7567e+39 1.7534e+39 1.8296e+40 1.678e+40
-4.0 0.3 10000.0 -2.0 1.2081e+42 1.2489e+42 6.2911e+41 1.8936e+42 3.4781e+41 2.6581e+42 3.7416e+42 7.844e+42 5.0719e+41 9.8884e+41 5.0584e+38 7.8171e+39 6.5989e+39 7.2636e+41 1.4462e+38 3.5621e+38 4.5174e+38 4.8026e+38 5.3857e+39 4.9793e+39
-4.0 0.5 100.0 -1.2 4.5245e+42 2.1983e+42 8.6104e+41 2.5917e+42 1.1938e+42 5.8121e+42 6.778e+42 1.7152e+43 5.0931e+42 3.8297e+42 5.8922e+40 4.3633e+40 2.7397e+40 3.5175e+42 5.5161e+38 1.3584e+39 3.0935e+38 1.9215e+38 1.8856e+40 1.2364e+40
-4.0 0.5 100.0 -1.4 3.1625e+42 2.002e+42 5.0106e+41 1.5082e+42 8.3001e+41 4.433e+42 6.1953e+42 1.3082e+43 4.0406e+42 3.0452e+42 4.2997e+40 2.9835e+40 2.105e+40 2.7136e+42 1.9715e+38 4.855e+38 1.1348e+38 7.8197e+37 7.8711e+39 5.1637e+39
-4.0 0.5 100.0 -1.7 1.6707e+42 1.5568e+42 1.8255e+41 5.4947e+41 4.2961e+41 2.6244e+42 4.8457e+42 7.7446e+42 2.5024e+42 1.8922e+42 2.8991e+40 2.0107e+40 1.635e+40 1.5752e+42 4.2948e+37 1.0576e+38 2.3653e+37 2.7554e+37 2.0099e+39 1.3222e+39
-4.0 0.5 100.0 -2.0 8.4754e+41 1.1327e+42 5.9379e+40 1.7873e+41 2.0612e+41 1.4638e+42 3.548e+42 4.3196e+42 1.4338e+42 1.0886e+42 2.0849e+40 1.559e+40 1.357e+40 8.2363e+41 1.1385e+37 2.8033e+37 5.5894e+36 1.8679e+37 5.2173e+38 3.4683e+38
-4.0 0.5 1000.0 -1.2 6.1869e+42 2.1993e+42 1.8456e+42 5.5554e+42 1.5622e+42 7.6325e+42 6.6518e+42 2.2523e+43 4.5916e+42 5.1336e+42 3.516e+40 5.3543e+40 3.2613e+40 3.4445e+42 2.3618e+39 5.8165e+39 1.8334e+39 1.1588e+39 6.2284e+40 4.2189e+40
-4.0 0.5 1000.0 -1.4 4.54e+42 2.0024e+42 1.3166e+42 3.963e+42 1.1e+42 6.0756e+42 6.0648e+42 1.7929e+43 3.6976e+42 4.1917e+42 2.3992e+40 3.0975e+40 2.1467e+40 2.6439e+42 1.0821e+39 2.6647e+39 9.9551e+38 6.3838e+38 3.1842e+40 2.1591e+40
-4.0 0.5 1000.0 -1.7 2.566e+42 1.5575e+42 6.8455e+41 2.0605e+42 5.859e+41 3.8544e+42 4.7342e+42 1.1374e+43 2.3637e+42 2.7303e+42 1.6546e+40 1.6415e+40 1.3827e+40 1.5274e+42 2.8218e+38 6.9489e+38 3.5174e+38 2.3879e+38 9.9294e+39 6.7457e+39
-4.0 0.5 1000.0 -2.0 1.3801e+42 1.1331e+42 3.2372e+41 9.744e+41 2.9231e+41 2.3048e+42 3.4592e+42 6.8015e+42 1.4053e+42 1.655e+42 1.0976e+40 1.2039e+40 1.0828e+40 7.9571e+41 6.644e+37 1.6361e+38 1.1226e+38 9.054e+37 2.7343e+39 1.8636e+39
-4.0 0.5 10000.0 -1.2 5.2883e+42 2.2467e+42 3.0046e+42 9.0439e+42 2.4644e+42 9.8736e+42 6.6531e+42 2.9137e+43 2.5275e+42 4.4619e+42 8.1003e+39 1.9989e+40 1.3646e+40 3.3488e+42 6.1193e+39 1.5072e+40 5.3136e+39 4.9894e+39 1.2392e+41 1.1044e+41
-4.0 0.5 10000.0 -1.4 4.0056e+42 2.0505e+42 2.2522e+42 6.7793e+42 1.7439e+42 8.0619e+42 6.074e+42 2.3791e+43 2.0085e+42 3.595e+42 6.3526e+39 1.374e+40 1.0703e+40 2.5543e+42 3.0932e+39 7.6187e+39 3.0689e+39 2.9162e+39 6.8481e+40 6.141e+40
-4.0 0.5 10000.0 -1.7 2.3958e+42 1.6032e+42 1.2219e+42 3.678e+42 9.4897e+41 5.367e+42 4.7581e+42 1.5838e+43 1.2843e+42 2.3371e+42 2.4454e+39 9.7144e+39 8.2257e+39 1.4487e+42 8.639e+38 2.128e+39 1.0143e+39 9.8777e+38 2.3111e+40 2.0896e+40
-4.0 0.5 10000.0 -2.0 1.3717e+42 1.1737e+42 5.702e+41 1.7163e+42 4.9315e+41 3.3979e+42 3.493e+42 1.0027e+43 7.7897e+41 1.4377e+42 5.0977e+38 7.3634e+39 5.9811e+39 7.3027e+41 2.0232e+38 4.9842e+38 2.6726e+38 2.7155e+38 7.0462e+39 6.4146e+39
-1.5 0.1 100.0 -1.2 3.0389e+41 5.4259e+41 3.3636e+42 1.0124e+43 6.3921e+40 1.7223e+41 1.5805e+42 5.0826e+41 1.0132e+41 7.6013e+40 1.0417e+42 7.8515e+41 5.0273e+41 3.4318e+42 2.0223e+40 4.6957e+40 1.1023e+40 6.8361e+39 2.6408e+41 1.7311e+41
-1.5 0.1 100.0 -1.4 1.5406e+41 5.1416e+41 2.4734e+42 7.4449e+42 1.0409e+40 7.8096e+40 1.5123e+42 2.3046e+41 4.8325e+40 3.7337e+40 5.2504e+41 4.1682e+41 2.7183e+41 2.7533e+42 8.0061e+39 1.8317e+40 3.7606e+39 2.7768e+39 1.1158e+41 7.3206e+40
-1.5 0.1 100.0 -1.7 8.3812e+40 4.9343e+41 1.1992e+42 3.6095e+42 2.3198e+39 3.7773e+40 1.4931e+42 1.1147e+41 2.285e+40 1.8045e+40 1.2543e+41 1.4063e+41 8.2876e+40 1.8015e+42 1.8879e+39 4.2026e+39 4.901e+38 1.4174e+39 2.2844e+40 1.5161e+40
-1.5 0.1 100.0 -2.0 6.2111e+40 4.8119e+41 3.5737e+41 1.0757e+42 1.2385e+39 2.1971e+40 1.5129e+42 6.4835e+40 1.2947e+40 1.0251e+40 2.9965e+40 4.1155e+40 2.8623e+40 1.0729e+42 5.4182e+38 1.174e+39 7.4288e+37 1.8909e+39 3.1494e+39 2.4248e+39
-1.5 0.1 1000.0 -1.2 1.2005e+42 1.6349e+42 1.3165e+43 3.9627e+43 2.1571e+41 7.0233e+41 4.8342e+42 2.0726e+42 3.0113e+41 3.3189e+41 1.2e+41 7.3363e+41 3.6134e+41 5.0827e+42 5.1802e+40 1.1969e+41 4.0805e+40 2.69e+40 8.3226e+41 5.6339e+41
-1.5 0.1 1000.0 -1.4 7.5298e+41 1.5381e+42 7.9777e+42 2.4013e+43 5.2682e+40 4.2392e+41 4.5995e+42 1.251e+42 1.5182e+41 1.8587e+41 3.1062e+40 1.397e+41 7.5315e+40 3.758e+42 1.275e+40 2.9401e+40 1.5712e+40 1.188e+40 2.5543e+41 1.7353e+41
-5.0 0.1 100.0 -1.2 2.4497e+41 2.2644e+42 1.4332e+40 4.3138e+40 1.9662e+39 7.5278e+40 7.6217e+42 2.2215e+41 5.9019e+40 4.7822e+40 7.9352e+39 7.2617e+39 5.5744e+39 8.7121e+41 1.969e+36 4.8528e+36 2.9776e+36 4.2324e+36 7.1363e+37 4.7128e+37
-5.0 0.1 100.0 -1.4 2.1069e+41 2.1424e+42 4.5304e+39 1.3637e+40 8.2124e+38 3.7725e+40 7.2358e+42 1.1133e+41 3.0702e+40 2.5083e+40 7.989e+39 7.489e+39 5.8402e+39 6.5899e+41 5.4555e+35 1.3446e+36 2.4125e+35 3.3138e+36 1.3984e+37 9.5608e+36
-5.0 0.1 100.0 -1.7 1.5193e+41 1.7294e+42 4.7128e+38 1.4186e+39 1.8602e+38 1.0864e+40 5.8773e+42 3.2061e+40 9.3355e+39 7.7201e+39 6.781e+39 6.9381e+39 5.4831e+39 3.702e+41 2.1651e+35 5.336e+35 1.0116e+34 3.991e+36 1.2497e+36 1.2333e+36
-5.0 0.1 100.0 -2.0 1.0137e+41 1.2845e+42 4.6992e+37 1.4145e+38 3.8231e+37 2.8315e+39 4.395e+42 8.3557e+39 2.5373e+39 2.1225e+39 4.5169e+39 5.6739e+39 4.6073e+39 1.8645e+41 1.763e+35 4.3451e+35 8.6466e+31 1.5427e+36 5.3328e+33 1.2403e+35
-5.0 0.1 1000.0 -1.2 4.193e+41 2.2734e+42 8.3812e+40 2.5228e+41 3.6882e+40 5.5434e+41 7.3832e+42 1.6358e+42 3.1775e+41 4.2329e+41 5.6271e+39 7.2669e+39 5.7594e+39 8.9512e+41 2.3648e+37 5.8283e+37 1.4556e+38 9.5114e+37 9.9908e+38 6.8073e+38
-5.0 0.1 1000.0 -1.4 3.1319e+41 2.1496e+42 5.4966e+40 1.6545e+41 2.2917e+40 4.003e+41 6.9874e+42 1.1813e+42 2.2875e+41 3.0868e+41 4.7608e+39 7.3773e+39 5.9936e+39 6.7703e+41 7.182e+36 1.7701e+37 5.7271e+37 4.0566e+37 3.498e+38 2.3916e+38
-5.0 0.1 1000.0 -1.7 1.87e+41 1.7347e+42 2.4339e+40 7.326e+40 9.7549e+39 2.1198e+41 5.6539e+42 6.2555e+41 1.2014e+41 1.6503e+41 2.603e+39 6.6818e+39 5.428e+39 3.801e+41 1.1959e+36 2.9473e+36 1.1244e+37 1.2611e+37 6.0974e+37 4.2243e+37
-1.5 0.1 1000.0 -1.7 4.1366e+41 1.303e+42 2.8481e+42 8.5729e+42 1.4953e+40 2.6432e+41 3.9689e+42 7.8e+41 7.8721e+40 1.0541e+41 2.1537e+40 3.433e+40 2.4281e+40 2.0763e+42 1.1341e+39 2.6292e+39 2.9054e+39 4.5904e+39 2.8948e+40 1.9984e+40
-5.0 0.1 1000.0 -2.0 1.0907e+41 1.2883e+42 9.3718e+39 2.8209e+40 3.8144e+39 1.0211e+41 4.214e+42 3.0133e+41 5.7355e+40 8.0041e+40 9.9182e+38 5.4992e+39 4.272e+39 1.9145e+41 3.0799e+35 7.5907e+35 1.7809e+36 7.1786e+36 9.1423e+36 6.7962e+36
-5.0 0.1 10000.0 -1.2 6.8178e+41 2.2733e+42 1.84e+41 5.5383e+41 2.886e+41 1.751e+42 7.0838e+42 5.1673e+42 4.6377e+41 9.2849e+41 4.8028e+38 4.8057e+39 3.291e+39 9.1038e+41 1.4995e+38 3.6956e+38 8.0215e+38 7.7236e+38 4.581e+39 4.1869e+39
-5.0 0.1 10000.0 -1.4 5.1292e+41 2.1475e+42 1.3648e+41 4.108e+41 2.0814e+41 1.4156e+42 6.689e+42 4.1776e+42 3.6611e+41 7.3776e+41 3.0345e+38 4.7508e+39 3.129e+39 6.8649e+41 7.2964e+37 1.7983e+38 4.3632e+38 4.2672e+38 2.4204e+39 2.2273e+39
-5.0 0.1 10000.0 -1.7 2.9653e+41 1.7303e+42 7.2204e+40 2.1733e+41 1.1217e+41 8.9912e+41 5.3919e+42 2.6533e+42 2.2452e+41 4.5635e+41 9.1642e+37 3.5597e+39 2.1262e+39 3.8137e+41 1.9422e+37 4.7867e+37 1.3137e+38 1.3368e+38 7.5365e+38 7.0046e+38
-5.0 0.1 10000.0 -2.0 1.6026e+41 1.2845e+42 3.2399e+40 9.752e+40 5.6088e+40 5.2514e+41 4.0085e+42 1.5497e+42 1.2707e+41 2.6015e+41 1.7821e+37 1.943e+39 1.0674e+39 1.8829e+41 4.1487e+36 1.0225e+37 2.9906e+37 3.3508e+37 1.9796e+38 1.8596e+38
-5.0 0.3 100.0 -1.2 8.6212e+41 2.144e+42 5.3759e+40 1.6181e+41 2.3461e+41 1.5962e+42 6.8334e+42 4.7105e+42 2.0134e+42 1.5263e+42 8.5696e+39 7.2457e+39 5.3309e+39 9.4864e+41 8.1401e+36 2.0062e+37 1.1033e+37 7.6038e+36 3.3711e+38 2.2137e+38
-5.0 0.3 100.0 -1.4 6.1464e+41 2.0377e+42 3.1648e+40 9.526e+40 1.5707e+41 1.2237e+42 6.5059e+42 3.6111e+42 1.5398e+42 1.1731e+42 8.5785e+39 7.5486e+39 5.6733e+39 7.196e+41 2.1728e+36 5.3552e+36 2.3983e+36 2.7462e+36 9.9757e+37 6.5777e+37
-5.0 0.3 100.0 -1.7 3.2882e+41 1.6537e+42 1.1605e+40 3.4932e+40 7.3665e+40 7.0464e+41 5.2982e+42 2.0794e+42 8.8096e+41 6.7623e+41 7.3604e+39 7.2647e+39 5.5084e+39 4.0571e+41 4.2669e+35 1.0516e+36 2.1123e+35 1.7544e+36 1.5546e+37 1.0592e+37
-5.0 0.3 100.0 -2.0 1.6799e+41 1.2339e+42 3.9065e+39 1.1759e+40 3.1151e+40 3.6682e+41 3.97e+42 1.0825e+42 4.5456e+41 3.5158e+41 5.1159e+39 6.3035e+39 4.7961e+39 2.055e+41 1.8428e+35 4.5417e+35 2.6792e+34 1.8439e+36 2.4375e+36 1.9926e+36
-5.0 0.3 1000.0 -1.2 1.819e+42 2.1291e+42 1.2561e+41 3.7809e+41 6.1671e+41 2.9551e+42 6.6483e+42 8.7204e+42 2.788e+42 3.1995e+42 6.1216e+39 7.4894e+39 5.5566e+39 9.5048e+41 5.916e+37 1.4581e+38 1.3558e+38 8.6579e+37 2.2375e+39 1.5202e+39
-1.5 0.1 1000.0 -2.0 2.1311e+41 1.0352e+42 7.8101e+41 2.3508e+42 5.8054e+39 1.6271e+41 3.202e+42 4.8016e+41 4.5117e+40 6.19e+40 1.5881e+40 1.9064e+40 1.5409e+40 1.0413e+42 1.8895e+38 4.4274e+38 3.5719e+38 3.1734e+39 2.1151e+39 1.6841e+39
-5.0 0.3 1000.0 -1.4 1.3968e+42 2.0222e+42 9.1124e+40 2.7428e+41 4.5572e+41 2.4429e+42 6.3198e+42 7.2089e+42 2.2644e+42 2.6388e+42 5.1959e+39 7.4805e+39 5.739e+39 7.2051e+41 2.321e+37 5.7204e+37 6.5251e+37 4.2884e+37 1.0485e+39 7.1355e+38
-5.0 0.3 1000.0 -1.7 8.2389e+41 1.6406e+42 4.7975e+40 1.4441e+41 2.5242e+41 1.5984e+42 5.1368e+42 4.7169e+42 1.4401e+42 1.7156e+42 2.8214e+39 6.809e+39 5.2173e+39 4.059e+41 4.9048e+36 1.2088e+37 1.8278e+37 1.377e+37 2.9038e+38 1.9825e+38
-5.0 0.3 1000.0 -2.0 4.5003e+41 1.2235e+42 2.2685e+40 6.8281e+40 1.2891e+41 9.5982e+41 3.84e+42 2.8324e+42 8.4158e+41 1.0232e+42 1.0542e+39 5.4888e+39 3.9734e+39 2.051e+41 1.0918e+36 2.691e+36 4.5337e+36 5.3059e+36 7.7263e+37 5.3112e+37
-5.0 0.3 10000.0 -1.2 2.1e+42 2.1136e+42 2.1158e+41 6.3687e+41 1.5691e+42 4.6639e+42 6.4152e+42 1.3763e+43 2.1189e+42 3.8762e+42 4.8635e+38 4.2102e+39 2.6617e+39 9.4109e+41 2.2169e+38 5.4638e+38 5.1662e+38 4.9135e+38 6.9555e+39 6.2643e+39
-5.0 0.3 10000.0 -1.4 1.6732e+42 2.0068e+42 1.6245e+41 4.8896e+41 1.2076e+42 3.9689e+42 6.0938e+42 1.1712e+43 1.7323e+42 3.206e+42 3.0707e+38 4.0122e+39 2.4569e+39 7.1105e+41 1.1451e+38 2.8222e+38 2.9771e+38 2.8671e+38 4.0183e+39 3.6391e+39
-5.0 0.3 10000.0 -1.7 1.0449e+42 1.6271e+42 9.1314e+40 2.7486e+41 7.1554e+41 2.7244e+42 4.9482e+42 8.0397e+42 1.1186e+42 2.1053e+42 9.2667e+37 2.8254e+39 1.6078e+39 3.9655e+41 3.4201e+37 8.4294e+37 1.0195e+38 1.0083e+38 1.4997e+39 1.3681e+39
-5.0 0.3 10000.0 -2.0 6.027e+41 1.2132e+42 4.452e+40 1.34e+41 3.9287e+41 1.7208e+42 3.6969e+42 5.0781e+42 6.6778e+41 1.2761e+42 1.8074e+37 1.4801e+39 7.9259e+38 1.9656e+41 8.7974e+36 2.1683e+37 2.9294e+37 3.0394e+37 5.1353e+38 4.713e+38
-5.0 0.5 100.0 -1.2 2.3033e+42 1.9719e+42 7.5198e+40 2.2635e+41 1.1292e+42 4.1436e+42 6.1252e+42 1.2228e+43 7.0122e+42 5.1544e+42 9.2852e+39 7.0771e+39 4.8943e+39 9.6689e+41 2.8418e+37 7.004e+37 2.1621e+37 1.3223e+37 1.2713e+39 8.3364e+38
-5.0 0.5 100.0 -1.4 1.8043e+42 1.8847e+42 5.1152e+40 1.5397e+41 8.5227e+41 3.4668e+42 5.8673e+42 1.023e+43 5.8037e+42 4.2809e+42 9.1922e+39 7.3425e+39 5.2117e+39 7.3541e+41 1.0095e+37 2.488e+37 8.4593e+36 5.508e+36 5.842e+38 3.8323e+38
-5.0 0.5 100.0 -1.7 1.0948e+42 1.5392e+42 2.4183e+40 7.2791e+40 4.8634e+41 2.3124e+42 4.8098e+42 6.8238e+42 3.7951e+42 2.8142e+42 7.9019e+39 7.2048e+39 5.1632e+39 4.1669e+41 2.0616e+36 5.081e+36 1.8456e+36 1.6818e+36 1.7121e+38 1.1252e+38
-1.5 0.1 10000.0 -1.2 3.4157e+42 2.8061e+42 1.477e+43 4.4458e+43 9.5187e+41 4.0658e+42 8.3642e+42 1.1998e+43 5.4994e+41 1.0149e+42 1.5486e+40 6.573e+40 3.9084e+40 4.691e+42 2.0905e+40 5.0896e+40 9.7199e+40 9.3364e+40 4.9997e+41 4.5358e+41
-5.0 0.5 100.0 -2.0 6.1954e+41 1.1537e+42 1.0524e+40 3.1677e+40 2.5617e+41 1.4254e+42 3.6155e+42 4.2064e+42 2.2867e+42 1.7048e+42 5.6279e+39 6.4963e+39 4.6255e+39 2.1161e+41 5.223e+35 1.2873e+36 4.5225e+35 9.1816e+35 5.2878e+37 3.495e+37
-5.0 0.5 1000.0 -1.2 3.1649e+42 1.9569e+42 1.2564e+41 3.7819e+41 1.7179e+42 5.3917e+42 5.9872e+42 1.5911e+43 7.1994e+42 7.3837e+42 6.6903e+39 7.543e+39 5.1644e+39 9.5926e+41 1.1498e+38 2.8339e+38 1.0503e+38 6.6234e+37 3.9854e+39 2.6985e+39
-5.0 0.5 1000.0 -1.4 2.5677e+42 1.8698e+42 9.4888e+40 2.8561e+41 1.3364e+42 4.6194e+42 5.7293e+42 1.3632e+43 6.0233e+42 6.2686e+42 5.6505e+39 7.3831e+39 5.2335e+39 7.2858e+41 5.4807e+37 1.3508e+38 5.8677e+37 3.7412e+37 2.2134e+39 1.4999e+39
-5.0 0.5 1000.0 -1.7 1.6445e+42 1.5269e+42 5.3335e+40 1.6054e+41 8.0091e+41 3.2011e+42 4.6911e+42 9.4464e+42 4.0134e+42 4.2704e+42 3.1106e+39 6.627e+39 4.6874e+39 4.1171e+41 1.5311e+37 3.7736e+37 2.1322e+37 1.4165e+37 8.0125e+38 5.4363e+38
-5.0 0.5 1000.0 -2.0 9.7402e+41 1.1442e+42 2.7058e+40 8.1445e+40 4.4409e+41 2.0439e+42 3.5255e+42 6.0315e+42 2.4655e+42 2.6804e+42 1.1538e+39 5.2128e+39 3.4649e+39 2.0873e+41 3.8892e+36 9.5854e+36 6.999e+36 5.2459e+36 2.6959e+38 1.8322e+38
-5.0 0.5 10000.0 -1.2 2.8617e+42 1.9429e+42 1.8655e+41 5.6151e+41 2.8777e+42 6.8927e+42 5.8156e+42 2.034e+43 4.6324e+42 7.6387e+42 4.9935e+38 3.5888e+39 2.1077e+39 9.42e+41 2.8678e+38 7.0683e+38 2.8334e+38 2.6531e+38 8.833e+39 7.7999e+39
-5.0 0.5 10000.0 -1.4 2.3476e+42 1.8568e+42 1.4513e+41 4.3684e+41 2.2708e+42 5.964e+42 5.5636e+42 1.76e+43 3.8363e+42 6.4116e+42 3.137e+38 3.2498e+39 1.8717e+39 7.132e+41 1.5239e+38 3.7558e+38 1.6987e+38 1.6072e+38 5.345e+39 4.7396e+39
-5.0 0.5 10000.0 -1.7 1.5306e+42 1.5167e+42 8.3146e+40 2.5027e+41 1.3936e+42 4.2004e+42 4.5531e+42 1.2395e+43 2.5183e+42 4.3001e+42 9.4119e+37 2.1427e+39 1.1729e+39 3.9894e+41 4.6665e+37 1.1501e+38 6.1761e+37 5.9593e+37 2.1487e+39 1.9147e+39
-5.0 0.5 10000.0 -2.0 9.2318e+41 1.137e+42 4.136e+40 1.2449e+41 7.9224e+41 2.7275e+42 3.4209e+42 8.049e+42 1.5253e+42 2.6612e+42 1.8267e+37 1.0727e+39 5.6299e+38 1.9843e+41 1.2275e+37 3.0255e+37 1.9172e+37 1.9043e+37 8.0301e+38 7.1804e+38
-1.5 0.1 10000.0 -1.4 2.2849e+42 2.4543e+42 9.7572e+42 2.9369e+43 3.4319e+41 2.934e+42 7.3292e+42 8.6582e+42 3.2402e+41 6.3393e+41 1.4493e+40 3.0614e+40 2.1546e+40 3.4479e+42 7.987e+39 1.9479e+40 4.6327e+40 4.5671e+40 2.1077e+41 1.9306e+41
-1.5 0.1 10000.0 -1.7 1.3139e+42 1.8553e+42 4.3607e+42 1.3126e+43 1.1602e+41 2.045e+42 5.5581e+42 6.0349e+42 1.9513e+41 4.0171e+41 9.4587e+39 1.5793e+40 1.34e+40 1.8704e+42 1.5477e+39 3.7858e+39 1.1326e+40 1.1976e+40 4.7623e+40 4.4216e+40
-1.5 0.1 10000.0 -2.0 7.4336e+41 1.3308e+42 1.6416e+42 4.9411e+42 5.588e+40 1.4318e+42 4.0021e+42 4.2253e+42 1.3626e+41 2.8367e+41 2.7566e+39 1.1175e+40 9.9608e+39 9.122e+41 2.6717e+38 6.5563e+38 2.0933e+39 2.585e+39 9.6757e+39 9.1009e+39
-1.5 0.3 100.0 -1.2 2.3836e+42 2.753e+41 2.308e+42 6.9472e+42 7.847e+41 1.0901e+42 8.087e+41 3.217e+42 3.4442e+41 2.4927e+41 1.1569e+42 7.2496e+41 4.962e+41 1.9136e+42 7.4488e+40 1.8006e+41 1.8652e+40 1.1057e+40 8.0161e+41 5.2519e+41
-1.5 0.3 100.0 -1.4 1.0286e+42 2.2915e+41 1.8749e+42 5.6435e+42 3.9892e+41 5.4797e+41 6.6098e+41 1.6171e+42 2.0706e+41 1.5033e+41 6.3012e+41 4.6524e+41 3.2149e+41 1.6402e+42 3.6049e+40 8.6725e+40 9.3936e+39 5.588e+39 4.0487e+41 2.653e+41
-1.5 0.3 100.0 -1.7 2.376e+41 1.9544e+41 1.2603e+42 3.7935e+42 8.529e+40 1.4974e+41 5.6594e+41 4.4188e+41 8.2442e+40 6.0698e+40 1.9585e+41 1.8058e+41 1.2764e+41 1.1923e+42 9.5304e+39 2.2663e+40 2.4e+39 1.5045e+39 1.1446e+41 7.5038e+40
-1.5 0.3 100.0 -2.0 8.4672e+40 1.9129e+41 6.8257e+41 2.0545e+42 8.7932e+39 5.1429e+40 5.6925e+41 1.5177e+41 3.029e+40 2.3198e+40 4.1727e+40 4.3673e+40 3.2976e+40 7.9904e+41 1.5472e+39 3.6186e+39 3.9834e+38 4.8751e+38 2.015e+40 1.3266e+40
-1.5 0.3 1000.0 -1.2 3.0759e+42 9.8455e+41 1.0448e+43 3.1448e+43 1.4732e+42 1.9869e+42 2.8599e+42 5.8634e+42 8.6668e+41 8.2576e+41 2.7493e+41 7.5799e+41 3.8623e+41 4.3676e+42 1.0753e+41 2.5723e+41 3.579e+40 2.2427e+40 1.3625e+42 9.1932e+41
-1.5 0.3 1000.0 -1.4 1.5133e+42 9.2434e+41 7.3556e+42 2.214e+43 5.711e+41 1.0204e+42 2.7074e+42 3.0113e+42 4.7753e+41 4.7496e+41 6.4885e+40 2.4062e+41 1.2593e+41 3.3527e+42 3.5152e+40 8.382e+40 1.6313e+40 1.0514e+40 5.4321e+41 3.6748e+41
-1.5 0.3 1000.0 -1.7 6.8321e+41 8.2136e+41 3.3901e+42 1.0204e+43 9.3498e+40 4.6587e+41 2.449e+42 1.3748e+42 1.8019e+41 2.0673e+41 2.4623e+40 3.3471e+40 2.4077e+40 1.9431e+42 3.9775e+39 9.475e+39 4.1453e+39 3.2639e+39 8.7466e+40 5.9482e+40
-1.5 0.3 1000.0 -2.0 3.8807e+41 6.9808e+41 1.2832e+42 3.8623e+42 2.7184e+40 3.0515e+41 2.1184e+42 9.0051e+41 9.6334e+40 1.2354e+41 1.8075e+40 1.7295e+40 1.5066e+40 1e+42 4.0566e+38 9.6995e+38 8.5252e+38 1.4656e+39 1.1042e+40 7.6239e+39
-1.5 0.3 10000.0 -1.2 4.8748e+42 2.3391e+42 1.3525e+43 4.0709e+43 2.745e+42 6.1577e+42 6.8825e+42 1.8171e+43 1.2826e+42 2.1098e+42 1.616e+40 6.5404e+40 4.2073e+40 4.6491e+42 3.0216e+40 7.3831e+40 5.4232e+40 5.1192e+40 5.7739e+41 5.1699e+41
-1.5 0.3 10000.0 -1.4 3.1817e+42 2.0768e+42 9.1949e+42 2.7677e+43 1.1357e+42 4.2501e+42 6.1312e+42 1.2542e+43 7.1816e+41 1.251e+42 1.4643e+40 3.029e+40 2.2283e+40 3.4377e+42 1.195e+40 2.9223e+40 2.6806e+40 2.5838e+40 2.5282e+41 2.2878e+41
-1.5 0.3 10000.0 -1.7 1.8511e+42 1.619e+42 4.3182e+42 1.2998e+43 3.4823e+41 2.8305e+42 4.8077e+42 8.3528e+42 3.6221e+41 6.8899e+41 9.3652e+39 1.53e+40 1.2962e+40 1.8786e+42 2.4102e+39 5.9067e+39 6.947e+39 7.0315e+39 6.1373e+40 5.6273e+40
-1.5 0.3 10000.0 -2.0 1.1293e+42 1.1976e+42 1.7464e+42 5.2568e+42 1.5662e+41 2.0519e+42 3.5732e+42 6.0551e+42 2.3655e+41 4.7021e+41 2.7037e+39 1.0782e+40 9.573e+39 9.2076e+41 4.5039e+38 1.1062e+39 1.4488e+39 1.6087e+39 1.4222e+40 1.3183e+40
-1.5 0.5 100.0 -1.2 2.7784e+42 2.1987e+41 1.3395e+42 4.0318e+42 8.6452e+41 1.4836e+42 6.7898e+41 4.3782e+42 4.5474e+41 3.2593e+41 1.3774e+42 6.4215e+41 4.6952e+41 1.3432e+42 7.638e+40 1.8657e+41 8.0039e+39 4.7395e+39 8.0511e+41 5.2741e+41
-1.5 0.5 100.0 -1.4 1.4342e+42 1.6624e+41 1.167e+42 3.5128e+42 5.0725e+41 8.4565e+41 4.9138e+41 2.4955e+42 2.7707e+41 1.9894e+41 8.1275e+41 4.5147e+41 3.3319e+41 1.1839e+42 4.5469e+40 1.1089e+41 5.3306e+39 3.1588e+39 4.926e+41 3.2273e+41
-1.5 0.5 100.0 -1.7 4.2263e+41 1.2621e+41 9.0854e+41 2.7347e+42 1.7166e+41 2.907e+41 3.6124e+41 8.5785e+41 1.2546e+41 9.0951e+40 2.9296e+41 2.1306e+41 1.5959e+41 9.0889e+41 1.7225e+40 4.1824e+40 2.2184e+39 1.3223e+39 1.9113e+41 1.2525e+41
-1.5 0.5 100.0 -2.0 1.2885e+41 1.1369e+41 6.3608e+41 1.9146e+42 3.5371e+40 9.4267e+40 3.289e+41 2.7818e+41 5.4953e+40 4.0745e+40 7.8228e+40 7.6894e+40 5.8615e+40 6.3111e+41 5.0595e+39 1.2196e+40 6.7168e+38 4.272e+38 6.0494e+40 3.9666e+40
-1.5 0.5 1000.0 -1.2 3.757e+42 7.1633e+41 7.424e+42 2.2346e+43 1.8296e+42 2.7863e+42 2.0696e+42 8.2224e+42 1.1328e+42 1.0257e+42 5.0409e+41 7.3112e+41 5.343e+41 3.8214e+42 1.4834e+41 3.6043e+41 2.2043e+40 1.3667e+40 1.6473e+42 1.1091e+42
-1.5 0.5 1000.0 -1.4 1.9445e+42 6.5564e+41 5.8301e+42 1.7548e+43 8.9019e+41 1.5149e+42 1.8946e+42 4.4705e+42 6.9627e+41 6.5055e+41 1.6473e+41 3.2615e+41 2.2948e+41 3.0141e+42 6.4714e+40 1.5692e+41 1.1849e+40 7.4092e+39 8.1852e+41 5.5223e+41
-1.5 0.5 1000.0 -1.7 8.3413e+41 5.8687e+41 3.2796e+42 9.8717e+42 2.0636e+41 6.6935e+41 1.7193e+42 1.9753e+42 3.0324e+41 3.1474e+41 3.4286e+40 6.5758e+40 4.6676e+40 1.8128e+42 1.2014e+40 2.9078e+40 4.1537e+39 2.716e+39 2.041e+41 1.382e+41
-1.5 0.5 1000.0 -2.0 4.6931e+41 5.1669e+41 1.512e+42 4.5512e+42 5.1157e+40 4.1812e+41 1.5396e+42 1.2339e+42 1.5193e+41 1.8063e+41 2.0697e+40 2.0899e+40 1.8584e+40 9.5951e+41 1.6652e+39 4.0339e+39 1.2925e+39 1.0193e+39 3.8109e+40 2.5919e+40
-1.5 0.5 10000.0 -1.2 5.0338e+42 1.9704e+42 1.1456e+43 3.4483e+43 3.368e+42 7.3906e+42 5.7439e+42 2.181e+43 1.8715e+42 2.846e+42 1.8114e+40 9.1734e+40 5.7596e+40 4.5686e+42 4.3727e+40 1.0718e+41 2.9762e+40 2.7569e+40 6.9971e+41 6.1841e+41
-1.5 0.5 10000.0 -1.4 3.3134e+42 1.7765e+42 7.951e+42 2.3932e+43 1.543e+42 5.2019e+42 5.1955e+42 1.5351e+43 1.1036e+42 1.773e+42 1.5191e+40 3.8902e+40 2.6638e+40 3.4002e+42 1.7945e+40 4.4003e+40 1.5314e+40 1.4434e+40 3.1695e+41 2.8322e+41
-1.5 0.5 10000.0 -1.7 1.9162e+42 1.4248e+42 3.8071e+42 1.1459e+43 5.1075e+41 3.4377e+42 4.1955e+42 1.0145e+43 5.4206e+41 9.6562e+41 9.3661e+39 1.5647e+40 1.2958e+40 1.8715e+42 3.6259e+39 8.9027e+39 4.0788e+39 3.9836e+39 7.8452e+40 7.1044e+40
-1.5 0.5 10000.0 -2.0 1.1691e+42 1.0826e+42 1.5593e+42 4.6934e+42 2.2991e+41 2.4719e+42 3.2083e+42 7.2945e+42 3.4959e+41 6.5299e+41 2.6393e+39 1.042e+40 9.136e+39 9.2201e+41 6.5412e+38 1.6084e+39 8.5145e+38 8.8317e+38 1.8267e+40 1.6711e+40
