# log(Us)  xid nh alpha [OII]3727 Hbeta [OIII]4959 [OIII]5007 [OI]6300 [NII]6548 Halpha [NII]6584 [SII]6717 [SII]6731 NV1240 CIV1548 CIV1551 HeII1640 OIII]1661 OIII]1666 [SiIII]1883 SiIII]1888 [CIII]1907 CIII]1910 
-1.5 0.1 10000.0 -1.4 1.0988e+41 3.2388e+42 2.8499e+41 8.5781e+41 1.0815e+41 2.7324e+39 9.7587e+42 8.0634e+39 5.9838e+40 5.6969e+40 9.7894e+37 7.617e+40 4.0314e+40 3.8343e+42 1.9626e+40 4.8372e+40 5.9518e+40 4.8139e+40 2.0364e+41 1.649e+41
-2.5 0.1 100.0 -1.2 1.9451e+41 3.7374e+42 3.5207e+41 1.0597e+42 1.3259e+41 1.3025e+39 1.152e+43 3.8435e+39 1.0189e+41 7.1209e+40 7.2739e+39 4.5206e+41 2.3227e+41 5.4208e+42 3.9163e+40 9.6524e+40 6.0872e+40 3.6016e+40 3.8581e+41 2.5266e+41
-2.5 0.1 100.0 -1.4 1.7179e+41 3.1237e+42 3.4268e+41 1.0315e+42 7.2073e+40 9.7381e+38 9.4925e+42 2.8737e+39 5.9169e+40 4.1652e+40 6.3112e+39 3.9571e+41 2.0499e+41 3.9634e+42 3.7176e+40 9.1628e+40 6.7288e+40 3.9816e+40 3.6399e+41 2.3837e+41
-2.5 0.1 100.0 -1.7 1.3293e+41 2.2197e+42 2.8058e+41 8.4453e+41 2.6261e+40 6.4372e+38 6.6387e+42 1.8996e+39 2.5833e+40 1.8474e+40 4.3945e+39 2.7329e+41 1.4424e+41 2.1424e+42 2.8756e+40 7.0873e+40 6.4044e+40 3.7905e+40 2.8046e+41 1.8367e+41
-2.5 0.1 100.0 -2.0 9.9558e+40 1.5186e+42 2.0637e+41 6.2119e+41 8.9983e+39 4.4101e+38 4.4982e+42 1.3014e+39 1.1635e+40 8.5061e+39 2.6294e+39 1.688e+41 9.1727e+40 1.0542e+42 1.9739e+40 4.865e+40 5.252e+40 3.1096e+40 1.9306e+41 1.2643e+41
-2.5 0.1 1000.0 -1.2 1.7153e+41 3.7393e+42 3.4807e+41 1.0477e+42 1.3544e+41 1.4983e+39 1.1496e+43 4.4214e+39 9.8356e+40 7.297e+40 5.5007e+39 4.4532e+41 2.2867e+41 5.4194e+42 3.7803e+40 9.3173e+40 5.9542e+40 3.6337e+40 3.7624e+41 2.5121e+41
-2.5 0.1 1000.0 -1.4 1.5088e+41 3.1275e+42 3.3809e+41 1.0176e+42 7.435e+40 1.1138e+39 9.4757e+42 3.2868e+39 5.6591e+40 4.3134e+40 3.9616e+39 3.7837e+41 1.959e+41 3.964e+42 3.5565e+40 8.7657e+40 6.5944e+40 4.0247e+40 3.5353e+41 2.3606e+41
-2.5 0.1 1000.0 -1.7 1.1735e+41 2.2211e+42 2.7479e+41 8.2712e+41 2.6998e+40 7.198e+38 6.6241e+42 2.1241e+39 2.3057e+40 1.8794e+40 1.6372e+39 2.3431e+41 1.2383e+41 2.1432e+42 2.6723e+40 6.5864e+40 6.3225e+40 3.86e+40 2.6802e+41 1.79e+41
-2.5 0.1 1000.0 -2.0 8.999e+40 1.5235e+42 1.9865e+41 5.9794e+41 9.7931e+39 4.9014e+38 4.4992e+42 1.4464e+39 1.0162e+40 9.0662e+39 4.397e+38 1.1479e+41 6.3019e+40 1.0558e+42 1.7288e+40 4.2609e+40 5.2127e+40 3.1844e+40 1.7641e+41 1.1787e+41
-2.5 0.1 10000.0 -1.2 1.3155e+41 3.7093e+42 2.9075e+41 8.7515e+41 1.617e+41 2.6425e+39 1.1381e+43 7.7981e+39 9.1023e+40 8.4736e+40 1.7799e+38 9.9754e+40 5.2061e+40 5.1595e+42 2.0771e+40 5.1194e+40 5.7398e+40 4.6408e+40 2.212e+41 1.7902e+41
-2.5 0.1 10000.0 -1.4 1.1865e+41 3.1185e+42 2.6439e+41 7.9583e+41 9.4469e+40 2.0581e+39 9.4346e+42 6.0734e+39 5.3698e+40 5.1516e+40 8.3154e+37 6.6631e+40 3.5124e+40 3.789e+42 1.7531e+40 4.3208e+40 5.5987e+40 4.5367e+40 1.8714e+41 1.5174e+41
-2.5 0.1 10000.0 -1.7 1.0266e+41 2.2283e+42 1.8389e+41 5.535e+41 3.9638e+40 1.4461e+39 6.6446e+42 4.2675e+39 2.3028e+40 2.4006e+40 1.4969e+37 2.5241e+40 1.33e+40 2.0449e+42 1.0194e+40 2.5124e+40 4.0793e+40 3.3264e+40 1.1377e+41 9.2674e+40
-2.5 0.1 10000.0 -2.0 8.9963e+40 1.5347e+42 1.05e+41 3.1605e+41 1.772e+40 1.1027e+39 4.5376e+42 3.2541e+39 1.1132e+40 1.2935e+40 1.7904e+36 7.3364e+39 3.7976e+39 9.9791e+41 4.6795e+39 1.1534e+40 2.3847e+40 1.9597e+40 5.8163e+40 4.7628e+40
-2.5 0.3 100.0 -1.2 1.642e+41 3.7362e+42 2.9669e+41 8.9303e+41 1.1462e+41 1.3055e+39 1.1526e+43 3.8525e+39 1.0391e+41 7.2621e+40 7.3027e+39 3.3017e+41 1.7117e+41 5.4158e+42 3.3155e+40 8.1716e+40 2.6944e+40 1.5942e+40 2.8022e+41 1.8351e+41
-2.5 0.3 100.0 -1.4 1.4502e+41 3.1236e+42 2.8899e+41 8.6986e+41 6.2697e+40 9.758e+38 9.4998e+42 2.8796e+39 6.0803e+40 4.2788e+40 6.3382e+39 2.9047e+41 1.5208e+41 3.9602e+42 3.1537e+40 7.7729e+40 2.9833e+40 1.7653e+40 2.6493e+41 1.735e+41
-2.5 0.3 100.0 -1.7 1.1224e+41 2.2184e+42 2.3687e+41 7.1299e+41 2.2824e+40 6.4461e+38 6.64e+42 1.9022e+39 2.6381e+40 1.8855e+40 4.4134e+39 2.0269e+41 1.0848e+41 2.1406e+42 2.4473e+40 6.0319e+40 2.8475e+40 1.6853e+40 2.0477e+41 1.341e+41
-2.5 0.3 100.0 -2.0 8.4119e+40 1.5171e+42 1.7445e+41 5.2508e+41 7.7954e+39 4.4154e+38 4.4967e+42 1.303e+39 1.1796e+40 8.6183e+39 2.6389e+39 1.271e+41 7.0316e+40 1.0533e+42 1.6862e+40 4.156e+40 2.342e+40 1.3866e+40 1.4142e+41 9.2612e+40
-2.5 0.3 1000.0 -1.2 1.4491e+41 3.7443e+42 2.9363e+41 8.8381e+41 1.1825e+41 1.5012e+39 1.1519e+43 4.4301e+39 1.0234e+41 7.5768e+40 5.5276e+39 3.2559e+41 1.6858e+41 5.4164e+42 3.2034e+40 7.8953e+40 2.6385e+40 1.6102e+40 2.7354e+41 1.8263e+41
-2.5 0.3 1000.0 -1.4 1.2745e+41 3.1295e+42 2.854e+41 8.5904e+41 6.4528e+40 1.1158e+39 9.4888e+42 3.2928e+39 5.8169e+40 4.4247e+40 3.9814e+39 2.7798e+41 1.4534e+41 3.962e+42 3.0192e+40 7.4413e+40 2.9269e+40 1.7863e+40 2.5749e+41 1.7193e+41
-2.5 0.3 1000.0 -1.7 9.9175e+40 2.222e+42 2.3225e+41 6.9908e+41 2.3348e+40 7.2103e+38 6.6313e+42 2.1278e+39 2.3522e+40 1.9125e+40 1.6473e+39 1.7427e+41 9.3242e+40 2.1422e+42 2.2759e+40 5.6095e+40 2.8141e+40 1.718e+40 1.9585e+41 1.308e+41
-2.5 0.3 1000.0 -2.0 7.6091e+40 1.5236e+42 1.681e+41 5.0598e+41 8.4395e+39 4.9108e+38 4.5022e+42 1.4492e+39 1.0293e+40 9.1609e+39 4.4258e+38 8.702e+40 4.8476e+40 1.0554e+42 1.4766e+40 3.6394e+40 2.3262e+40 1.421e+40 1.2923e+41 8.6342e+40
-2.5 0.3 10000.0 -1.2 1.1112e+41 3.7121e+42 2.4547e+41 7.3887e+41 1.3904e+41 2.6441e+39 1.1396e+43 7.8028e+39 9.3148e+40 8.6414e+40 1.7887e+38 7.384e+40 3.8514e+40 5.1591e+42 1.7593e+40 4.3362e+40 2.5448e+40 2.0573e+40 1.609e+41 1.3021e+41
-2.5 0.3 10000.0 -1.4 1.0022e+41 3.1195e+42 2.2331e+41 6.7215e+41 8.0756e+40 2.06e+39 9.443e+42 6.0791e+39 5.4297e+40 5.2e+40 8.3609e+37 4.9648e+40 2.6044e+40 3.7888e+42 1.4863e+40 3.6632e+40 2.4842e+40 2.0127e+40 1.3623e+41 1.1045e+41
-2.5 0.3 10000.0 -1.7 8.6731e+40 2.2295e+42 1.554e+41 4.6775e+41 3.4001e+40 1.4491e+39 6.651e+42 4.2762e+39 2.3434e+40 2.4339e+40 1.5051e+37 1.8844e+40 9.836e+39 2.0448e+42 8.6534e+39 2.1328e+40 1.8119e+40 1.4772e+40 8.291e+40 6.7525e+40
-2.5 0.3 10000.0 -2.0 7.6014e+40 1.5351e+42 8.8764e+40 2.6718e+41 1.5169e+40 1.1049e+39 4.5405e+42 3.2604e+39 1.1284e+40 1.3062e+40 1.7995e+36 5.4277e+39 2.7896e+39 9.9789e+41 3.9755e+39 9.7985e+39 1.0597e+40 8.707e+39 4.2407e+40 3.4721e+40
-2.5 0.5 100.0 -1.2 1.2519e+41 3.7348e+42 2.2587e+41 6.7988e+41 8.8835e+40 1.307e+39 1.1531e+43 3.8569e+39 1.0541e+41 7.3666e+40 7.328e+39 2.2545e+41 1.1766e+41 5.4111e+42 2.5348e+40 6.2476e+40 6.656e+39 3.9382e+39 1.8788e+41 1.2304e+41
-2.5 0.5 100.0 -1.4 1.1061e+41 3.1233e+42 2.2015e+41 6.6265e+41 4.9024e+40 9.772e+38 9.5056e+42 2.8837e+39 6.2384e+40 4.3883e+40 6.3626e+39 1.9968e+41 1.0548e+41 3.9566e+42 2.4156e+40 5.9537e+40 7.381e+39 4.3675e+39 1.7796e+41 1.1654e+41
-2.5 0.5 100.0 -1.7 8.562e+40 2.2167e+42 1.8066e+41 5.4379e+41 1.7725e+40 6.451e+38 6.6394e+42 1.9037e+39 2.672e+40 1.9092e+40 4.4306e+39 1.4133e+41 7.662e+40 2.1388e+42 1.8809e+40 4.6358e+40 7.0642e+39 4.1809e+39 1.3798e+41 9.0363e+40
-2.5 0.5 100.0 -2.0 6.4211e+40 1.5155e+42 1.3324e+41 4.0104e+41 6.04e+39 4.4194e+38 4.4949e+42 1.3042e+39 1.1893e+40 8.6859e+39 2.6481e+39 9.0451e+40 5.0917e+40 1.0525e+42 1.301e+40 3.2065e+40 5.8289e+39 3.4511e+39 9.5618e+40 6.2619e+40
-2.5 0.5 1000.0 -1.2 1.1053e+41 3.7444e+42 2.2378e+41 6.7358e+41 9.1385e+40 1.5022e+39 1.1528e+43 4.4331e+39 1.035e+41 7.6589e+40 5.5504e+39 2.2229e+41 1.1588e+41 5.4135e+42 2.4515e+40 6.0422e+40 6.5255e+39 3.9821e+39 1.8357e+41 1.2256e+41
-2.5 0.5 1000.0 -1.4 9.7246e+40 3.13e+42 2.1767e+41 6.5517e+41 4.9862e+40 1.1164e+39 9.4972e+42 3.2944e+39 5.8804e+40 4.4696e+40 4.0017e+39 1.9113e+41 1.0083e+41 3.9601e+42 2.3151e+40 5.7059e+40 7.2506e+39 4.4248e+39 1.7317e+41 1.1562e+41
-2.5 0.5 1000.0 -1.7 7.5707e+40 2.222e+42 1.7734e+41 5.338e+41 1.8042e+40 7.2182e+38 6.6359e+42 2.1301e+39 2.3747e+40 1.9286e+40 1.6561e+39 1.2154e+41 6.5839e+40 2.1413e+42 1.7503e+40 4.3139e+40 6.9898e+39 4.267e+39 1.3208e+41 8.8206e+40
-2.5 0.5 1000.0 -2.0 5.8123e+40 1.5237e+42 1.285e+41 3.8679e+41 6.5432e+39 4.918e+38 4.505e+42 1.4513e+39 1.042e+40 9.2521e+39 4.4519e+38 6.2167e+40 3.5074e+40 1.055e+42 1.1387e+40 2.8066e+40 5.7915e+39 3.5376e+39 8.7359e+40 5.8365e+40
-2.5 0.5 10000.0 -1.2 8.4779e+40 3.7131e+42 1.8726e+41 5.6366e+41 1.0699e+41 2.644e+39 1.1405e+43 7.8025e+39 9.4005e+40 8.7098e+40 1.7968e+38 5.0743e+40 2.6324e+40 5.1588e+42 1.3462e+40 3.3179e+40 6.2977e+39 5.0905e+39 1.0806e+41 8.7439e+40
-2.5 0.5 10000.0 -1.4 7.6465e+40 3.12e+42 1.7042e+41 5.1295e+41 6.2017e+40 2.0606e+39 9.4495e+42 6.0809e+39 5.4596e+40 5.2245e+40 8.4017e+37 3.4275e+40 1.7823e+40 3.7886e+42 1.1383e+40 2.8056e+40 6.1524e+39 4.9838e+39 9.1564e+40 7.4228e+40
-2.5 0.5 10000.0 -1.7 6.619e+40 2.2302e+42 1.1865e+41 3.5712e+41 2.6175e+40 1.4506e+39 6.6557e+42 4.2808e+39 2.3673e+40 2.4535e+40 1.5126e+37 1.2979e+40 6.7059e+39 2.0447e+42 6.6341e+39 1.6351e+40 4.4906e+39 3.6604e+39 5.5768e+40 4.5414e+40
-2.5 0.5 10000.0 -2.0 5.8049e+40 1.5359e+42 6.7803e+40 2.0409e+41 1.1696e+40 1.1066e+39 4.544e+42 3.2657e+39 1.1428e+40 1.318e+40 1.8081e+36 3.7017e+39 1.89e+39 9.9784e+41 3.0508e+39 7.5192e+39 2.6284e+39 2.1592e+39 2.8547e+40 2.337e+40
-1.5 0.1 10000.0 -1.7 9.6982e+40 2.2888e+42 1.9408e+41 5.8417e+41 4.5003e+40 1.6407e+39 6.7638e+42 4.8418e+39 2.6332e+40 2.6585e+40 1.6499e+37 2.7506e+40 1.4591e+40 2.0491e+42 1.0962e+40 2.7018e+40 4.266e+40 3.4752e+40 1.2016e+41 9.7805e+40
-1.5 0.1 10000.0 -2.0 8.7506e+40 1.5592e+42 1.0835e+41 3.2614e+41 1.8887e+40 1.1367e+39 4.5741e+42 3.3545e+39 1.1791e+40 1.335e+40 1.8765e+36 7.7009e+39 3.9982e+39 9.914e+41 4.8588e+39 1.1976e+40 2.4413e+40 2.0054e+40 5.9831e+40 4.898e+40
-1.5 0.3 100.0 -1.2 4.6832e+40 3.8979e+42 5.5369e+41 1.6666e+42 6.9261e+40 6.9026e+38 1.1768e+43 2.037e+39 5.9415e+40 4.1349e+40 4.0384e+40 1.2317e+42 6.4169e+41 5.751e+42 1.3801e+41 3.4006e+41 3.1648e+40 1.8732e+40 3.4143e+41 2.2356e+41
-1.5 0.3 100.0 -1.4 3.6762e+40 3.1622e+42 5.2846e+41 1.5907e+42 3.577e+40 3.9848e+38 9.3889e+42 1.1759e+39 3.3091e+40 2.3086e+40 3.5091e+40 1.2081e+42 6.3146e+41 4.1118e+42 1.2114e+41 2.9855e+41 3.4346e+40 2.0336e+40 3.4664e+41 2.2697e+41
-1.5 0.3 100.0 -1.7 2.5582e+40 2.2014e+42 4.2379e+41 1.2756e+42 1.1252e+40 1.8843e+38 6.4073e+42 5.5605e+38 1.2052e+40 8.4731e+39 2.4904e+40 9.3728e+41 4.9193e+41 2.1706e+42 8.5082e+40 2.0967e+41 3.2431e+40 1.9218e+40 2.9318e+41 1.9197e+41
-1.5 0.3 100.0 -2.0 1.8217e+40 1.5087e+42 3.0693e+41 9.2385e+41 3.1636e+39 1.0467e+38 4.3364e+42 3.0888e+38 4.1851e+39 2.9913e+39 1.4701e+40 6.0387e+41 3.1934e+41 1.0543e+42 5.3891e+40 1.328e+41 2.7368e+40 1.6238e+40 2.1952e+41 1.4374e+41
-2.0 0.1 100.0 -1.2 1.0514e+41 3.9534e+42 4.9306e+41 1.4841e+42 1.1199e+41 9.2959e+38 1.2084e+43 2.7432e+39 8.4208e+40 5.8645e+40 2.0978e+40 1.0408e+42 5.2998e+41 5.6444e+42 8.4771e+40 2.0893e+41 6.6117e+40 3.9124e+40 5.1981e+41 3.4037e+41
-2.0 0.1 100.0 -1.4 8.798e+40 3.2429e+42 4.8047e+41 1.4462e+42 5.8068e+40 5.9439e+38 9.7443e+42 1.754e+39 4.647e+40 3.2516e+40 1.8233e+40 9.479e+41 4.8481e+41 4.0734e+42 7.8467e+40 1.9339e+41 7.6096e+40 4.5036e+40 5.0113e+41 3.2814e+41
-2.0 0.1 100.0 -1.7 6.4599e+40 2.2658e+42 3.9166e+41 1.1789e+42 1.8773e+40 3.2894e+38 6.6751e+42 9.707e+38 1.746e+40 1.2376e+40 1.286e+40 6.76e+41 3.4933e+41 2.1707e+42 5.8094e+40 1.4318e+41 7.5691e+40 4.4815e+40 3.9283e+41 2.5724e+41
-2.0 0.1 100.0 -2.0 4.6818e+40 1.5427e+42 2.8664e+41 8.6279e+41 5.7826e+39 2.0491e+38 4.4904e+42 6.0469e+38 6.9387e+39 5.0178e+39 7.7193e+39 4.1773e+41 2.1954e+41 1.0586e+42 3.8251e+40 9.4269e+40 6.4047e+40 3.7947e+40 2.7345e+41 1.7906e+41
-2.0 0.1 1000.0 -1.2 9.8657e+40 3.9514e+42 4.6876e+41 1.411e+42 1.1732e+41 1.3263e+39 1.2087e+43 3.914e+39 8.3414e+40 6.1087e+40 1.3867e+40 9.5607e+41 4.8667e+41 5.6562e+42 7.3814e+40 1.8192e+41 6.2399e+40 3.8039e+40 5.1142e+41 3.409e+41
-2.0 0.1 1000.0 -1.4 8.3289e+40 3.2501e+42 4.5423e+41 1.3672e+42 6.2006e+40 8.8011e+38 9.7725e+42 2.5972e+39 4.5976e+40 3.4296e+40 9.3138e+39 8.0923e+41 4.1413e+41 4.0868e+42 6.6799e+40 1.6463e+41 7.2308e+40 4.4085e+40 4.8857e+41 3.2575e+41
-2.0 0.1 1000.0 -1.7 6.4454e+40 2.2815e+42 3.6171e+41 1.0887e+42 2.1739e+40 4.9305e+38 6.7267e+42 1.455e+39 1.7904e+40 1.404e+40 3.2567e+39 4.6362e+41 2.4088e+41 2.1811e+42 4.5835e+40 1.1297e+41 7.3327e+40 4.4728e+40 3.6889e+41 2.461e+41
-2.0 0.1 1000.0 -2.0 5.2023e+40 1.5589e+42 2.5267e+41 7.6053e+41 7.6588e+39 3.1372e+38 4.5438e+42 9.2579e+38 7.4754e+39 6.3752e+39 7.154e+38 1.9736e+41 1.0613e+41 1.0663e+42 2.6509e+40 6.5335e+40 6.2827e+40 3.8356e+40 2.3411e+41 1.5631e+41
-2.0 0.1 10000.0 -1.2 1.2381e+41 3.8319e+42 3.1163e+41 9.38e+41 1.7203e+41 3.25e+39 1.1754e+43 9.5908e+39 9.3189e+40 8.6983e+40 2.1088e+38 1.1412e+41 5.9592e+40 5.2442e+42 2.3196e+40 5.7171e+40 6.0438e+40 4.8771e+40 2.4026e+41 1.9416e+41
-2.0 0.1 10000.0 -1.4 1.1082e+41 3.1913e+42 2.8134e+41 8.4683e+41 9.9866e+40 2.3818e+39 9.6272e+42 7.0286e+39 5.4925e+40 5.2561e+40 9.534e+37 7.4495e+40 3.9397e+40 3.8296e+42 1.9248e+40 4.7441e+40 5.8907e+40 4.7661e+40 2.0071e+41 1.6257e+41
-2.0 0.1 10000.0 -1.7 9.7786e+40 2.2683e+42 1.9253e+41 5.7952e+41 4.2267e+40 1.5419e+39 6.7208e+42 4.5503e+39 2.4389e+40 2.4955e+40 1.6304e+37 2.7186e+40 1.4403e+40 2.0514e+42 1.0845e+40 2.673e+40 4.2391e+40 3.4538e+40 1.1921e+41 9.7047e+40
-2.0 0.1 10000.0 -2.0 8.7872e+40 1.5522e+42 1.0802e+41 3.2514e+41 1.8467e+40 1.1199e+39 4.5658e+42 3.3048e+39 1.1536e+40 1.3148e+40 1.8736e+36 7.6709e+39 3.9807e+39 9.95e+41 4.8425e+39 1.1935e+40 2.437e+40 2.002e+40 5.9683e+40 4.886e+40
-2.0 0.3 100.0 -1.2 8.8664e+40 3.9425e+42 4.1367e+41 1.2452e+42 9.7667e+40 9.3143e+38 1.2067e+43 2.7487e+39 8.7232e+40 6.0741e+40 2.1039e+40 7.4635e+41 3.865e+41 5.6313e+42 7.1655e+40 1.766e+41 2.9064e+40 1.7198e+40 3.7611e+41 2.4628e+41
-2.0 0.3 100.0 -1.4 7.4167e+40 3.2294e+42 4.0362e+41 1.2149e+42 5.0001e+40 5.9478e+38 9.7185e+42 1.7552e+39 4.7021e+40 3.2903e+40 1.8303e+40 6.8167e+41 3.5523e+41 4.0643e+42 6.6561e+40 1.6405e+41 3.3566e+40 1.9865e+40 3.6412e+41 2.3843e+41
-2.0 0.3 100.0 -1.7 5.4472e+40 2.255e+42 3.2978e+41 9.9265e+41 1.6314e+40 3.2896e+38 6.6529e+42 9.7077e+38 1.7836e+40 1.2636e+40 1.2922e+40 4.9042e+41 2.5859e+41 2.1666e+42 4.96e+40 1.2224e+41 3.3591e+40 1.9888e+40 2.873e+41 1.8813e+41
-2.0 0.3 100.0 -2.0 3.952e+40 1.5347e+42 2.4207e+41 7.2863e+41 5.0276e+39 2.0492e+38 4.4728e+42 6.0473e+38 7.0514e+39 5.096e+39 7.7557e+39 3.07e+41 1.6504e+41 1.0568e+42 3.288e+40 8.1035e+40 2.8625e+40 1.696e+40 2.0124e+41 1.3178e+41
-2.0 0.3 1000.0 -1.2 8.3374e+40 3.9527e+42 3.9516e+41 1.1894e+42 1.0215e+41 1.3232e+39 1.2105e+43 3.9047e+39 8.6601e+40 6.3323e+40 1.3944e+40 6.8917e+41 3.5612e+41 5.6507e+42 6.264e+40 1.5439e+41 2.7613e+40 1.6832e+40 3.7156e+41 2.4767e+41
-2.0 0.3 1000.0 -1.4 7.0375e+40 3.2485e+42 3.834e+41 1.154e+42 5.3317e+40 8.7788e+38 9.7801e+42 2.5906e+39 4.6656e+40 3.4777e+40 9.3745e+39 5.87e+41 3.0475e+41 4.0833e+42 5.6858e+40 1.4014e+41 3.2096e+40 1.9567e+40 3.5624e+41 2.3751e+41
-2.0 0.3 1000.0 -1.7 5.4486e+40 2.2801e+42 3.0584e+41 9.2058e+41 1.8832e+40 4.93e+38 6.7304e+42 1.4548e+39 1.8324e+40 1.4337e+40 3.2783e+39 3.4058e+41 1.7966e+41 2.1798e+42 3.9169e+40 9.6538e+40 3.2691e+40 1.9939e+40 2.701e+41 1.8018e+41
-2.0 0.3 1000.0 -2.0 4.4003e+40 1.5578e+42 2.1402e+41 6.442e+41 6.6063e+39 3.1417e+38 4.5451e+42 9.2711e+38 7.5826e+39 6.4521e+39 7.2051e+38 1.4794e+41 8.1112e+40 1.0658e+42 2.2726e+40 5.6012e+40 2.8112e+40 1.7161e+40 1.7197e+41 1.1481e+41
-2.0 0.3 10000.0 -1.2 1.0458e+41 3.834e+42 2.6311e+41 7.9195e+41 1.4806e+41 3.2452e+39 1.1771e+43 9.5766e+39 9.5793e+40 8.9026e+40 2.1188e+38 8.4452e+40 4.4171e+40 5.2437e+42 1.9648e+40 4.8427e+40 2.6795e+40 2.1619e+40 1.7477e+41 1.4122e+41
-2.0 0.3 10000.0 -1.4 9.362e+40 3.1936e+42 2.3763e+41 7.1527e+41 8.6208e+40 2.383e+39 9.6411e+42 7.0321e+39 5.6735e+40 5.3988e+40 9.5845e+37 5.5556e+40 2.929e+40 3.8293e+42 1.632e+40 4.0224e+40 2.6139e+40 2.1145e+40 1.4612e+41 1.1834e+41
-2.0 0.3 10000.0 -1.7 8.2617e+40 2.269e+42 1.6271e+41 4.8976e+41 3.6283e+40 1.5451e+39 6.7268e+42 4.5597e+39 2.4868e+40 2.5343e+40 1.6392e+37 2.0351e+40 1.0674e+40 2.0513e+42 9.2065e+39 2.2691e+40 1.8829e+40 1.5338e+40 8.6874e+40 7.0713e+40
-2.0 0.3 10000.0 -2.0 7.4261e+40 1.5525e+42 9.1328e+40 2.749e+41 1.5801e+40 1.1225e+39 4.5686e+42 3.3126e+39 1.1683e+40 1.3272e+40 1.8831e+36 5.6832e+39 2.9266e+39 9.9502e+41 4.1144e+39 1.0141e+40 1.0831e+40 8.8958e+39 4.3522e+40 3.5625e+40
-2.0 0.5 100.0 -1.2 6.7505e+40 3.9281e+42 3.1346e+41 9.4351e+41 7.5414e+40 9.3136e+38 1.2039e+43 2.7485e+39 8.7962e+40 6.1252e+40 2.1101e+40 5.0702e+41 2.6324e+41 5.618e+42 5.469e+40 1.3479e+41 7.1275e+39 4.2175e+39 2.5063e+41 1.6411e+41
-2.0 0.5 100.0 -1.4 5.6462e+40 3.2163e+42 3.0623e+41 9.2175e+41 3.8768e+40 5.9448e+38 9.6928e+42 1.7543e+39 4.7668e+40 3.3352e+40 1.8377e+40 4.6622e+41 2.4414e+41 4.0556e+42 5.0981e+40 1.2565e+41 8.2581e+39 4.8873e+39 2.4376e+41 1.5961e+41
-2.0 0.5 100.0 -1.7 4.1501e+40 2.2442e+42 2.5087e+41 7.5513e+41 1.2645e+40 3.2871e+38 6.6305e+42 9.7001e+38 1.8017e+40 1.2763e+40 1.2985e+40 3.391e+41 1.808e+41 2.1623e+42 3.823e+40 9.4223e+40 8.3183e+39 4.9249e+39 1.9369e+41 1.2683e+41
-2.0 0.5 100.0 -2.0 3.0133e+40 1.5264e+42 1.846e+41 5.5565e+41 3.9077e+39 2.0479e+38 4.4544e+42 6.0434e+38 7.1225e+39 5.1452e+39 7.7921e+39 2.1543e+41 1.1794e+41 1.0549e+42 2.5505e+40 6.2861e+40 7.1333e+39 4.2261e+39 1.3654e+41 8.9408e+40
-2.0 0.5 1000.0 -1.2 6.3598e+40 3.9495e+42 3.0086e+41 9.0558e+41 7.8751e+40 1.3177e+39 1.2108e+43 3.8886e+39 8.733e+40 6.3837e+40 1.4012e+40 4.6966e+41 2.4346e+41 5.6452e+42 4.7994e+40 1.1829e+41 6.8181e+39 4.1561e+39 2.4877e+41 1.6581e+41
-2.0 0.5 1000.0 -1.4 5.3702e+40 3.246e+42 2.9227e+41 8.7972e+41 4.1229e+40 8.7536e+38 9.7837e+42 2.5832e+39 4.7251e+40 3.5197e+40 9.4271e+39 4.0194e+41 2.1014e+41 4.0799e+42 4.369e+40 1.0768e+41 7.9477e+39 4.8451e+39 2.3944e+41 1.5963e+41
-2.0 0.5 1000.0 -1.7 4.16e+40 2.2775e+42 2.3358e+41 7.0308e+41 1.4495e+40 4.9225e+38 6.7306e+42 1.4526e+39 1.8401e+40 1.4393e+40 3.2999e+39 2.3606e+41 1.2612e+41 2.1784e+42 3.0217e+40 7.4474e+40 8.1311e+39 4.9591e+39 1.8247e+41 1.2172e+41
-2.0 0.5 1000.0 -2.0 3.3617e+40 1.5551e+42 1.637e+41 4.9275e+41 5.0156e+39 3.1415e+38 4.5427e+42 9.2705e+38 7.4856e+39 6.386e+39 7.2513e+38 1.0493e+41 5.8602e+40 1.0653e+42 1.7581e+40 4.3332e+40 7.0143e+39 4.2816e+39 1.1652e+41 7.779e+40
-2.0 0.5 10000.0 -1.2 7.9779e+40 3.8329e+42 2.0073e+41 6.0419e+41 1.1357e+41 3.2352e+39 1.1777e+43 9.5472e+39 9.6201e+40 8.9357e+40 2.1289e+38 5.8118e+40 3.0283e+40 5.2433e+42 1.5037e+40 3.7062e+40 6.632e+39 5.3502e+39 1.1739e+41 9.4846e+40
-2.0 0.5 10000.0 -1.4 7.1427e+40 3.1929e+42 1.8135e+41 5.4586e+41 6.6141e+40 2.3801e+39 9.646e+42 7.0235e+39 5.6954e+40 5.4174e+40 9.6289e+37 3.846e+40 2.0105e+40 3.8292e+42 1.2499e+40 3.0806e+40 6.4731e+39 5.2356e+39 9.8206e+40 7.9525e+40
-2.0 0.5 10000.0 -1.7 6.3053e+40 2.2693e+42 1.2424e+41 3.7396e+41 2.7976e+40 1.5468e+39 6.7312e+42 4.5647e+39 2.5188e+40 2.5605e+40 1.6475e+37 1.4062e+40 7.2929e+39 2.0512e+42 7.0594e+39 1.7399e+40 4.6672e+39 3.8012e+39 5.8443e+40 4.7565e+40
-2.0 0.5 10000.0 -2.0 5.6707e+40 1.5526e+42 6.9762e+40 2.0998e+41 1.2139e+40 1.1243e+39 4.5708e+42 3.3178e+39 1.1755e+40 1.3334e+40 1.892e+36 3.8809e+39 1.9843e+39 9.9497e+41 3.1573e+39 7.7819e+39 2.6864e+39 2.206e+39 2.9298e+40 2.3979e+40
-1.5 0.3 1000.0 -1.2 5.5431e+40 4.0709e+42 4.905e+41 1.4764e+42 8.2614e+40 1.4389e+39 1.2418e+43 4.2463e+39 6.5513e+40 4.7952e+40 2.2381e+40 1.0656e+42 5.5244e+41 5.7498e+42 1.0002e+41 2.4651e+41 2.9554e+40 1.8e+40 4.1099e+41 2.7365e+41
-1.5 0.3 1000.0 -1.4 4.5939e+40 3.316e+42 4.6132e+41 1.3886e+42 4.5462e+40 9.2974e+38 9.9389e+42 2.7437e+39 3.8304e+40 2.8345e+40 1.3884e+40 8.8887e+41 4.6169e+41 4.1273e+42 8.3549e+40 2.0591e+41 3.4056e+40 2.0747e+40 4.0356e+41 2.6883e+41
-1.5 0.3 1000.0 -1.7 3.7224e+40 2.3118e+42 3.511e+41 1.0568e+42 1.6571e+40 4.8784e+38 6.7881e+42 1.4396e+39 1.5418e+40 1.1864e+40 4.2689e+39 4.7276e+41 2.4797e+41 2.1934e+42 5.1087e+40 1.2591e+41 3.4988e+40 2.1331e+40 3.0685e+41 2.046e+41
-1.5 0.1 100.0 -1.2 5.5779e+40 3.9566e+42 6.7073e+41 2.0189e+42 8.0865e+40 6.9615e+38 1.1914e+43 2.0544e+39 5.9119e+40 4.1137e+40 4.0513e+40 1.7729e+42 9.048e+41 5.7795e+42 1.6543e+41 4.0761e+41 7.3323e+40 4.3399e+40 4.8077e+41 3.1479e+41
-1.5 0.3 1000.0 -2.0 3.3043e+40 1.5798e+42 2.3589e+41 7.1004e+41 6.0917e+39 2.8923e+38 4.5783e+42 8.5351e+38 6.684e+39 5.5457e+39 8.4816e+38 1.8509e+41 1.0072e+41 1.0707e+42 2.7032e+40 6.6622e+40 3.0297e+40 1.8491e+40 1.9074e+41 1.2731e+41
-1.5 0.3 10000.0 -1.2 1.0447e+41 3.9024e+42 2.6649e+41 8.0214e+41 1.5713e+41 3.8756e+39 1.1994e+43 1.1437e+40 9.9022e+40 9.275e+40 2.1848e+38 8.6588e+40 4.5316e+40 5.2619e+42 2.0055e+40 4.9429e+40 2.702e+40 2.1793e+40 1.7742e+41 1.4331e+41
-1.5 0.3 10000.0 -1.4 9.2809e+40 3.2375e+42 2.4072e+41 7.2457e+41 9.2508e+40 2.7259e+39 9.7656e+42 8.0441e+39 6.0655e+40 5.7639e+40 9.8424e+37 5.6826e+40 2.9995e+40 3.8339e+42 1.6642e+40 4.1018e+40 2.6412e+40 2.1359e+40 1.4827e+41 1.2004e+41
-3.5 0.1 100.0 -1.2 4.5519e+41 3.2778e+42 1.4102e+41 4.2446e+41 1.4146e+41 2.7903e+39 1.0116e+43 8.2342e+39 1.3255e+41 9.44e+40 3.4934e+38 4.6352e+40 2.4026e+40 4.1879e+42 7.5005e+39 1.8487e+40 3.5538e+40 2.1034e+40 1.1123e+41 7.2853e+40
-3.5 0.1 100.0 -1.4 4.2511e+41 2.8629e+42 1.3027e+41 3.9211e+41 9.5996e+40 2.479e+39 8.7492e+42 7.3154e+39 1.0155e+41 7.2783e+40 3.0364e+38 4.0988e+40 2.1413e+40 3.1832e+42 6.8851e+39 1.697e+40 3.5129e+40 2.0792e+40 1.0167e+41 6.6596e+40
-3.5 0.1 100.0 -1.7 3.4279e+41 2.1114e+42 9.9228e+40 2.9868e+41 4.706e+40 1.8902e+39 6.3727e+42 5.578e+39 6.0167e+40 4.3654e+40 2.0982e+38 2.9588e+40 1.5665e+40 1.8088e+42 5.1609e+39 1.272e+40 2.9127e+40 1.7241e+40 7.6213e+40 4.992e+40
-3.5 0.1 100.0 -2.0 2.5823e+41 1.4726e+42 6.8181e+40 2.0523e+41 2.1269e+40 1.3671e+39 4.4015e+42 4.0344e+39 3.3677e+40 2.4809e+40 1.2493e+38 1.9739e+40 1.0593e+40 9.2725e+41 3.4701e+39 8.5527e+39 2.1483e+40 1.2718e+40 5.1578e+40 3.3783e+40
-3.5 0.1 1000.0 -1.2 3.9436e+41 3.3289e+42 1.4052e+41 4.2295e+41 1.6586e+41 2.8125e+39 1.0233e+43 8.2997e+39 1.4377e+41 1.1333e+41 2.8453e+38 4.6499e+40 2.4087e+40 4.1819e+42 7.4382e+39 1.8333e+40 3.4661e+40 2.1232e+40 1.0981e+41 7.3531e+40
-3.5 0.1 1000.0 -1.4 3.6642e+41 2.8822e+42 1.2974e+41 3.9051e+41 1.0478e+41 2.4872e+39 8.7705e+42 7.3397e+39 9.7272e+40 7.9577e+40 2.1621e+38 4.0588e+40 2.1173e+40 3.1784e+42 6.8149e+39 1.6797e+40 3.425e+40 2.098e+40 1.0023e+41 6.7116e+40
-3.5 0.1 1000.0 -1.7 2.94e+41 2.1149e+42 9.8747e+40 2.9723e+41 4.7866e+40 1.8888e+39 6.3531e+42 5.5737e+39 5.0671e+40 4.43e+40 1.0381e+38 2.7811e+40 1.4648e+40 1.806e+42 5.0861e+39 1.2536e+40 2.8378e+40 1.7385e+40 7.4843e+40 5.0116e+40
-3.5 0.1 1000.0 -2.0 2.2083e+41 1.4758e+42 6.7758e+40 2.0395e+41 2.1706e+40 1.3638e+39 4.389e+42 4.0245e+39 2.7007e+40 2.5269e+40 3.6021e+37 1.6335e+40 8.6372e+39 9.2538e+41 3.3919e+39 8.3601e+39 2.0891e+40 1.28e+40 5.0184e+40 3.3606e+40
-3.5 0.1 10000.0 -1.2 2.0184e+41 3.3457e+42 1.3605e+41 4.0951e+41 1.7296e+41 2.8429e+39 1.0231e+43 8.3894e+39 1.1174e+41 1.0922e+41 2.5329e+37 2.1795e+40 1.1122e+40 4.0991e+42 6.6577e+39 1.6409e+40 2.8995e+40 2.3833e+40 8.9753e+40 7.3424e+40
-3.5 0.1 10000.0 -1.4 1.8447e+41 2.8972e+42 1.2371e+41 3.7238e+41 1.1027e+41 2.4996e+39 8.7681e+42 7.3764e+39 7.282e+40 7.3816e+40 1.3867e+37 1.622e+40 8.2833e+39 3.1083e+42 5.8667e+39 1.446e+40 2.787e+40 2.2922e+40 7.9167e+40 6.4816e+40
-3.5 0.1 10000.0 -1.7 1.4708e+41 2.1268e+42 8.9371e+40 2.6901e+41 5.1388e+40 1.9001e+39 6.3528e+42 5.6071e+39 3.5075e+40 3.8217e+40 3.3689e+36 7.5128e+39 3.8294e+39 1.7501e+42 3.8783e+39 9.5589e+39 2.1336e+40 1.7592e+40 5.3999e+40 4.4297e+40
-3.5 0.1 10000.0 -2.0 1.1181e+41 1.4844e+42 5.4782e+40 1.6489e+41 2.3766e+40 1.3953e+39 4.39e+42 4.1175e+39 1.6806e+40 2.0032e+40 5.3352e+35 2.6608e+39 1.3509e+39 8.8122e+41 2.0743e+39 5.1125e+39 1.3827e+40 1.1447e+40 3.1606e+40 2.6e+40
-3.5 0.3 100.0 -1.2 3.8454e+41 3.2851e+42 1.1905e+41 3.5833e+41 1.2347e+41 2.796e+39 1.0144e+43 8.2511e+39 1.3699e+41 9.7475e+40 3.506e+38 3.4244e+40 1.7654e+40 4.1873e+42 6.3516e+39 1.5655e+40 1.5755e+40 9.3249e+39 8.0897e+40 5.2987e+40
-3.5 0.3 100.0 -1.4 3.5918e+41 2.8691e+42 1.0999e+41 3.3108e+41 8.4319e+40 2.4838e+39 8.7724e+42 7.3298e+39 1.0536e+41 7.5418e+40 3.0475e+38 3.0419e+40 1.5777e+40 3.1825e+42 5.8346e+39 1.4381e+40 1.5582e+40 9.2228e+39 7.3992e+40 4.8464e+40
-3.5 0.3 100.0 -1.7 2.8972e+41 2.1128e+42 8.3826e+40 2.5232e+41 4.0859e+40 1.8933e+39 6.3799e+42 5.5872e+39 6.1238e+40 4.4401e+40 2.106e+38 2.213e+40 1.1594e+40 1.8084e+42 4.3793e+39 1.0794e+40 1.2935e+40 7.6564e+39 5.5527e+40 3.637e+40
-3.5 0.3 100.0 -2.0 2.1833e+41 1.473e+42 5.7629e+40 1.7346e+41 1.8291e+40 1.3694e+39 4.4043e+42 4.041e+39 3.3956e+40 2.5006e+40 1.2534e+38 1.4879e+40 7.8713e+39 9.2705e+41 2.9495e+39 7.2698e+39 9.5529e+39 5.6554e+39 3.763e+40 2.4648e+40
-3.5 0.3 1000.0 -1.2 3.3314e+41 3.332e+42 1.1862e+41 3.5704e+41 1.4379e+41 2.8177e+39 1.0249e+43 8.315e+39 1.47e+41 1.1562e+41 2.8566e+38 3.4341e+40 1.7694e+40 4.1814e+42 6.298e+39 1.5523e+40 1.5364e+40 9.4115e+39 7.986e+40 5.3473e+40
-3.5 0.3 1000.0 -1.4 3.0954e+41 2.8837e+42 1.0955e+41 3.2975e+41 9.0375e+40 2.4911e+39 8.7795e+42 7.3513e+39 9.8747e+40 8.0635e+40 2.1715e+38 3.0102e+40 1.5594e+40 3.178e+42 5.7746e+39 1.4233e+40 1.5192e+40 9.3056e+39 7.294e+40 4.8839e+40
-3.5 0.3 1000.0 -1.7 2.4838e+41 2.1164e+42 8.342e+40 2.5109e+41 4.1376e+40 1.8914e+39 6.3601e+42 5.5815e+39 5.1584e+40 4.495e+40 1.0429e+38 2.0749e+40 1.0823e+40 1.8059e+42 4.3161e+39 1.0638e+40 1.2601e+40 7.7194e+39 5.4525e+40 3.651e+40
-3.5 0.3 1000.0 -2.0 1.867e+41 1.4761e+42 5.7268e+40 1.7238e+41 1.8567e+40 1.366e+39 4.3913e+42 4.0311e+39 2.716e+40 2.5387e+40 3.62e+37 1.2217e+40 6.3855e+39 9.2524e+41 2.8821e+39 7.1035e+39 9.2873e+39 5.6903e+39 3.6602e+40 2.451e+40
-3.5 0.3 10000.0 -1.2 1.7051e+41 3.3469e+42 1.1484e+41 3.4568e+41 1.4851e+41 2.847e+39 1.024e+43 8.4015e+39 1.1339e+41 1.1056e+41 2.543e+37 1.5969e+40 8.1235e+39 4.0989e+42 5.6351e+39 1.3889e+40 1.2849e+40 1.056e+40 6.5248e+40 5.3373e+40
-3.5 0.3 10000.0 -1.4 1.5583e+41 2.8982e+42 1.0445e+41 3.1441e+41 9.4605e+40 2.5034e+39 8.7746e+42 7.3875e+39 7.3795e+40 7.4634e+40 1.3926e+37 1.1894e+40 6.053e+39 3.1081e+42 4.9688e+39 1.2247e+40 1.2357e+40 1.0162e+40 5.7582e+40 4.714e+40
-3.5 0.3 10000.0 -1.7 1.2427e+41 2.1275e+42 7.5487e+40 2.2722e+41 4.4044e+40 1.9029e+39 6.3573e+42 5.6153e+39 3.5537e+40 3.8603e+40 3.3841e+36 5.5063e+39 2.7975e+39 1.75e+42 3.2881e+39 8.1042e+39 9.4674e+39 7.805e+39 3.9308e+40 3.2243e+40
-3.5 0.3 10000.0 -2.0 9.4487e+40 1.4845e+42 4.6288e+40 1.3933e+41 2.0267e+40 1.3973e+39 4.3916e+42 4.1233e+39 1.6915e+40 2.0133e+40 5.3589e+35 1.9464e+39 9.8594e+38 8.8119e+41 1.7603e+39 4.3387e+39 6.1404e+39 5.0824e+39 2.3026e+40 1.8939e+40
-3.5 0.5 100.0 -1.2 2.9345e+41 3.2903e+42 9.0813e+40 2.7335e+41 9.638e+40 2.8002e+39 1.0164e+43 8.2634e+39 1.4024e+41 9.9728e+40 3.5178e+38 2.3369e+40 1.1971e+40 4.1867e+42 4.8596e+39 1.1978e+40 3.899e+39 2.3077e+39 5.4327e+40 3.5584e+40
-3.5 0.5 100.0 -1.4 2.7414e+41 2.8733e+42 8.3928e+40 2.5262e+41 6.6037e+40 2.4873e+39 8.7889e+42 7.3401e+39 1.0798e+41 7.7237e+40 3.0582e+38 2.085e+40 1.0726e+40 3.182e+42 4.4673e+39 1.1011e+40 3.8584e+39 2.2837e+39 4.9719e+40 3.2566e+40
-3.5 0.5 100.0 -1.7 2.2118e+41 2.1137e+42 6.3987e+40 1.926e+41 3.1633e+40 1.8957e+39 6.3848e+42 5.5942e+39 6.1763e+40 4.4769e+40 2.1134e+38 1.5276e+40 7.9128e+39 1.8081e+42 3.3571e+39 8.2744e+39 3.2059e+39 1.8977e+39 3.735e+40 2.4464e+40
-3.5 0.5 100.0 -2.0 1.6677e+41 1.4736e+42 4.4011e+40 1.3247e+41 1.4142e+40 1.3714e+39 4.4076e+42 4.047e+39 3.4201e+40 2.5178e+40 1.2573e+38 1.0339e+40 5.3896e+39 9.2683e+41 2.2644e+39 5.5812e+39 2.3706e+39 1.4034e+39 2.5343e+40 1.66e+40
-3.5 0.5 1000.0 -1.2 2.5414e+41 3.3323e+42 9.0488e+40 2.7237e+41 1.108e+41 2.8205e+39 1.0254e+43 8.3234e+39 1.4776e+41 1.1618e+41 2.8665e+38 2.3428e+40 1.1997e+40 4.1815e+42 4.8182e+39 1.1876e+40 3.8019e+39 2.3288e+39 5.3624e+40 3.5906e+40
-3.5 0.5 1000.0 -1.4 2.3622e+41 2.8849e+42 8.3585e+40 2.5159e+41 6.9854e+40 2.4938e+39 8.7865e+42 7.3592e+39 9.9721e+40 8.1329e+40 2.1798e+38 2.0616e+40 1.0597e+40 3.1776e+42 4.4206e+39 1.0896e+40 3.7611e+39 2.3038e+39 4.9006e+40 3.2813e+40
-3.5 0.5 1000.0 -1.7 1.8961e+41 2.1175e+42 6.3672e+40 1.9165e+41 3.204e+40 1.8937e+39 6.3655e+42 5.5882e+39 5.2178e+40 4.5377e+40 1.0472e+38 1.4281e+40 7.3732e+39 1.8056e+42 3.3077e+39 8.1525e+39 3.1226e+39 1.9128e+39 3.6667e+40 2.4551e+40
-3.5 0.5 1000.0 -2.0 1.4258e+41 1.4767e+42 4.3732e+40 1.3163e+41 1.4341e+40 1.3678e+39 4.3944e+42 4.0365e+39 2.7388e+40 2.5553e+40 3.636e+37 8.4224e+39 4.352e+39 9.251e+41 2.212e+39 5.4519e+39 2.304e+39 1.4116e+39 2.4643e+40 1.6502e+40
-3.5 0.5 10000.0 -1.2 1.3011e+41 3.351e+42 8.7593e+40 2.6365e+41 1.1561e+41 2.8505e+39 1.0256e+43 8.4118e+39 1.1642e+41 1.1295e+41 2.5524e+37 1.0799e+40 5.4761e+39 4.0987e+42 4.3088e+39 1.062e+40 3.1777e+39 2.6114e+39 4.3792e+40 3.582e+40
-3.5 0.5 10000.0 -1.4 1.1891e+41 2.9007e+42 7.9688e+40 2.3986e+41 7.3467e+40 2.5061e+39 8.7853e+42 7.3954e+39 7.5471e+40 7.5951e+40 1.3982e+37 8.0484e+39 4.0818e+39 3.108e+42 3.8016e+39 9.37e+39 3.0576e+39 2.5142e+39 3.8667e+40 3.1652e+40
-3.5 0.5 10000.0 -1.7 9.4841e+40 2.1279e+42 5.7609e+40 1.734e+41 3.3856e+40 1.9048e+39 6.3601e+42 5.6209e+39 3.5748e+40 3.8787e+40 3.3985e+36 3.7233e+39 1.8861e+39 1.7499e+42 2.5181e+39 6.2065e+39 2.3444e+39 1.9325e+39 2.6416e+40 2.1666e+40
-3.5 0.5 10000.0 -2.0 7.2125e+40 1.4848e+42 3.5338e+40 1.0637e+41 1.5568e+40 1.3987e+39 4.3933e+42 4.1277e+39 1.7018e+40 2.0222e+40 5.3816e+35 1.3137e+39 6.6414e+38 8.8117e+41 1.3493e+39 3.3256e+39 1.5215e+39 1.2592e+39 1.5483e+40 1.2734e+40
-1.5 0.3 10000.0 -1.7 8.194e+40 2.2887e+42 1.6406e+41 4.9382e+41 3.8552e+40 1.6434e+39 6.7688e+42 4.8497e+39 2.6726e+40 2.691e+40 1.661e+37 2.0625e+40 1.0829e+40 2.049e+42 9.3134e+39 2.2955e+40 1.8961e+40 1.5442e+40 8.7619e+40 7.1311e+40
-1.5 0.3 10000.0 -2.0 7.3957e+40 1.5613e+42 9.1604e+40 2.7573e+41 1.6364e+40 1.1408e+39 4.5801e+42 3.3666e+39 1.221e+40 1.3684e+40 1.8859e+36 5.7066e+39 2.9398e+39 9.9137e+41 4.128e+39 1.0174e+40 1.0849e+40 8.9105e+39 4.3628e+40 3.5711e+40
-1.5 0.5 100.0 -1.2 3.5525e+40 3.8451e+42 4.1254e+41 1.2418e+42 5.4121e+40 6.8555e+38 1.1636e+43 2.0231e+39 6.1064e+40 4.2488e+40 4.0284e+40 8.2012e+41 4.3045e+41 5.7231e+42 1.0386e+41 2.5593e+41 7.6138e+39 4.5064e+39 2.2348e+41 1.4633e+41
-1.5 0.5 100.0 -1.4 2.7837e+40 3.1125e+42 3.952e+41 1.1895e+42 2.7519e+40 3.935e+38 9.264e+42 1.1612e+39 3.3078e+40 2.3079e+40 3.5117e+40 8.0837e+41 4.2934e+41 4.0942e+42 9.1808e+40 2.2626e+41 8.3374e+39 4.9363e+39 2.2881e+41 1.4982e+41
-1.5 0.5 100.0 -1.7 1.9391e+40 2.1641e+42 3.1895e+41 9.6004e+41 8.7048e+39 1.855e+38 6.3137e+42 5.474e+38 1.2109e+40 8.5131e+39 2.5019e+40 6.315e+41 3.4207e+41 2.1643e+42 6.5275e+40 1.6087e+41 7.9863e+39 4.7322e+39 1.9635e+41 1.2857e+41
-3.0 0.1 100.0 -1.2 3.2839e+41 3.4995e+42 2.4262e+41 7.3027e+41 1.4038e+41 1.9548e+39 1.0831e+43 5.7686e+39 1.1435e+41 8.0586e+40 1.785e+39 1.6382e+41 8.5433e+40 4.9674e+42 1.8231e+40 4.4933e+40 5.5006e+40 3.255e+40 2.279e+41 1.4926e+41
-3.0 0.1 100.0 -1.4 3.0176e+41 2.9877e+42 2.305e+41 6.938e+41 8.5922e+40 1.6451e+39 9.14e+42 4.8546e+39 7.7542e+40 5.5067e+40 1.5438e+39 1.4194e+41 7.4977e+40 3.6979e+42 1.7079e+40 4.2095e+40 5.6698e+40 3.3553e+40 2.113e+41 1.3839e+41
-3.0 0.1 100.0 -1.7 2.4167e+41 2.1587e+42 1.834e+41 5.5204e+41 3.5112e+40 1.2055e+39 6.5076e+42 3.5574e+39 3.862e+40 2.7892e+40 1.0647e+39 9.8348e+40 5.3359e+40 2.0437e+42 1.313e+40 3.2361e+40 4.9475e+40 2.9282e+40 1.6072e+41 1.0526e+41
-3.0 0.1 100.0 -2.0 1.8369e+41 1.493e+42 1.3169e+41 3.964e+41 1.3972e+40 8.6454e+38 4.4499e+42 2.5513e+39 2.0096e+40 1.4786e+40 6.336e+38 6.2414e+40 3.5122e+40 1.0229e+42 9.0206e+39 2.2233e+40 3.7919e+40 2.2447e+40 1.0991e+41 7.1986e+40
-3.0 0.1 1000.0 -1.2 2.8483e+41 3.52e+42 2.4139e+41 7.266e+41 1.5081e+41 2.0364e+39 1.0854e+43 6.0095e+39 1.1546e+41 8.8105e+40 1.4308e+39 1.6401e+41 8.5459e+40 4.9648e+42 1.7998e+40 4.4359e+40 5.363e+40 3.2788e+40 2.2396e+41 1.4978e+41
-3.0 0.1 1000.0 -1.4 2.6027e+41 2.9943e+42 2.2915e+41 6.8976e+41 8.8515e+40 1.7003e+39 9.1247e+42 5.0174e+39 7.1979e+40 5.6897e+40 1.0678e+39 1.3976e+41 7.3732e+40 3.6962e+42 1.6801e+40 4.141e+40 5.529e+40 3.3803e+40 2.0719e+41 1.3856e+41
-3.0 0.1 1000.0 -1.7 2.0761e+41 2.1629e+42 1.8202e+41 5.4789e+41 3.6108e+40 1.2336e+39 6.4925e+42 3.6403e+39 3.3736e+40 2.8625e+40 4.9071e+38 9.0878e+40 4.9173e+40 2.0428e+42 1.2803e+40 3.1555e+40 4.8341e+40 2.9559e+40 1.5657e+41 1.0471e+41
-3.0 0.1 1000.0 -2.0 1.579e+41 1.4959e+42 1.3011e+41 3.9163e+41 1.4401e+40 8.8048e+38 4.4387e+42 2.5983e+39 1.6352e+40 1.5093e+40 1.5734e+38 4.9765e+40 2.776e+40 1.022e+42 8.6235e+39 2.1254e+40 3.7064e+40 2.2672e+40 1.0502e+41 7.0249e+40
-3.0 0.1 10000.0 -1.2 1.6034e+41 3.5293e+42 2.2802e+41 6.8633e+41 1.6175e+41 2.499e+39 1.0838e+43 7.3746e+39 9.5591e+40 9.0361e+40 9.2655e+37 6.0649e+40 3.1449e+40 4.8223e+42 1.4172e+40 3.493e+40 4.6713e+40 3.8012e+40 1.6377e+41 1.3313e+41
-3.0 0.1 10000.0 -1.4 1.4553e+41 3.0069e+42 2.0875e+41 6.2834e+41 9.7362e+40 2.0846e+39 9.1249e+42 6.1516e+39 5.8491e+40 5.7238e+40 4.6873e+37 4.2709e+40 2.223e+40 3.5885e+42 1.231e+40 3.034e+40 4.5324e+40 3.693e+40 1.4193e+41 1.1551e+41
-3.0 0.1 10000.0 -1.7 1.2013e+41 2.1766e+42 1.4958e+41 4.5022e+41 4.2307e+40 1.5461e+39 6.5082e+42 4.5625e+39 2.6352e+40 2.7899e+40 9.7e+36 1.7744e+40 9.2087e+39 1.9695e+42 7.6853e+39 1.8942e+40 3.3896e+40 2.774e+40 9.1434e+40 7.4658e+40
-3.0 0.1 10000.0 -2.0 9.807e+40 1.5087e+42 8.8785e+40 2.6724e+41 1.8853e+40 1.1744e+39 4.4626e+42 3.4656e+39 1.248e+40 1.4662e+40 1.3026e+36 5.5917e+39 2.8707e+39 9.7217e+41 3.7852e+39 9.3295e+39 2.0704e+40 1.705e+40 4.9545e+40 4.0627e+40
-3.0 0.3 100.0 -1.2 2.7738e+41 3.5069e+42 2.0475e+41 6.1631e+41 1.2334e+41 1.96e+39 1.0859e+43 5.7838e+39 1.1961e+41 8.423e+40 1.7919e+39 1.2103e+41 6.339e+40 4.9658e+42 1.5442e+40 3.8059e+40 2.4387e+40 1.4431e+40 1.6578e+41 1.0858e+41
-3.0 0.3 100.0 -1.4 2.5489e+41 2.991e+42 1.946e+41 5.8574e+41 7.5e+40 1.6483e+39 9.1553e+42 4.864e+39 7.9911e+40 5.6711e+40 1.5501e+39 1.0555e+41 5.6027e+40 3.6967e+42 1.4481e+40 3.5692e+40 2.516e+40 1.4889e+40 1.5385e+41 1.0077e+41
-3.0 0.3 100.0 -1.7 2.042e+41 2.1598e+42 1.5493e+41 4.6634e+41 3.0474e+40 1.2073e+39 6.5144e+42 3.5628e+39 3.936e+40 2.8408e+40 1.0689e+39 7.4122e+40 4.0409e+40 2.0429e+42 1.1153e+40 2.749e+40 2.1988e+40 1.3013e+40 1.1721e+41 7.6765e+40
-3.0 0.3 100.0 -2.0 1.5533e+41 1.4935e+42 1.1135e+41 3.3515e+41 1.2077e+40 8.6607e+38 4.4535e+42 2.5558e+39 2.034e+40 1.4958e+40 6.3576e+38 4.7913e+40 2.703e+40 1.0225e+42 7.6828e+39 1.8936e+40 1.6887e+40 9.9966e+39 8.0332e+40 5.2613e+40
-3.0 0.3 1000.0 -1.2 2.4055e+41 3.5208e+42 2.0375e+41 6.1328e+41 1.2969e+41 2.0399e+39 1.0863e+43 6.0197e+39 1.1692e+41 8.9155e+40 1.4369e+39 1.2113e+41 6.3377e+40 4.9635e+42 1.5244e+40 3.7572e+40 2.3777e+40 1.4536e+40 1.6291e+41 1.0895e+41
-3.0 0.3 1000.0 -1.4 2.1988e+41 2.9975e+42 1.9351e+41 5.8248e+41 7.6896e+40 1.7034e+39 9.1394e+42 5.0266e+39 7.3969e+40 5.8304e+40 1.0729e+39 1.039e+41 5.5056e+40 3.6953e+42 1.425e+40 3.5122e+40 2.4543e+40 1.5005e+40 1.509e+41 1.0091e+41
-3.0 0.3 1000.0 -1.7 1.7544e+41 2.1646e+42 1.538e+41 4.6292e+41 3.1327e+40 1.2356e+39 6.5009e+42 3.6464e+39 3.4511e+40 2.9176e+40 4.9327e+38 6.8446e+40 3.7139e+40 2.0423e+42 1.0876e+40 2.6807e+40 2.1486e+40 1.3138e+40 1.1419e+41 7.6371e+40
-1.5 0.5 100.0 -2.0 1.3847e+40 1.4846e+42 2.3263e+41 7.0023e+41 2.5061e+39 1.0345e+38 4.2755e+42 3.0527e+38 4.3066e+39 3.0748e+39 1.4788e+40 4.1125e+41 2.2719e+41 1.052e+42 4.1863e+40 1.0317e+41 6.8285e+39 4.0511e+39 1.4894e+41 9.7527e+40
-3.0 0.3 1000.0 -2.0 1.3349e+41 1.4967e+42 1.1002e+41 3.3116e+41 1.2466e+40 8.8193e+38 4.4433e+42 2.6026e+39 1.6641e+40 1.5301e+40 1.5822e+38 3.8105e+40 2.1146e+40 1.0217e+42 7.3416e+39 1.8095e+40 1.6502e+40 1.0094e+40 7.673e+40 5.1323e+40
-3.0 0.3 10000.0 -1.2 1.3545e+41 3.5318e+42 1.925e+41 5.7943e+41 1.3912e+41 2.5028e+39 1.0851e+43 7.3857e+39 9.7536e+40 9.1934e+40 9.309e+37 4.4811e+40 2.3135e+40 4.822e+42 1.2002e+40 2.9582e+40 2.0709e+40 1.685e+40 1.1912e+41 9.6823e+40
-3.0 0.3 10000.0 -1.4 1.2293e+41 3.0085e+42 1.7627e+41 5.3057e+41 8.3592e+40 2.0877e+39 9.1339e+42 6.1608e+39 5.9482e+40 5.8042e+40 4.7099e+37 3.1636e+40 1.6366e+40 3.5882e+42 1.043e+40 2.5708e+40 2.0101e+40 1.6376e+40 1.0327e+41 8.4042e+40
-3.0 0.3 10000.0 -1.7 1.015e+41 2.178e+42 1.2638e+41 3.8039e+41 3.6385e+40 1.5485e+39 6.515e+42 4.5697e+39 2.6898e+40 2.834e+40 9.7499e+36 1.3139e+40 6.7705e+39 1.9694e+42 6.5208e+39 1.6072e+40 1.5049e+40 1.2314e+40 6.6602e+40 5.4376e+40
-3.0 0.3 10000.0 -2.0 8.2883e+40 1.509e+42 7.5046e+40 2.2589e+41 1.6094e+40 1.1763e+39 4.465e+42 3.4713e+39 1.2582e+40 1.4752e+40 1.309e+36 4.1174e+39 2.103e+39 9.7213e+41 3.2147e+39 7.9233e+39 9.1987e+39 7.5741e+39 3.6116e+40 2.9611e+40
-3.0 0.5 100.0 -1.2 2.1163e+41 3.5118e+42 1.5613e+41 4.6995e+41 9.6555e+40 1.9633e+39 1.0879e+43 5.7937e+39 1.2314e+41 8.6676e+40 1.7982e+39 8.322e+40 4.3637e+40 4.9642e+42 1.1813e+40 2.9117e+40 6.0341e+39 3.5706e+39 1.1132e+41 7.291e+40
-3.0 0.5 100.0 -1.4 1.9448e+41 2.9913e+42 1.4844e+41 4.4681e+41 5.7935e+40 1.65e+39 9.1609e+42 4.8693e+39 8.0481e+40 5.7114e+40 1.5559e+39 7.3206e+40 3.887e+40 3.6955e+42 1.1092e+40 2.7338e+40 6.2314e+39 3.6876e+39 1.0342e+41 6.7734e+40
-3.0 0.5 100.0 -1.7 1.5587e+41 2.1604e+42 1.1826e+41 3.5598e+41 2.36e+40 1.2087e+39 6.5193e+42 3.5669e+39 3.9738e+40 2.8673e+40 1.0729e+39 5.2281e+40 2.8426e+40 2.0422e+42 8.5594e+39 2.1097e+40 5.4545e+39 3.2282e+39 7.8918e+40 5.1687e+40
-3.0 0.5 100.0 -2.0 1.1865e+41 1.4938e+42 8.5063e+40 2.5604e+41 9.3499e+39 8.6725e+38 4.4563e+42 2.5593e+39 2.05e+40 1.507e+40 6.378e+38 3.4532e+40 1.93e+40 1.0221e+42 5.9088e+39 1.4564e+40 4.1966e+39 2.4843e+39 5.4189e+40 3.5491e+40
-3.0 0.5 1000.0 -1.2 1.8353e+41 3.5243e+42 1.5539e+41 4.6772e+41 1.0093e+41 2.0426e+39 1.0879e+43 6.0278e+39 1.1948e+41 9.0957e+40 1.4423e+39 8.3251e+40 4.3598e+40 4.9624e+42 1.1664e+40 2.8748e+40 5.884e+39 3.5971e+39 1.0941e+41 7.3167e+40
-3.0 0.5 1000.0 -1.4 1.6777e+41 2.9991e+42 1.4763e+41 4.4436e+41 5.9584e+40 1.7053e+39 9.1484e+42 5.0324e+39 7.4999e+40 5.9035e+40 1.0773e+39 7.1994e+40 3.8141e+40 3.6944e+42 1.0913e+40 2.6898e+40 6.0782e+39 3.7158e+39 1.0143e+41 6.7828e+40
-3.0 0.5 1000.0 -1.7 1.3391e+41 2.164e+42 1.1741e+41 3.534e+41 2.3875e+40 1.2368e+39 6.5018e+42 3.6498e+39 3.4228e+40 2.8985e+40 4.9556e+38 4.8166e+40 2.5995e+40 2.0418e+42 8.3452e+39 2.0569e+40 5.3295e+39 3.2586e+39 7.6879e+40 5.1414e+40
-3.0 0.5 1000.0 -2.0 1.0196e+41 1.4971e+42 8.4058e+40 2.5301e+41 9.6092e+39 8.8315e+38 4.4461e+42 2.6062e+39 1.6737e+40 1.5372e+40 1.5902e+38 2.7248e+40 1.4875e+40 1.0215e+42 5.6455e+39 1.3915e+40 4.1005e+39 2.508e+39 5.1749e+40 3.4613e+40
-3.0 0.5 10000.0 -1.2 1.0335e+41 3.534e+42 1.4684e+41 4.42e+41 1.0742e+41 2.5048e+39 1.0862e+43 7.3915e+39 9.8949e+40 9.3039e+40 9.3485e+37 3.0607e+40 1.5706e+40 4.8217e+42 9.1814e+39 2.263e+40 5.124e+39 4.1685e+39 7.9982e+40 6.5007e+40
-3.0 0.5 10000.0 -1.4 9.381e+40 3.0106e+42 1.3451e+41 4.0489e+41 6.4641e+40 2.0901e+39 9.1437e+42 6.168e+39 6.0477e+40 5.8837e+40 4.732e+37 2.1651e+40 1.112e+40 3.5881e+42 7.9865e+39 1.9684e+40 4.9775e+39 4.0545e+39 6.9395e+40 5.6469e+40
-3.0 0.5 10000.0 -1.7 7.7468e+40 2.1783e+42 9.6476e+40 2.9039e+41 2.7888e+40 1.5501e+39 6.5181e+42 4.5745e+39 2.693e+40 2.8374e+40 9.7967e+36 8.9729e+39 4.5913e+39 1.9693e+42 4.9977e+39 1.2318e+40 3.729e+39 3.0508e+39 4.4788e+40 3.6562e+40
-3.0 0.5 10000.0 -2.0 6.3279e+40 1.5097e+42 5.7312e+40 1.7251e+41 1.2408e+40 1.1777e+39 4.4681e+42 3.4755e+39 1.2735e+40 1.4876e+40 1.315e+36 2.7959e+39 1.4214e+39 9.721e+41 2.466e+39 6.078e+39 2.2808e+39 1.8776e+39 2.4303e+40 1.9924e+40
-1.5 0.5 1000.0 -1.2 4.2307e+40 4.0611e+42 3.7305e+41 1.1229e+42 6.3698e+40 1.4138e+39 1.241e+43 4.172e+39 6.6233e+40 4.8457e+40 2.2512e+40 7.2601e+41 3.7743e+41 5.7425e+42 7.6765e+40 1.8919e+41 7.2874e+39 4.4383e+39 2.7485e+41 1.83e+41
-1.5 0.1 100.0 -1.4 4.3816e+40 3.2136e+42 6.3775e+41 1.9196e+42 4.1369e+40 4.0343e+38 9.5156e+42 1.1905e+39 3.2522e+40 2.2691e+40 3.5085e+40 1.7406e+42 8.888e+41 4.1289e+42 1.4415e+41 3.5522e+41 7.8813e+40 4.6665e+40 4.8399e+41 3.169e+41
-1.5 0.5 1000.0 -1.4 3.5077e+40 3.3079e+42 3.5149e+41 1.058e+42 3.4935e+40 9.148e+38 9.9317e+42 2.6996e+39 3.8442e+40 2.8444e+40 1.3975e+40 6.0813e+41 3.1834e+41 4.1229e+42 6.4332e+40 1.5855e+41 8.4363e+39 5.1392e+39 2.7136e+41 1.8076e+41
-1.5 0.5 1000.0 -1.7 2.844e+40 2.3074e+42 2.6817e+41 8.0718e+41 1.2963e+40 4.8312e+38 6.7853e+42 1.4257e+39 1.5892e+40 1.2196e+40 4.2959e+39 3.2636e+41 1.737e+41 2.1918e+42 3.9485e+40 9.7317e+40 8.7153e+39 5.3129e+39 2.0755e+41 1.3838e+41
-1.5 0.5 1000.0 -2.0 2.525e+40 1.5767e+42 1.8048e+41 5.4324e+41 4.7026e+39 2.8807e+38 4.5752e+42 8.501e+38 6.741e+39 5.5866e+39 8.5379e+38 1.3079e+41 7.2578e+40 1.0702e+42 2.0941e+40 5.1612e+40 7.5685e+39 4.6187e+39 1.2938e+41 8.6352e+40
-1.5 0.5 10000.0 -1.2 7.969e+40 3.8992e+42 2.0331e+41 6.1195e+41 1.2057e+41 3.8437e+39 1.2e+43 1.1343e+40 9.9634e+40 9.3222e+40 2.1945e+38 5.9594e+40 3.1085e+40 5.2615e+42 1.5347e+40 3.7825e+40 6.6871e+39 5.3927e+39 1.1916e+41 9.6244e+40
-4.5 0.1 100.0 -1.2 4.1331e+41 2.7864e+42 1.3847e+40 4.1679e+40 1.7178e+41 3.208e+39 8.5682e+42 9.4669e+39 1.9674e+41 1.4074e+41 1.1047e+37 1.7583e+39 8.8576e+38 1.631e+42 4.5995e+38 1.1336e+39 5.0497e+39 2.9894e+39 1.3865e+40 9.0813e+39
-4.5 0.1 100.0 -1.4 3.8778e+41 2.5383e+42 1.2614e+40 3.7967e+40 1.3175e+41 2.9394e+39 7.7505e+42 8.6743e+39 1.5981e+41 1.1493e+41 9.6962e+36 1.6005e+39 8.0641e+38 1.2561e+42 4.1939e+38 1.0337e+39 4.9335e+39 2.9207e+39 1.2476e+40 8.1715e+39
-4.5 0.1 100.0 -1.7 3.0799e+41 1.9606e+42 9.3175e+39 2.8046e+40 8.0431e+40 2.271e+39 5.9321e+42 6.7017e+39 1.0666e+41 7.7269e+40 6.7589e+36 1.203e+39 6.0633e+38 7.2661e+41 3.1012e+38 7.6436e+38 4.0509e+39 2.3983e+39 9.1455e+39 5.9902e+39
-4.5 0.1 100.0 -2.0 2.2459e+41 1.409e+42 6.1552e+39 1.8527e+40 4.6435e+40 1.6228e+39 4.2319e+42 4.7888e+39 6.737e+40 4.9156e+40 4.0422e+36 8.2857e+38 4.1775e+38 3.7816e+41 2.0499e+38 5.0524e+38 2.9822e+39 1.7658e+39 6.056e+39 3.9667e+39
-4.5 0.1 1000.0 -1.2 3.6397e+41 2.863e+42 1.3797e+40 4.1528e+40 2.1146e+41 3.1992e+39 8.7695e+42 9.441e+39 2.1906e+41 1.7682e+41 8.9837e+36 1.7624e+39 8.8783e+38 1.6281e+42 4.5628e+38 1.1246e+39 4.9322e+39 3.0264e+39 1.3785e+40 9.2338e+39
-4.5 0.1 1000.0 -1.4 3.4007e+41 2.5856e+42 1.2562e+40 3.7813e+40 1.5712e+41 2.9246e+39 7.8629e+42 8.6306e+39 1.6756e+41 1.3889e+41 6.9129e+36 1.5839e+39 7.9801e+38 1.2536e+42 4.1555e+38 1.0242e+39 4.8154e+39 2.955e+39 1.2392e+40 8.3021e+39
-4.5 0.1 1000.0 -1.7 2.6869e+41 1.9786e+42 9.2721e+39 2.7909e+40 9.0011e+40 2.2532e+39 5.9597e+42 6.6491e+39 1.0051e+41 8.7098e+40 3.3787e+36 1.1288e+39 5.6883e+38 7.2487e+41 3.0638e+38 7.5514e+38 3.948e+39 2.4232e+39 9.0627e+39 6.0729e+39
-4.5 0.1 1000.0 -2.0 1.9523e+41 1.4151e+42 6.1162e+39 1.841e+40 4.8977e+40 1.6077e+39 4.2293e+42 4.7444e+39 5.7728e+40 5.2436e+40 1.2007e+36 6.835e+38 3.4447e+38 3.7692e+41 2.0136e+38 4.963e+38 2.8991e+39 1.7798e+39 5.9759e+39 4.0052e+39
-4.5 0.1 10000.0 -1.2 1.916e+41 2.8804e+42 1.3294e+40 4.0015e+40 2.1816e+41 2.979e+39 8.7633e+42 8.7909e+39 1.6108e+41 1.6582e+41 7.9542e+35 8.7945e+38 4.4307e+38 1.6112e+42 4.2223e+38 1.0407e+39 4.1254e+39 3.4256e+39 1.2101e+40 9.9127e+39
-4.5 0.1 10000.0 -1.4 1.7606e+41 2.5987e+42 1.2004e+40 3.6132e+40 1.6082e+41 2.7148e+39 7.8471e+42 8.0113e+39 1.1752e+41 1.2499e+41 4.5452e+35 6.8568e+38 3.4545e+38 1.2378e+42 3.7539e+38 9.2524e+38 3.9839e+39 3.3116e+39 1.0736e+40 8.8094e+39
-4.5 0.1 10000.0 -1.7 1.3654e+41 1.9881e+42 8.5972e+39 2.5878e+40 9.2178e+40 2.0856e+39 5.945e+42 6.1547e+39 6.6021e+40 7.4163e+40 1.1942e+35 3.4842e+38 1.7554e+38 7.0996e+41 2.5585e+38 6.3059e+38 3.172e+39 2.6417e+39 7.5954e+39 6.2468e+39
-4.5 0.1 10000.0 -2.0 9.7827e+40 1.4205e+42 5.3102e+39 1.5984e+40 4.9613e+40 1.4852e+39 4.2139e+42 4.3828e+39 3.4357e+40 4.1446e+40 2.0796e+34 1.3877e+38 6.9917e+37 3.6312e+41 1.4486e+38 3.5703e+38 2.2244e+39 1.8568e+39 4.7587e+39 3.9224e+39
-4.5 0.3 100.0 -1.2 3.4937e+41 2.7934e+42 1.1689e+40 3.5184e+40 1.4801e+41 3.2148e+39 8.5952e+42 9.4867e+39 2.002e+41 1.4316e+41 1.1085e+37 1.2794e+39 6.4422e+38 1.631e+42 3.8933e+38 9.596e+38 2.2396e+39 1.3258e+39 1.0085e+40 6.6052e+39
-4.5 0.3 100.0 -1.4 3.2782e+41 2.5436e+42 1.0649e+40 3.2052e+40 1.1407e+41 2.9456e+39 7.7712e+42 8.6924e+39 1.6352e+41 1.175e+41 9.7326e+36 1.1654e+39 5.8683e+38 1.2561e+42 3.5512e+38 8.7528e+38 2.1887e+39 1.2958e+39 9.0777e+39 5.9457e+39
-4.5 0.3 100.0 -1.7 2.6046e+41 1.963e+42 7.8688e+39 2.3685e+40 6.9257e+40 2.2758e+39 5.9424e+42 6.7158e+39 1.0841e+41 7.8482e+40 6.7831e+36 8.761e+38 4.4125e+38 7.2662e+41 2.6283e+38 6.4781e+38 1.799e+39 1.0651e+39 6.6601e+39 4.3623e+39
-4.5 0.3 100.0 -2.0 1.8999e+41 1.4104e+42 5.1998e+39 1.5651e+40 3.9935e+40 1.6263e+39 4.2382e+42 4.7993e+39 6.8346e+40 4.9836e+40 4.0554e+36 6.0362e+38 3.0408e+38 3.7816e+41 1.7393e+38 4.287e+38 1.3256e+39 7.849e+38 4.4139e+39 2.8911e+39
-4.5 0.3 1000.0 -1.2 3.0769e+41 2.8679e+42 1.1646e+40 3.5053e+40 1.8364e+41 3.2065e+39 8.7905e+42 9.4625e+39 2.2448e+41 1.8068e+41 9.0168e+36 1.2823e+39 6.4571e+38 1.6278e+42 3.8612e+38 9.5167e+38 2.1868e+39 1.3418e+39 1.0024e+40 6.7148e+39
-4.5 0.3 1000.0 -1.4 2.8745e+41 2.5871e+42 1.0606e+40 3.1923e+40 1.3502e+41 2.93e+39 7.8721e+42 8.6465e+39 1.6974e+41 1.4045e+41 6.9403e+36 1.153e+39 5.8062e+38 1.2536e+42 3.5188e+38 8.6728e+38 2.1361e+39 1.3109e+39 9.0155e+39 6.04e+39
-4.5 0.3 1000.0 -1.7 2.2716e+41 1.98e+42 7.8298e+39 2.3568e+40 7.7183e+40 2.2575e+39 5.9669e+42 6.6618e+39 1.0174e+41 8.7988e+40 3.3935e+36 8.2209e+38 4.1403e+38 7.2478e+41 2.5965e+38 6.3996e+38 1.7527e+39 1.0758e+39 6.5981e+39 4.4214e+39
-4.5 0.3 1000.0 -2.0 1.6509e+41 1.4164e+42 5.1665e+39 1.5551e+40 4.2205e+40 1.6109e+39 4.2353e+42 4.7537e+39 5.881e+40 5.3211e+40 1.2064e+36 4.9785e+38 2.5075e+38 3.7689e+41 1.7083e+38 4.2105e+38 1.2883e+39 7.9086e+38 4.3542e+39 2.9182e+39
-4.5 0.3 10000.0 -1.2 1.6199e+41 2.8851e+42 1.122e+40 3.3773e+40 1.8859e+41 2.985e+39 8.7829e+42 8.8089e+39 1.6553e+41 1.6936e+41 7.9818e+35 6.3946e+38 3.2211e+38 1.6113e+42 3.5717e+38 8.8032e+38 1.8284e+39 1.5181e+39 8.7967e+39 7.2057e+39
-4.5 0.3 10000.0 -1.4 1.4884e+41 2.6031e+42 1.0133e+40 3.0499e+40 1.3926e+41 2.7201e+39 7.8647e+42 8.0269e+39 1.213e+41 1.2801e+41 4.5621e+35 4.9872e+38 2.5122e+38 1.2377e+42 3.1769e+38 7.8302e+38 1.7663e+39 1.4681e+39 7.8067e+39 6.4054e+39
-4.5 0.3 10000.0 -1.7 1.1539e+41 1.9873e+42 7.2587e+39 2.1849e+40 7.7739e+40 2.0886e+39 5.9448e+42 6.1636e+39 6.5466e+40 7.3766e+40 1.1988e+35 2.5351e+38 1.277e+38 7.0994e+41 2.1668e+38 5.3406e+38 1.4074e+39 1.172e+39 5.5269e+39 4.5452e+39
-4.5 0.3 10000.0 -2.0 8.2696e+40 1.4209e+42 4.4846e+39 1.3499e+40 4.215e+40 1.4876e+39 4.2164e+42 4.39e+39 3.4565e+40 4.1626e+40 2.0875e+34 1.0099e+38 5.0877e+37 3.6309e+41 1.2278e+38 3.0262e+38 9.8774e+38 8.244e+38 3.4649e+39 2.8558e+39
-4.5 0.5 100.0 -1.2 2.667e+41 2.7985e+42 8.9166e+39 2.6839e+40 1.1505e+41 3.2198e+39 8.6147e+42 9.5015e+39 2.039e+41 1.4572e+41 1.1121e+37 8.595e+38 4.3261e+38 1.631e+42 2.9776e+38 7.339e+38 5.5424e+38 3.2811e+38 6.7711e+39 4.4349e+39
-4.5 0.5 100.0 -1.4 2.5025e+41 2.5471e+42 8.1231e+39 2.445e+40 8.8384e+40 2.9497e+39 7.7851e+42 8.7047e+39 1.6587e+41 1.1913e+41 9.7652e+36 7.832e+38 3.9421e+38 1.2561e+42 2.7167e+38 6.696e+38 5.4181e+38 3.2075e+38 6.0964e+39 3.993e+39
-4.5 0.5 100.0 -1.7 1.9884e+41 1.9647e+42 6.0036e+39 1.8071e+40 5.3596e+40 2.2789e+39 5.9499e+42 6.7249e+39 1.0975e+41 7.9412e+40 6.8057e+36 5.8908e+38 2.9652e+38 7.2656e+41 2.0124e+38 4.9599e+38 4.4556e+38 2.6379e+38 4.4751e+39 2.9311e+39
-4.5 0.5 100.0 -2.0 1.451e+41 1.4113e+42 3.9687e+39 1.1946e+40 3.0789e+40 1.6288e+39 4.2421e+42 4.8066e+39 6.891e+40 5.023e+40 4.0669e+36 4.059e+38 2.0433e+38 3.7814e+41 1.3332e+38 3.286e+38 3.2866e+38 1.9459e+38 2.9686e+39 1.9444e+39
-4.5 0.5 1000.0 -1.2 2.3488e+41 2.8745e+42 8.8816e+39 2.6733e+40 1.4399e+41 3.2119e+39 8.8149e+42 9.4783e+39 2.3086e+41 1.8515e+41 9.0463e+36 8.6136e+38 4.3356e+38 1.6278e+42 2.9516e+38 7.275e+38 5.4095e+38 3.3192e+38 6.7279e+39 4.5067e+39
-4.5 0.5 1000.0 -1.4 2.1942e+41 2.5903e+42 8.0885e+39 2.4346e+40 1.0495e+41 2.9341e+39 7.8852e+42 8.6586e+39 1.7281e+41 1.4262e+41 6.9659e+36 7.7468e+38 3.8994e+38 1.2535e+42 2.69e+38 6.6301e+38 5.2852e+38 3.2432e+38 6.052e+39 4.0546e+39
-4.5 0.5 1000.0 -1.7 1.7342e+41 1.981e+42 5.9737e+39 1.7981e+40 5.9603e+40 2.2604e+39 5.9723e+42 6.6705e+39 1.0283e+41 8.8771e+40 3.4076e+36 5.5269e+38 2.7821e+38 7.2472e+41 1.9874e+38 4.8984e+38 4.3404e+38 2.6639e+38 4.4328e+39 2.9704e+39
-4.5 0.5 1000.0 -2.0 1.2606e+41 1.4163e+42 3.9428e+39 1.1868e+40 3.2174e+40 1.613e+39 4.236e+42 4.7599e+39 5.8658e+40 5.3121e+40 1.2115e+36 3.3472e+38 1.685e+38 3.7687e+41 1.3088e+38 3.2259e+38 3.1927e+38 1.9599e+38 2.9274e+39 1.962e+39
-4.5 0.5 10000.0 -1.2 1.2364e+41 2.8883e+42 8.5557e+39 2.5753e+40 1.4626e+41 2.9888e+39 8.7964e+42 8.8201e+39 1.6884e+41 1.7198e+41 8.0073e+35 4.2928e+38 2.1621e+38 1.6112e+42 2.7291e+38 6.7264e+38 4.5205e+38 3.7531e+38 5.9015e+39 4.8339e+39
-4.5 0.5 10000.0 -1.4 1.1354e+41 2.5999e+42 7.7266e+39 2.3257e+40 1.0545e+41 2.7218e+39 7.8574e+42 8.032e+39 1.1935e+41 1.2651e+41 4.5775e+35 3.3484e+38 1.6864e+38 1.2376e+42 2.4276e+38 5.9834e+38 4.3676e+38 3.63e+38 5.2382e+39 4.2977e+39
-4.5 0.5 10000.0 -1.7 8.8084e+40 1.9896e+42 5.5367e+39 1.6666e+40 6.052e+40 2.0913e+39 5.9538e+42 6.1716e+39 6.7422e+40 7.5306e+40 1.2032e+35 1.7028e+38 8.5768e+37 7.0993e+41 1.6574e+38 4.085e+38 3.4828e+38 2.8999e+38 3.7108e+39 3.0516e+39
-4.5 0.5 10000.0 -2.0 6.3133e+40 1.4217e+42 3.4215e+39 1.0299e+40 3.2495e+40 1.4895e+39 4.22e+42 4.3956e+39 3.5091e+40 4.2052e+40 2.0949e+34 6.7847e+37 3.4177e+37 3.6307e+41 9.3978e+37 2.3163e+38 2.4458e+38 2.0411e+38 2.3276e+39 1.9183e+39
-1.5 0.5 10000.0 -1.4 7.0804e+40 3.2348e+42 1.8372e+41 5.5299e+41 7.0649e+40 2.7107e+39 9.7671e+42 7.9992e+39 6.0411e+40 5.7446e+40 9.8912e+37 3.9374e+40 2.061e+40 3.8337e+42 1.2748e+40 3.142e+40 6.542e+39 5.2896e+39 9.9663e+40 8.0683e+40
-1.5 0.5 10000.0 -1.7 6.2537e+40 2.2882e+42 1.2527e+41 3.7706e+41 2.9647e+40 1.6431e+39 6.772e+42 4.8487e+39 2.6946e+40 2.7088e+40 1.6693e+37 1.426e+40 7.402e+39 2.0489e+42 7.1414e+39 1.7602e+40 4.7e+39 3.8272e+39 5.8946e+40 4.7968e+40
-1.5 0.5 10000.0 -2.0 5.646e+40 1.5599e+42 6.9971e+40 2.1061e+41 1.2474e+40 1.1416e+39 4.5795e+42 3.3687e+39 1.2117e+40 1.3619e+40 1.8948e+36 3.8978e+39 1.9934e+39 9.9134e+41 3.1676e+39 7.8073e+39 2.6908e+39 2.2095e+39 2.9367e+40 2.4034e+40
-1.5 0.1 100.0 -1.7 3.0464e+40 2.2394e+42 5.0812e+41 1.5294e+42 1.2793e+40 1.9127e+38 6.5012e+42 5.6445e+38 1.1629e+40 8.1815e+39 2.4811e+40 1.3412e+42 6.88e+41 2.1777e+42 9.9981e+40 2.4637e+41 7.3335e+40 4.3459e+40 4.0368e+41 2.6432e+41
-4.0 0.1 100.0 -1.2 4.9836e+41 3.0478e+42 5.582e+40 1.6802e+41 1.4855e+41 3.3478e+39 9.3859e+42 9.8793e+39 1.6265e+41 1.1647e+41 6.2524e+37 9.774e+39 4.9569e+39 2.9793e+42 2.2337e+39 5.5054e+39 1.5754e+40 9.3258e+39 4.3634e+40 2.858e+40
-4.0 0.1 100.0 -1.4 4.6565e+41 2.7174e+42 5.0979e+40 1.5345e+41 1.0731e+41 3.0312e+39 8.2997e+42 8.9451e+39 1.2897e+41 9.2922e+40 5.4687e+37 8.8154e+39 4.4785e+39 2.3008e+42 2.0349e+39 5.0154e+39 1.5372e+40 9.0996e+39 3.9543e+40 2.5901e+40
-4.0 0.1 100.0 -1.7 3.7062e+41 2.0483e+42 3.7936e+40 1.1419e+41 5.9559e+40 2.3269e+39 6.19e+42 6.8665e+39 8.2496e+40 6.001e+40 3.7995e+37 6.5454e+39 3.3343e+39 1.3381e+42 1.5055e+39 3.7106e+39 1.2568e+40 7.4406e+39 2.9294e+40 1.9188e+40
-4.0 0.1 100.0 -2.0 2.7279e+41 1.4484e+42 2.5311e+40 7.6187e+40 3.1564e+40 1.6676e+39 4.3405e+42 4.9212e+39 5.044e+40 3.7057e+40 2.2694e+37 4.4709e+39 2.2832e+39 7.0089e+41 9.9746e+38 2.4585e+39 9.1934e+39 5.4431e+39 1.9607e+40 1.2843e+40
-4.0 0.1 1000.0 -1.2 4.3384e+41 3.1221e+42 5.5637e+40 1.6747e+41 1.8374e+41 3.3457e+39 9.5748e+42 9.8733e+39 1.8275e+41 1.4687e+41 5.0942e+37 9.8025e+39 4.9709e+39 2.9733e+42 2.2167e+39 5.4636e+39 1.5388e+40 9.4387e+39 4.3246e+40 2.8975e+40
-4.0 0.1 1000.0 -1.4 4.0345e+41 2.7565e+42 5.0782e+40 1.5285e+41 1.2625e+41 3.0197e+39 8.3821e+42 8.9111e+39 1.3233e+41 1.0988e+41 3.9053e+37 8.7282e+39 4.4328e+39 2.2958e+42 2.0161e+39 4.9691e+39 1.4999e+40 9.2006e+39 3.9132e+40 2.6221e+40
-4.0 0.1 1000.0 -1.7 3.1965e+41 2.061e+42 3.775e+40 1.1363e+41 6.5194e+40 2.3119e+39 6.1986e+42 6.8225e+39 7.4576e+40 6.5478e+40 1.9018e+37 6.1526e+39 3.1302e+39 1.3348e+42 1.4865e+39 3.6639e+39 1.2247e+40 7.5131e+39 2.8912e+40 1.9374e+40
-4.0 0.1 1000.0 -2.0 2.3445e+41 1.4522e+42 2.5154e+40 7.5713e+40 3.2567e+40 1.6543e+39 4.3293e+42 4.8819e+39 4.1155e+40 3.8338e+40 6.7361e+36 3.6993e+39 1.8825e+39 6.9864e+41 9.7911e+38 2.4132e+39 8.9359e+39 5.4827e+39 1.924e+40 1.2894e+40
-4.0 0.1 10000.0 -1.2 2.2003e+41 3.1403e+42 5.3616e+40 1.6139e+41 1.9079e+41 3.1669e+39 9.571e+42 9.3455e+39 1.3683e+41 1.3798e+41 4.667e+36 4.8913e+39 2.471e+39 2.9293e+42 2.0392e+39 5.026e+39 1.283e+40 1.0632e+40 3.7041e+40 3.0418e+40
-4.0 0.1 10000.0 -1.4 2.013e+41 2.768e+42 4.8443e+40 1.4581e+41 1.2965e+41 2.8479e+39 8.3629e+42 8.4041e+39 9.3244e+40 9.7678e+40 2.6439e+36 3.7662e+39 1.9028e+39 2.255e+42 1.8049e+39 4.4485e+39 1.2311e+40 1.0209e+40 3.2869e+40 2.702e+40
-4.0 0.1 10000.0 -1.7 1.5711e+41 2.0703e+42 3.4743e+40 1.0458e+41 6.7645e+40 2.1767e+39 6.1853e+42 6.4235e+39 4.9176e+40 5.4636e+40 6.8809e+35 1.8712e+39 9.45e+38 1.2976e+42 1.2187e+39 3.0037e+39 9.613e+39 7.9854e+39 2.3059e+40 1.8988e+40
-4.0 0.1 10000.0 -2.0 1.1447e+41 1.4581e+42 2.138e+40 6.4355e+40 3.3739e+40 1.5612e+39 4.3175e+42 4.607e+39 2.4354e+40 2.9298e+40 1.1874e+35 7.2344e+38 3.6509e+38 6.6553e+41 6.7857e+38 1.6725e+39 6.5246e+39 5.4344e+39 1.416e+40 1.1684e+40
-4.0 0.3 100.0 -1.2 4.2113e+41 3.0542e+42 4.7123e+40 1.4184e+41 1.2929e+41 3.3547e+39 9.4103e+42 9.8998e+39 1.6727e+41 1.1968e+41 6.2739e+37 7.1392e+39 3.6129e+39 2.9792e+42 1.8909e+39 4.6606e+39 6.9842e+39 4.1343e+39 3.1731e+40 2.0784e+40
-4.0 0.3 100.0 -1.4 3.9351e+41 2.7214e+42 4.304e+40 1.2955e+41 9.326e+40 3.0368e+39 8.3158e+42 8.9617e+39 1.3214e+41 9.5117e+40 5.4893e+37 6.4481e+39 3.2671e+39 2.3005e+42 1.7235e+39 4.2481e+39 6.8175e+39 4.0358e+39 2.8769e+40 1.8844e+40
-4.0 0.3 100.0 -1.7 3.1331e+41 2.0503e+42 3.204e+40 9.644e+40 5.1902e+40 2.3312e+39 6.1987e+42 6.8794e+39 8.4475e+40 6.1385e+40 3.8142e+37 4.7977e+39 2.4355e+39 1.3379e+42 1.2767e+39 3.1467e+39 5.5799e+39 3.3033e+39 2.1334e+40 1.3974e+40
-4.0 0.3 100.0 -2.0 2.3071e+41 1.4497e+42 2.1387e+40 6.4376e+40 2.7454e+40 1.6708e+39 4.346e+42 4.9306e+39 5.1452e+40 3.7761e+40 2.2765e+37 3.2808e+39 1.6684e+39 7.0074e+41 8.47e+38 2.0876e+39 4.0867e+39 2.4196e+39 1.4296e+40 9.3643e+39
-4.0 0.3 1000.0 -1.2 3.6656e+41 3.1261e+42 4.6964e+40 1.4136e+41 1.6009e+41 3.3522e+39 9.5924e+42 9.8924e+39 1.8761e+41 1.5032e+41 5.1131e+37 7.1597e+39 3.623e+39 2.9731e+42 1.8763e+39 4.6245e+39 6.8203e+39 4.1833e+39 3.1442e+40 2.1066e+40
-4.0 0.3 1000.0 -1.4 3.409e+41 2.7582e+42 4.2871e+40 1.2904e+41 1.0929e+41 3.0248e+39 8.3916e+42 8.9262e+39 1.3481e+41 1.1165e+41 3.9215e+37 6.3826e+39 3.2332e+39 2.2955e+42 1.7073e+39 4.2081e+39 6.6512e+39 4.0798e+39 2.8465e+40 1.9073e+40
-4.0 0.3 1000.0 -1.7 2.7017e+41 2.0619e+42 3.1883e+40 9.5969e+40 5.6125e+40 2.3158e+39 6.204e+42 6.8338e+39 7.556e+40 6.619e+40 1.9104e+37 4.5055e+39 2.2851e+39 1.3347e+42 1.2604e+39 3.1064e+39 5.4362e+39 3.3348e+39 2.105e+40 1.4106e+40
-4.0 0.3 1000.0 -2.0 1.9824e+41 1.4532e+42 2.1252e+40 6.3968e+40 2.8071e+40 1.6573e+39 4.3338e+42 4.8908e+39 4.1791e+40 3.88e+40 6.7694e+36 2.7097e+39 1.3746e+39 6.9857e+41 8.3106e+38 2.0483e+39 3.9702e+39 2.4359e+39 1.4022e+40 9.3968e+39
-4.0 0.3 10000.0 -1.2 1.8592e+41 3.142e+42 4.5254e+40 1.3621e+41 1.6425e+41 3.1721e+39 9.581e+42 9.3607e+39 1.393e+41 1.4e+41 4.6838e+36 3.5628e+39 1.7982e+39 2.9292e+42 1.7253e+39 4.2525e+39 5.6845e+39 4.7103e+39 2.6922e+40 2.2107e+40
-4.0 0.3 10000.0 -1.4 1.701e+41 2.7698e+42 4.0892e+40 1.2308e+41 1.1168e+41 2.8524e+39 8.3721e+42 8.4173e+39 9.5165e+40 9.9242e+40 2.6541e+36 2.7443e+39 1.3852e+39 2.2547e+42 1.5278e+39 3.7655e+39 5.4569e+39 4.5246e+39 2.39e+40 1.9645e+40
-4.0 0.3 10000.0 -1.7 1.3275e+41 2.0699e+42 2.9333e+40 8.8291e+40 5.7632e+40 2.1795e+39 6.1862e+42 6.4317e+39 4.9378e+40 5.4829e+40 6.9088e+35 1.3636e+39 6.8813e+38 1.2974e+42 1.0324e+39 2.5445e+39 4.2638e+39 3.5414e+39 1.6777e+40 1.3814e+40
-4.0 0.3 10000.0 -2.0 9.6751e+40 1.459e+42 1.8063e+40 5.437e+40 2.8977e+40 1.5637e+39 4.3214e+42 4.6144e+39 2.4842e+40 2.9701e+40 1.1921e+35 5.2718e+38 2.6587e+38 6.6562e+41 5.7549e+38 1.4184e+39 2.8969e+39 2.4125e+39 1.0312e+40 8.5083e+39
-4.0 0.5 100.0 -1.2 3.2144e+41 3.0603e+42 3.5947e+40 1.082e+41 1.0091e+41 3.3599e+39 9.4326e+42 9.9151e+39 1.7105e+41 1.2229e+41 6.2934e+37 4.812e+39 2.4304e+39 2.9792e+42 1.446e+39 3.5641e+39 1.728e+39 1.0229e+39 2.1301e+40 1.3952e+40
-4.0 0.5 100.0 -1.4 3.0033e+41 2.7244e+42 3.2839e+40 9.8846e+40 7.2667e+40 3.041e+39 8.3278e+42 8.9738e+39 1.3464e+41 9.6849e+40 5.5074e+37 4.351e+39 2.1993e+39 2.3006e+42 1.3188e+39 3.2504e+39 1.6874e+39 9.9889e+38 1.932e+40 1.2655e+40
-4.0 0.5 100.0 -1.7 2.3926e+41 2.053e+42 2.4456e+40 7.3612e+40 4.0511e+40 2.3349e+39 6.2093e+42 6.8903e+39 8.6076e+40 6.2495e+40 3.827e+37 3.2433e+39 1.6414e+39 1.3379e+42 9.7806e+38 2.4106e+39 1.3826e+39 8.185e+38 1.4343e+40 9.3949e+39
-4.0 0.5 100.0 -2.0 1.7617e+41 1.4507e+42 1.6329e+40 4.9149e+40 2.1313e+40 1.6733e+39 4.3503e+42 4.9378e+39 5.2037e+40 3.817e+40 2.2833e+37 2.2207e+39 1.1251e+39 7.0077e+41 6.4956e+38 1.601e+39 1.0131e+39 5.9984e+38 9.6174e+39 6.2996e+39
-4.0 0.5 1000.0 -1.2 2.7972e+41 3.1284e+42 3.5821e+40 1.0782e+41 1.2443e+41 3.3565e+39 9.6034e+42 9.9049e+39 1.9056e+41 1.524e+41 5.1301e+37 4.8255e+39 2.4372e+39 2.9729e+42 1.4347e+39 3.536e+39 1.687e+39 1.0347e+39 2.1104e+40 1.414e+40
-4.0 0.5 1000.0 -1.4 2.6019e+41 2.7606e+42 3.2705e+40 9.8441e+40 8.4965e+40 3.0287e+39 8.402e+42 8.9376e+39 1.3703e+41 1.1322e+41 3.9358e+37 4.3067e+39 2.1766e+39 2.2954e+42 1.3062e+39 3.2195e+39 1.646e+39 1.0096e+39 1.9115e+40 1.2808e+40
-4.0 0.5 1000.0 -1.7 2.0623e+41 2.0627e+42 2.433e+40 7.3233e+40 4.3356e+40 2.3185e+39 6.2081e+42 6.8419e+39 7.6251e+40 6.6688e+40 1.9179e+37 3.0438e+39 1.5395e+39 1.3346e+42 9.652e+38 2.3789e+39 1.3464e+39 8.259e+38 1.4147e+40 9.4797e+39
-4.0 0.5 1000.0 -2.0 1.5137e+41 1.4534e+42 1.6222e+40 4.8829e+40 2.1597e+40 1.6594e+39 4.3357e+42 4.8969e+39 4.2012e+40 3.8964e+40 6.7978e+36 1.8308e+39 9.2609e+38 6.9851e+41 6.3708e+38 1.5702e+39 9.8408e+38 6.0376e+38 9.4309e+39 6.3201e+39
-4.0 0.5 10000.0 -1.2 1.4185e+41 3.1421e+42 3.4509e+40 1.0387e+41 1.2653e+41 3.175e+39 9.5848e+42 9.3695e+39 1.4043e+41 1.4093e+41 4.6994e+36 2.3956e+39 1.2081e+39 2.9289e+42 1.3187e+39 3.2502e+39 1.4055e+39 1.1645e+39 1.8063e+40 1.4832e+40
-4.0 0.5 10000.0 -1.4 1.2981e+41 2.7735e+42 3.119e+40 9.3881e+40 8.723e+40 2.8557e+39 8.3862e+42 8.4273e+39 9.8153e+40 1.0159e+41 2.6636e+36 1.8459e+39 9.3095e+38 2.2546e+42 1.1683e+39 2.8794e+39 1.3497e+39 1.119e+39 1.6041e+40 1.3185e+40
-4.0 0.5 10000.0 -1.7 1.0131e+41 2.0709e+42 2.2379e+40 6.736e+40 4.4543e+40 2.1818e+39 6.1907e+42 6.4384e+39 5.0146e+40 5.5446e+40 6.9349e+35 9.1734e+38 4.6256e+38 1.2973e+42 7.9003e+38 1.9472e+39 1.0553e+39 8.7641e+38 1.1267e+40 9.2769e+39
-4.0 0.5 10000.0 -2.0 7.3851e+40 1.4591e+42 1.3784e+40 4.1488e+40 2.2222e+40 1.5654e+39 4.3227e+42 4.6194e+39 2.4942e+40 2.979e+40 1.1965e+35 3.5453e+38 1.7871e+38 6.6558e+41 4.4063e+38 1.086e+39 7.1735e+38 5.9733e+38 6.9289e+39 5.7165e+39
-5.0 0.1 100.0 -1.2 2.8649e+41 2.5393e+42 2.6905e+39 8.0985e+39 2.1279e+41 2.6555e+39 7.782e+42 7.8364e+39 2.3288e+41 1.6557e+41 1.9585e+36 3.0851e+38 1.5521e+38 6.7175e+41 8.1046e+37 1.9976e+38 1.3031e+39 7.7135e+38 3.7789e+39 2.4747e+39
-5.0 0.1 100.0 -1.4 2.7105e+41 2.3665e+42 2.4536e+39 7.3853e+39 1.734e+41 2.4666e+39 7.2102e+42 7.2788e+39 1.9778e+41 1.4106e+41 1.721e+36 2.8197e+38 1.4184e+38 5.1052e+41 7.4187e+37 1.8285e+38 1.2793e+39 7.5729e+38 3.3864e+39 2.2177e+39
-5.0 0.1 100.0 -1.7 2.1689e+41 1.8721e+42 1.8135e+39 5.4588e+39 1.1288e+41 1.9299e+39 5.6614e+42 5.695e+39 1.3651e+41 9.7842e+40 1.2007e+36 2.129e+38 1.0708e+38 2.8881e+41 5.5126e+37 1.3587e+38 1.0592e+39 6.2707e+38 2.4653e+39 1.6146e+39
-5.0 0.1 100.0 -2.0 1.5866e+41 1.3679e+42 1.1976e+39 3.6047e+39 6.8931e+40 1.3879e+39 4.1116e+42 4.0958e+39 8.824e+40 6.3543e+40 7.1844e+35 1.4711e+38 7.3995e+37 1.4671e+41 3.6579e+37 9.0156e+37 7.8666e+38 4.6575e+38 1.6202e+39 1.0611e+39
-5.0 0.1 1000.0 -1.2 2.5747e+41 2.5877e+42 2.6799e+39 8.0665e+39 2.5004e+41 2.6482e+39 7.9069e+42 7.8147e+39 2.4678e+41 1.9747e+41 1.5916e+36 3.0918e+38 1.5555e+38 6.7089e+41 8.0377e+37 1.9811e+38 1.2733e+39 7.8056e+38 3.77e+39 2.5224e+39
-5.0 0.1 1000.0 -1.4 2.4251e+41 2.3966e+42 2.443e+39 7.3535e+39 1.9676e+41 2.4538e+39 7.2781e+42 7.2413e+39 1.9912e+41 1.6248e+41 1.2257e+36 2.7887e+38 1.4029e+38 5.0974e+41 7.3501e+37 1.8116e+38 1.2491e+39 7.6589e+38 3.3749e+39 2.2586e+39
-5.0 0.1 1000.0 -1.7 1.9309e+41 1.886e+42 1.8044e+39 5.4313e+39 1.2327e+41 1.9159e+39 5.682e+42 5.6539e+39 1.2931e+41 1.087e+41 5.9975e+35 1.9957e+38 1.0039e+38 2.8821e+41 5.4465e+37 1.3424e+38 1.0328e+39 6.3345e+38 2.4523e+39 1.6417e+39
-5.0 0.1 1000.0 -2.0 1.4073e+41 1.3745e+42 1.19e+39 3.582e+39 7.3385e+40 1.3763e+39 4.1143e+42 4.0615e+39 7.9834e+40 6.9041e+40 2.1315e+35 1.2109e+38 6.0914e+37 1.4631e+41 3.5942e+37 8.8588e+37 7.6549e+38 4.6964e+38 1.6064e+39 1.0757e+39
-5.0 0.1 10000.0 -1.2 1.4685e+41 2.5991e+42 2.5864e+39 7.7851e+39 2.5262e+41 2.4718e+39 7.8866e+42 7.2942e+39 1.771e+41 1.8595e+41 1.3831e+35 1.527e+38 7.6891e+37 6.6598e+41 7.4439e+37 1.8347e+38 1.0712e+39 8.8282e+38 3.3684e+39 2.7311e+39
-5.0 0.1 10000.0 -1.4 1.3618e+41 2.409e+42 2.3403e+39 7.0443e+39 2.0041e+41 2.286e+39 7.2634e+42 6.7459e+39 1.4025e+41 1.5104e+41 7.9162e+34 1.1944e+38 6.0143e+37 5.053e+41 6.6479e+37 1.6385e+38 1.0419e+39 8.6014e+38 2.9863e+39 2.4269e+39
-5.0 0.1 10000.0 -1.7 1.0627e+41 1.8925e+42 1.683e+39 5.066e+39 1.2315e+41 1.779e+39 5.6588e+42 5.2498e+39 8.4168e+40 9.5578e+40 2.0781e+34 6.0937e+37 3.0688e+37 2.8423e+41 4.565e+37 1.1252e+38 8.431e+38 6.9775e+38 2.1196e+39 1.7277e+39
-5.0 0.1 10000.0 -2.0 7.63e+40 1.379e+42 1.0472e+39 3.1521e+39 7.316e+40 1.2756e+39 4.0962e+42 3.7644e+39 4.9324e+40 5.8495e+40 3.607e+33 2.4366e+37 1.2273e+37 1.4275e+41 2.6079e+37 6.4276e+37 6.0504e+38 5.0192e+38 1.3408e+39 1.0958e+39
-5.0 0.3 100.0 -1.2 2.424e+41 2.5456e+42 2.2712e+39 6.8364e+39 1.8369e+41 2.6632e+39 7.8076e+42 7.8591e+39 2.3772e+41 1.6893e+41 1.9652e+36 2.2431e+38 1.1284e+38 6.7178e+41 6.859e+37 1.6906e+38 5.7836e+38 3.4236e+38 2.7506e+39 1.8013e+39
-5.0 0.3 100.0 -1.4 2.2937e+41 2.3709e+42 2.0716e+39 6.2354e+39 1.4906e+41 2.4734e+39 7.2291e+42 7.299e+39 2.0094e+41 1.4326e+41 1.7271e+36 2.0507e+38 1.0315e+38 5.106e+41 6.2822e+37 1.5484e+38 5.6813e+38 3.3632e+38 2.466e+39 1.615e+39
-5.0 0.3 100.0 -1.7 1.8358e+41 1.8748e+42 1.5315e+39 4.6099e+39 9.7074e+40 1.9354e+39 5.673e+42 5.7114e+39 1.3874e+41 9.9394e+40 1.205e+36 1.5487e+38 7.7888e+37 2.8881e+41 4.6721e+37 1.1515e+38 4.708e+38 2.7872e+38 1.7965e+39 1.1765e+39
-5.0 0.3 100.0 -2.0 1.3433e+41 1.3693e+42 1.0117e+39 3.0452e+39 5.9261e+40 1.392e+39 4.1181e+42 4.1078e+39 8.9631e+40 6.4512e+40 7.2073e+35 1.0703e+38 5.3824e+37 1.4672e+41 3.1039e+37 7.6503e+37 3.5e+38 2.0722e+38 1.1816e+39 7.7386e+38
-5.0 0.3 1000.0 -1.2 2.1778e+41 2.5905e+42 2.2621e+39 6.8088e+39 2.1421e+41 2.6545e+39 7.9222e+42 7.8334e+39 2.4973e+41 1.9958e+41 1.5974e+36 2.2478e+38 1.1308e+38 6.709e+41 6.8011e+37 1.6763e+38 5.6493e+38 3.4632e+38 2.7433e+39 1.8354e+39
-5.0 0.3 1000.0 -1.4 2.0511e+41 2.3972e+42 2.0624e+39 6.2079e+39 1.6704e+41 2.4591e+39 7.2852e+42 7.2569e+39 1.9961e+41 1.6287e+41 1.2307e+36 2.0282e+38 1.0202e+38 5.0969e+41 6.2227e+37 1.5337e+38 5.5447e+38 3.3998e+38 2.4568e+39 1.6442e+39
-5.0 0.3 1000.0 -1.7 1.6337e+41 1.8878e+42 1.5237e+39 4.5862e+39 1.0548e+41 1.9207e+39 5.6909e+42 5.6679e+39 1.3086e+41 1.0982e+41 6.0235e+35 1.4519e+38 7.3026e+37 2.8822e+41 4.615e+37 1.1375e+38 4.5884e+38 2.8142e+38 1.7863e+39 1.1959e+39
-5.0 0.3 1000.0 -2.0 1.1909e+41 1.3744e+42 1.0052e+39 3.0256e+39 6.181e+40 1.3796e+39 4.1158e+42 4.0711e+39 7.9462e+40 6.8809e+40 2.1415e+35 8.8096e+37 4.4313e+37 1.4629e+41 3.0485e+37 7.5136e+37 3.4039e+38 2.0883e+38 1.171e+39 7.8415e+38
-5.0 0.3 10000.0 -1.2 1.2422e+41 2.6024e+42 2.183e+39 6.5708e+39 2.1645e+41 2.4775e+39 7.9026e+42 7.3112e+39 1.8002e+41 1.8832e+41 1.3879e+35 1.11e+38 5.5894e+37 6.659e+41 6.298e+37 1.5523e+38 4.7508e+38 3.9148e+38 2.4503e+39 1.9865e+39
-5.0 0.3 10000.0 -1.4 1.1511e+41 2.4076e+42 1.9755e+39 5.9463e+39 1.6855e+41 2.2896e+39 7.2634e+42 6.7565e+39 1.3883e+41 1.5003e+41 7.9456e+34 8.6854e+37 4.3734e+37 5.0526e+41 5.6271e+37 1.3869e+38 4.6226e+38 3.8158e+38 2.173e+39 1.7657e+39
-5.0 0.3 10000.0 -1.7 8.99e+40 1.8943e+42 1.421e+39 4.2771e+39 1.0539e+41 1.783e+39 5.6672e+42 5.2617e+39 8.5635e+40 9.6781e+40 2.0861e+34 4.4322e+37 2.232e+37 2.8424e+41 3.8658e+37 9.528e+37 3.7431e+38 3.0974e+38 1.5431e+39 1.2577e+39
-5.0 0.3 10000.0 -2.0 6.4564e+40 1.3799e+42 8.8435e+38 2.6619e+39 6.2419e+40 1.2786e+39 4.1006e+42 3.7733e+39 4.9991e+40 5.905e+40 3.6205e+33 1.7728e+37 8.9291e+36 1.4276e+41 2.2101e+37 5.4473e+37 2.6886e+38 2.23e+38 9.7681e+38 7.9824e+38
-5.0 0.5 100.0 -1.2 1.8511e+41 2.5487e+42 1.7323e+39 5.2142e+39 1.415e+41 2.6679e+39 7.8218e+42 7.873e+39 2.3968e+41 1.703e+41 1.9713e+36 1.506e+38 7.5751e+37 6.7174e+41 5.2447e+37 1.2927e+38 1.4317e+38 8.4748e+37 1.8472e+39 1.2096e+39
-5.0 0.5 100.0 -1.4 1.7516e+41 2.3732e+42 1.5802e+39 4.7563e+39 1.1481e+41 2.4775e+39 7.24e+42 7.3112e+39 2.0259e+41 1.4441e+41 1.7329e+36 1.377e+38 6.9256e+37 5.1059e+41 4.8052e+37 1.1844e+38 1.4068e+38 8.328e+37 1.6565e+39 1.0848e+39
-5.0 0.5 100.0 -1.7 1.4023e+41 1.8762e+42 1.1685e+39 3.5172e+39 7.4626e+40 1.9388e+39 5.68e+42 5.7214e+39 1.3959e+41 9.9991e+40 1.2091e+36 1.0401e+38 5.2302e+37 2.8884e+41 3.5763e+37 8.8146e+37 1.1666e+38 6.9066e+37 1.2075e+39 7.9079e+38
-5.0 0.5 100.0 -2.0 1.0264e+41 1.3701e+42 7.7207e+38 2.3239e+39 4.5617e+40 1.3946e+39 4.1222e+42 4.1155e+39 9.0301e+40 6.4982e+40 7.228e+35 7.1881e+37 3.6145e+37 1.4673e+41 2.3783e+37 5.8619e+37 8.6791e+37 5.1384e+37 7.9467e+38 5.2045e+38
-5.0 0.5 1000.0 -1.2 1.6626e+41 2.5909e+42 1.7251e+39 5.1926e+39 1.642e+41 2.6583e+39 7.9279e+42 7.8446e+39 2.5038e+41 2.0008e+41 1.6026e+36 1.5089e+38 7.5905e+37 6.7074e+41 5.1988e+37 1.2814e+38 1.3979e+38 8.5693e+37 1.8417e+39 1.2322e+39
-5.0 0.5 1000.0 -1.4 1.5664e+41 2.4007e+42 1.5731e+39 4.7349e+39 1.2972e+41 2.4636e+39 7.2998e+42 7.2702e+39 2.0318e+41 1.654e+41 1.2352e+36 1.3619e+38 6.85e+37 5.0967e+41 4.7585e+37 1.1728e+38 1.3725e+38 8.4156e+37 1.6499e+39 1.1041e+39
-5.0 0.5 1000.0 -1.7 1.2474e+41 1.8868e+42 1.1624e+39 3.4988e+39 7.9997e+40 1.9231e+39 5.69e+42 5.675e+39 1.2984e+41 1.0914e+41 6.0473e+35 9.7514e+37 4.9043e+37 2.8815e+41 3.5319e+37 8.7051e+37 1.1365e+38 6.9705e+37 1.2002e+39 8.0349e+38
-5.0 0.5 1000.0 -2.0 9.0981e+40 1.3754e+42 7.6701e+38 2.3087e+39 4.78e+40 1.3821e+39 4.1205e+42 4.0785e+39 8.0535e+40 6.9577e+40 2.1503e+35 5.9174e+37 2.9762e+37 1.463e+41 2.3351e+37 5.7553e+37 8.4373e+37 5.1762e+37 7.8729e+38 5.2719e+38
-5.0 0.5 10000.0 -1.2 9.481e+40 2.6025e+42 1.6645e+39 5.0103e+39 1.6561e+41 2.4803e+39 7.9067e+42 7.3194e+39 1.8033e+41 1.886e+41 1.3922e+35 7.4494e+37 3.751e+37 6.659e+41 4.8116e+37 1.1859e+38 1.1748e+38 9.6803e+37 1.6442e+39 1.3329e+39
-5.0 0.5 10000.0 -1.4 8.786e+40 2.4077e+42 1.5065e+39 4.5346e+39 1.2887e+41 2.2923e+39 7.2667e+42 6.7645e+39 1.3899e+41 1.502e+41 7.9725e+34 5.8304e+37 2.9357e+37 5.0518e+41 4.3007e+37 1.06e+38 1.1435e+38 9.4387e+37 1.4585e+39 1.1851e+39
-5.0 0.5 10000.0 -1.7 6.8616e+40 1.8936e+42 1.0838e+39 3.2622e+39 8.0119e+40 1.7849e+39 5.667e+42 5.2674e+39 8.506e+40 9.6356e+40 2.0935e+34 2.9763e+37 1.4988e+37 2.8421e+41 2.9564e+37 7.2867e+37 9.2646e+37 7.6656e+37 1.0362e+39 8.4448e+38
-5.0 0.5 10000.0 -2.0 4.9297e+40 1.3801e+42 6.7465e+38 2.0307e+39 4.7811e+40 1.2804e+39 4.1026e+42 3.7785e+39 5.0236e+40 5.9267e+40 3.6331e+33 1.1907e+37 5.9972e+36 1.4275e+41 1.6913e+37 4.1685e+37 6.6582e+37 5.5221e+37 6.5622e+38 5.3622e+38
-1.5 0.1 100.0 -2.0 2.1644e+40 1.5342e+42 3.6554e+41 1.1003e+42 3.6348e+39 1.0596e+38 4.3997e+42 3.1268e+38 4.1215e+39 2.9474e+39 1.4619e+40 8.5037e+41 4.4019e+41 1.0568e+42 6.2555e+40 1.5414e+41 6.1107e+40 3.6261e+40 2.9832e+41 1.9534e+41
-1.0 0.1 100.0 -1.2 2.7418e+40 3.6763e+42 7.4553e+41 2.244e+42 4.5831e+40 5.7081e+38 1.0873e+43 1.6845e+39 3.1179e+40 2.1715e+40 4.8349e+40 2.5029e+42 1.2813e+42 5.9838e+42 2.1291e+41 5.2395e+41 4.922e+40 2.9159e+40 3.7401e+41 2.4488e+41
-1.0 0.1 100.0 -1.4 2.1021e+40 3.0276e+42 7.2921e+41 2.1949e+42 2.4229e+40 3.4391e+38 8.828e+42 1.0149e+39 1.8297e+40 1.2756e+40 4.4467e+40 2.5532e+42 1.3099e+42 4.2182e+42 1.9215e+41 4.7293e+41 4.8654e+40 2.8846e+40 3.8385e+41 2.5133e+41
-1.0 0.1 100.0 -1.7 1.4833e+40 2.1604e+42 5.9205e+41 1.7821e+42 7.8909e+39 1.6364e+38 6.1987e+42 4.8291e+38 7.0012e+39 4.9048e+39 3.2812e+40 2.049e+42 1.0543e+42 2.2047e+42 1.3588e+41 3.3454e+41 4.4458e+40 2.64e+40 3.4315e+41 2.2469e+41
-1.0 0.1 100.0 -2.0 1.1216e+40 1.5112e+42 4.241e+41 1.2765e+42 2.4129e+39 8.3187e+37 4.2929e+42 2.4548e+38 2.6107e+39 1.8501e+39 1.9003e+40 1.301e+42 6.7229e+41 1.065e+42 8.366e+40 2.0606e+41 4.1121e+40 2.4466e+40 2.7968e+41 1.8313e+41
-1.0 0.1 1000.0 -1.2 5.5253e+40 4.1164e+42 6.335e+41 1.9068e+42 8.173e+40 1.7547e+39 1.2513e+43 5.1781e+39 4.9698e+40 3.6665e+40 2.6016e+40 1.7547e+42 8.9026e+41 5.8067e+42 1.4002e+41 3.4481e+41 6.7162e+40 4.0891e+40 5.751e+41 3.8279e+41
-1.0 0.1 1000.0 -1.4 4.5957e+40 3.3496e+42 5.8386e+41 1.7574e+42 4.767e+40 1.1369e+39 1.0004e+43 3.3549e+39 3.1774e+40 2.3609e+40 1.5543e+40 1.4317e+42 7.2892e+41 4.1547e+42 1.1161e+41 2.7493e+41 7.6966e+40 4.6879e+40 5.6997e+41 3.7959e+41
-1.0 0.1 1000.0 -1.7 3.8756e+40 2.333e+42 4.323e+41 1.3012e+42 1.9002e+40 5.6986e+38 6.8241e+42 1.6817e+39 1.4589e+40 1.1173e+40 4.5499e+39 7.1429e+41 3.6822e+41 2.2011e+42 6.4325e+40 1.5853e+41 7.9442e+40 4.8431e+40 4.3175e+41 2.8785e+41
-1.0 0.1 1000.0 -2.0 3.6064e+40 1.5926e+42 2.8508e+41 8.5809e+41 7.1851e+39 3.0753e+38 4.5971e+42 9.0753e+38 6.587e+39 5.413e+39 8.7623e+38 2.6311e+41 1.4007e+41 1.0739e+42 3.2826e+40 8.0901e+40 6.8772e+40 4.1975e+40 2.6546e+41 1.7718e+41
-1.0 0.1 10000.0 -1.2 1.2422e+41 3.9363e+42 3.1624e+41 9.5188e+41 1.9186e+41 4.2674e+39 1.2084e+43 1.2593e+40 1.0226e+41 9.5962e+40 2.1718e+38 1.1707e+41 6.115e+40 5.2497e+42 2.376e+40 5.8559e+40 6.1009e+40 4.921e+40 2.4439e+41 1.9742e+41
-1.0 0.1 10000.0 -1.4 1.0991e+41 3.2532e+42 2.8529e+41 8.5872e+41 1.1168e+41 2.9063e+39 9.7994e+42 8.5765e+39 6.185e+40 5.8857e+40 9.7622e+37 7.6127e+40 4.0298e+40 3.825e+42 1.9662e+40 4.846e+40 5.9536e+40 4.8152e+40 2.0379e+41 1.6501e+41
-1.0 0.1 10000.0 -1.7 9.6882e+40 2.2939e+42 1.9414e+41 5.8438e+41 4.6013e+40 1.6793e+39 6.7739e+42 4.9557e+39 2.7075e+40 2.7221e+40 1.6444e+37 2.7476e+40 1.4578e+40 2.0444e+42 1.0968e+40 2.7033e+40 4.2659e+40 3.475e+40 1.2017e+41 9.7815e+40
-1.0 0.1 10000.0 -2.0 8.7452e+40 1.561e+42 1.0835e+41 3.2613e+41 1.9059e+40 1.1421e+39 4.576e+42 3.3703e+39 1.193e+40 1.3461e+40 1.8694e+36 7.6882e+39 3.992e+39 9.8915e+41 4.8565e+39 1.197e+40 2.4402e+40 2.0045e+40 5.9809e+40 4.8962e+40
-1.0 0.3 100.0 -1.2 2.2931e+40 3.5356e+42 5.9181e+41 1.7813e+42 3.9809e+40 5.3782e+38 1.05e+43 1.5871e+39 3.1863e+40 2.219e+40 4.739e+40 1.5891e+42 8.3396e+41 5.9288e+42 1.7162e+41 4.2245e+41 2.0783e+40 1.2311e+40 2.5527e+41 1.6714e+41
-1.0 0.3 100.0 -1.4 1.7497e+40 2.9058e+42 5.8537e+41 1.762e+42 2.1097e+40 3.1872e+38 8.5074e+42 9.4054e+38 1.8685e+40 1.3026e+40 4.3961e+40 1.638e+42 8.6038e+41 4.1884e+42 1.5733e+41 3.873e+41 2.0889e+40 1.2383e+40 2.6772e+41 1.7529e+41
-1.0 0.3 100.0 -1.7 1.2374e+40 2.0776e+42 4.843e+41 1.4577e+42 6.9417e+39 1.5126e+38 5.9833e+42 4.4637e+38 7.2214e+39 5.0569e+39 3.2779e+40 1.3422e+42 7.0711e+41 2.1951e+42 1.1417e+41 2.8114e+41 1.9552e+40 1.1608e+40 2.4665e+41 1.615e+41
-1.0 0.3 100.0 -2.0 9.4121e+39 1.4614e+42 3.5231e+41 1.0605e+42 2.1035e+39 7.8839e+37 4.1651e+42 2.3265e+38 2.6472e+39 1.8753e+39 1.9088e+40 8.7779e+41 4.6419e+41 1.0622e+42 7.1782e+40 1.7684e+41 1.8425e+40 1.0959e+40 2.0538e+41 1.3448e+41
-1.0 0.3 1000.0 -1.2 4.6716e+40 4.1021e+42 5.3344e+41 1.6057e+42 6.9594e+40 1.6854e+39 1.2499e+43 4.9737e+39 4.9997e+40 3.6877e+40 2.6175e+40 1.2411e+42 6.4476e+41 5.7989e+42 1.1906e+41 2.9322e+41 2.9703e+40 1.8083e+40 4.17e+41 2.7755e+41
-1.0 0.3 1000.0 -1.4 3.8882e+40 3.3396e+42 4.9275e+41 1.4832e+42 4.0761e+40 1.0959e+39 9.9966e+42 3.2339e+39 3.2146e+40 2.3871e+40 1.5654e+40 1.0204e+42 5.3013e+41 4.1501e+42 9.5302e+40 2.3478e+41 3.421e+40 2.0835e+40 4.1598e+41 2.7702e+41
-1.0 0.3 1000.0 -1.7 3.2792e+40 2.3269e+42 3.6574e+41 1.1009e+42 1.6319e+40 5.5682e+38 6.8198e+42 1.6432e+39 1.4809e+40 1.1329e+40 4.5831e+39 5.1992e+41 2.7225e+41 2.1994e+42 5.5139e+40 1.3589e+41 3.5502e+40 2.1641e+40 3.1693e+41 2.1129e+41
-1.0 0.3 1000.0 -2.0 3.0511e+40 1.5892e+42 2.4159e+41 7.272e+41 6.1767e+39 3.0553e+38 4.5946e+42 9.0163e+38 6.6669e+39 5.4704e+39 8.8255e+38 1.9596e+41 1.0644e+41 1.0733e+42 2.8201e+40 6.9503e+40 3.0825e+40 1.8813e+40 1.9534e+41 1.3037e+41
-1.0 0.3 10000.0 -1.2 1.0489e+41 3.9302e+42 2.67e+41 8.0367e+41 1.6301e+41 4.2117e+39 1.2087e+43 1.2429e+40 1.0264e+41 9.6241e+40 2.1824e+38 8.6648e+40 4.5356e+40 5.2491e+42 2.0127e+40 4.9605e+40 2.7048e+40 2.1814e+40 1.7778e+41 1.4359e+41
-1.0 0.3 10000.0 -1.4 9.2833e+40 3.2511e+42 2.4098e+41 7.2536e+41 9.5442e+40 2.8903e+39 9.8058e+42 8.5294e+39 6.2671e+40 5.9511e+40 9.8161e+37 5.68e+40 2.999e+40 3.8247e+42 1.6673e+40 4.1095e+40 2.6422e+40 2.1366e+40 1.4839e+41 1.2014e+41
-1.0 0.3 10000.0 -1.7 8.1851e+40 2.2936e+42 1.6407e+41 4.9387e+41 3.9449e+40 1.6815e+39 6.7784e+42 4.9622e+39 2.7526e+40 2.7586e+40 1.6532e+37 2.0584e+40 1.0809e+40 2.0443e+42 9.3112e+39 2.2949e+40 1.8948e+40 1.5432e+40 8.7573e+40 7.1273e+40
-1.5 0.1 1000.0 -1.2 6.558e+40 4.0786e+42 5.8204e+41 1.7519e+42 9.6503e+40 1.4671e+39 1.242e+43 4.3294e+39 6.4701e+40 4.7382e+40 2.2242e+40 1.4958e+42 7.5926e+41 5.757e+42 1.1758e+41 2.8976e+41 6.6818e+40 4.0698e+40 5.6604e+41 3.7691e+41
-1.0 0.3 10000.0 -2.0 7.3924e+40 1.5614e+42 9.1606e+40 2.7573e+41 1.6325e+40 1.1451e+39 4.5792e+42 3.3791e+39 1.2105e+40 1.3607e+40 1.8788e+36 5.6977e+39 2.9354e+39 9.8911e+41 4.1262e+39 1.017e+40 1.0846e+40 8.9075e+39 4.3616e+40 3.5701e+40
-1.0 0.5 100.0 -1.2 1.7323e+40 3.41e+42 4.2435e+41 1.2773e+42 3.0881e+40 5.13e+38 1.0166e+43 1.5139e+39 3.2094e+40 2.2349e+40 4.6481e+40 9.8895e+41 5.4122e+41 5.8751e+42 1.2468e+41 3.0699e+41 4.8878e+39 2.8952e+39 1.6042e+41 1.0504e+41
-1.0 0.5 100.0 -1.4 1.3155e+40 2.7962e+42 4.2455e+41 1.2779e+42 1.6332e+40 2.9892e+38 8.2181e+42 8.821e+38 1.8698e+40 1.3036e+40 4.3493e+40 1.0262e+42 5.7105e+41 4.1586e+42 1.1612e+41 2.8594e+41 4.9931e+39 2.9596e+39 1.7186e+41 1.1253e+41
-1.0 0.5 100.0 -1.7 9.3253e+39 2.0021e+42 3.5771e+41 1.0767e+42 5.4569e+39 1.408e+38 5.7859e+42 4.1551e+38 7.3754e+39 5.1632e+39 3.2786e+40 8.5558e+41 4.8312e+41 2.1854e+42 8.6452e+40 2.1294e+41 4.789e+39 2.8427e+39 1.633e+41 1.0693e+41
-1.0 0.5 100.0 -2.0 7.1387e+39 1.4161e+42 2.6442e+41 7.9592e+41 1.668e+39 7.4923e+37 4.0475e+42 2.211e+38 2.7227e+39 1.9272e+39 1.9189e+40 5.7245e+41 3.259e+41 1.0594e+42 5.5573e+40 1.3692e+41 4.6007e+39 2.7358e+39 1.3908e+41 9.1067e+40
-1.0 0.5 1000.0 -1.2 3.5676e+40 4.0852e+42 4.0526e+41 1.2198e+42 5.36e+40 1.624e+39 1.2481e+43 4.7925e+39 5.0626e+40 3.7315e+40 2.6315e+40 8.4392e+41 4.4038e+41 5.7923e+42 9.132e+40 2.2494e+41 7.3189e+39 4.4556e+39 2.7845e+41 1.8533e+41
-1.0 0.5 1000.0 -1.4 2.9703e+40 3.3272e+42 3.7527e+41 1.1296e+42 3.1338e+40 1.0585e+39 9.984e+42 3.1237e+39 3.2375e+40 2.4032e+40 1.5759e+40 6.9677e+41 3.6577e+41 4.1455e+42 7.3408e+40 1.8086e+41 8.4767e+39 5.1622e+39 2.7967e+41 1.8624e+41
-1.0 0.5 1000.0 -1.7 2.5055e+40 2.3196e+42 2.7933e+41 8.4079e+41 1.2575e+40 5.4404e+38 6.8114e+42 1.6055e+39 1.4931e+40 1.1416e+40 4.6131e+39 3.5834e+41 1.9075e+41 2.1977e+42 4.2641e+40 1.0509e+41 8.8468e+39 5.3923e+39 2.1449e+41 1.4298e+41
-1.0 0.5 1000.0 -2.0 2.332e+40 1.5854e+42 1.8487e+41 5.5645e+41 4.768e+39 3.0292e+38 4.5903e+42 8.9392e+38 6.7274e+39 5.5134e+39 8.8815e+38 1.3832e+41 7.6635e+40 1.0728e+42 2.1857e+40 5.3868e+40 7.7046e+39 4.7016e+39 1.3254e+41 8.8458e+40
-1.0 0.5 10000.0 -1.2 8.0016e+40 3.9264e+42 2.0369e+41 6.1311e+41 1.2558e+41 4.1629e+39 1.2096e+43 1.2285e+40 1.0409e+41 9.7378e+40 2.1917e+38 5.9634e+40 3.1114e+40 5.2487e+42 1.54e+40 3.7958e+40 6.6935e+39 5.3974e+39 1.1939e+41 9.6423e+40
-1.0 0.5 10000.0 -1.4 7.0831e+40 3.2484e+42 1.8392e+41 5.536e+41 7.3368e+40 2.8709e+39 9.811e+42 8.4721e+39 6.322e+40 5.9949e+40 9.8638e+37 3.9361e+40 2.0609e+40 3.8246e+42 1.2772e+40 3.1479e+40 6.5444e+39 5.2912e+39 9.9743e+40 8.0745e+40
-1.0 0.5 10000.0 -1.7 6.2467e+40 2.2924e+42 1.2528e+41 3.771e+41 3.0252e+40 1.6797e+39 6.7802e+42 4.9567e+39 2.7609e+40 2.7658e+40 1.6615e+37 1.4234e+40 7.3895e+39 2.0442e+42 7.1399e+39 1.7598e+40 4.6968e+39 3.8246e+39 5.8915e+40 4.7943e+40
-1.0 0.5 10000.0 -2.0 5.6437e+40 1.5613e+42 6.9972e+40 2.1062e+41 1.2546e+40 1.1468e+39 4.5809e+42 3.3843e+39 1.2189e+40 1.3677e+40 1.8877e+36 3.892e+39 1.9906e+39 9.8908e+41 3.1663e+39 7.8041e+39 2.6899e+39 2.2087e+39 2.9359e+40 2.4028e+40
-1.5 0.1 1000.0 -1.4 5.4316e+40 3.3212e+42 5.4658e+41 1.6452e+42 5.2619e+40 9.45e+38 9.9372e+42 2.7887e+39 3.7314e+40 2.765e+40 1.3786e+40 1.2402e+42 6.3205e+41 4.1317e+42 9.7911e+40 2.413e+41 7.6667e+40 4.671e+40 5.5292e+41 3.6833e+41
-1.5 0.1 1000.0 -1.7 4.4007e+40 2.3158e+42 4.1498e+41 1.2491e+42 1.9263e+40 4.9301e+38 6.7885e+42 1.4549e+39 1.5175e+40 1.1692e+40 4.2374e+39 6.4783e+41 3.3448e+41 2.1951e+42 5.9625e+40 1.4695e+41 7.8319e+40 4.7752e+40 4.1813e+41 2.7881e+41
-1.5 0.1 1000.0 -2.0 3.9057e+40 1.5823e+42 2.7837e+41 8.379e+41 7.0792e+39 2.8994e+38 4.5794e+42 8.5561e+38 6.5989e+39 5.4847e+39 8.4211e+38 2.482e+41 1.3237e+41 1.0712e+42 3.1477e+40 7.7575e+40 6.7612e+40 4.1269e+40 2.5929e+41 1.7307e+41
-1.5 0.1 10000.0 -1.2 1.2371e+41 3.9058e+42 3.1561e+41 9.4998e+41 1.8439e+41 3.905e+39 1.1986e+43 1.1524e+40 9.8118e+40 9.2042e+40 2.1738e+38 1.1697e+41 6.1093e+40 5.2624e+42 2.3671e+40 5.8343e+40 6.0933e+40 4.9153e+40 2.4387e+41 1.97e+41
