# log(Us)  xid nh alpha [OII]3727 Hbeta [OIII]4959 [OIII]5007 [OI]6300 [NII]6548 Halpha [NII]6584 [SII]6717 [SII]6731 NV1240 CIV1548 CIV1551 HeII1640 OIII]1661 OIII]1666 [SiIII]1883 SiIII]1888 [CIII]1907 CIII]1910 
-1.0 0.5 1000.0 -1.2 4.2186e+42 9.8281e+41 7.4842e+42 2.2527e+43 2.2399e+42 1.2032e+42 2.8787e+42 3.5506e+42 1.1367e+42 9.7076e+41 7.538e+41 1.3238e+42 1.0014e+42 4.1554e+42 2.9917e+41 7.3001e+41 4.3678e+40 2.6883e+40 2.6905e+42 1.8045e+42
-1.0 0.5 100.0 -2.0 2.4231e+41 1.4641e+41 9.0877e+41 2.7354e+42 6.6645e+40 4.9368e+40 4.1632e+41 1.4569e+41 6.4304e+40 4.7023e+40 1.1801e+41 1.4591e+41 1.093e+41 6.7677e+41 2.0223e+40 4.9009e+40 2.9807e+39 1.7936e+39 1.6991e+41 1.1133e+41
-1.0 0.5 10000.0 -1.4 5.7775e+42 2.0487e+42 9.7102e+42 2.9228e+43 2.5177e+42 2.642e+42 5.9376e+42 7.7966e+42 1.2831e+42 1.9005e+42 1.3806e+40 1.2225e+41 7.2596e+40 3.5265e+42 6.9766e+40 1.7139e+41 5.2865e+40 4.696e+40 1.0648e+42 9.1398e+41
-1.0 0.5 10000.0 -1.7 3.91e+42 1.6034e+42 5.2253e+42 1.5728e+43 9.7782e+41 1.8088e+42 4.6571e+42 5.3378e+42 6.7205e+41 1.1103e+42 6.1227e+39 2.9734e+40 2.067e+40 1.9321e+42 1.9852e+40 4.8808e+40 2.0598e+40 1.8633e+40 3.7795e+41 3.2721e+41
-1.0 0.5 10000.0 -2.0 2.7175e+42 1.1918e+42 2.4372e+42 7.3361e+42 4.7753e+41 1.3499e+42 3.4738e+42 3.9835e+42 4.4506e+41 7.8226e+41 1.1761e+39 1.2939e+40 1.0675e+40 9.4748e+41 5.2446e+39 1.2906e+40 6.9898e+39 6.4269e+39 1.3106e+41 1.1404e+41
-2.5 0.1 100.0 -1.2 4.1544e+42 2.1758e+42 8.9999e+42 2.709e+43 4.2516e+41 6.6855e+41 6.5192e+42 1.9729e+42 6.0851e+41 4.6323e+41 3.6503e+41 1.0619e+42 5.5112e+41 5.0667e+42 3.9071e+40 9.4646e+40 6.1947e+40 3.7408e+40 8.1681e+41 5.3539e+41
-2.5 0.1 100.0 -1.4 2.6859e+42 1.8787e+42 5.7838e+42 1.7409e+43 1.8348e+41 4.5343e+41 5.6378e+42 1.3381e+42 4.3217e+41 3.3301e+41 1.8638e+41 4.839e+41 2.5801e+41 3.7573e+42 1.4003e+40 3.384e+40 2.569e+40 1.6216e+40 3.3386e+41 2.1891e+41
-2.5 0.1 100.0 -1.7 1.3551e+42 1.4167e+42 2.4607e+42 7.4066e+42 8.5766e+40 2.5695e+41 4.2916e+42 7.5826e+41 2.6716e+41 2.0671e+41 6.6171e+40 1.3848e+41 8.0523e+40 2.0929e+42 2.6658e+39 6.4227e+39 5.8381e+39 4.8954e+39 7.5393e+40 4.9532e+40
-2.5 0.1 100.0 -2.0 6.6349e+41 1.032e+42 9.0723e+41 2.7308e+42 4.2455e+40 1.3995e+41 3.1735e+42 4.1298e+41 1.5368e+41 1.1893e+41 3.0088e+40 4.2119e+40 3.1019e+40 1.0685e+42 5.4025e+38 1.296e+39 1.2914e+39 2.5677e+39 1.642e+40 1.0898e+40
-2.5 0.1 1000.0 -1.2 5.1881e+42 2.4359e+42 1.2883e+43 3.8777e+43 6.2836e+41 8.9581e+41 7.2228e+42 2.6435e+42 5.7568e+41 6.5191e+41 1.2448e+41 1.1515e+42 5.7356e+41 5.1733e+42 7.3006e+40 1.7695e+41 1.2657e+41 7.9406e+40 1.4221e+42 9.5943e+41
-2.5 0.1 1000.0 -1.4 3.608e+42 2.127e+42 9.1983e+42 2.7687e+43 2.7335e+41 6.326e+41 6.3042e+42 1.8668e+42 4.0006e+41 4.8247e+41 4.3445e+40 3.9907e+41 2.0384e+41 3.8168e+42 3.0721e+40 7.4259e+40 6.8312e+40 4.3689e+40 6.8413e+41 4.6224e+41
-2.5 0.1 1000.0 -1.7 2.0628e+42 1.6293e+42 4.8312e+42 1.4542e+43 1.2924e+41 3.9871e+41 4.8494e+42 1.1766e+42 2.5982e+41 3.2454e+41 2.232e+40 6.9685e+40 4.2413e+40 2.1005e+42 6.9511e+39 1.6789e+40 2.4884e+40 1.7235e+40 1.9439e+41 1.3168e+41
-2.5 0.1 1000.0 -2.0 1.1684e+42 1.1992e+42 2.3345e+42 7.0268e+42 6.9983e+40 2.543e+41 3.5943e+42 7.5044e+41 1.719e+41 2.1654e+41 1.5878e+40 2.4682e+40 1.966e+40 1.053e+42 1.4765e+39 3.5692e+39 8.6554e+39 7.4423e+39 5.116e+40 3.4792e+40
-2.5 0.1 10000.0 -1.2 6.7671e+42 2.9706e+42 1.5338e+43 4.6169e+43 1.9809e+42 2.2706e+42 8.7546e+42 6.7005e+42 6.3547e+41 1.1255e+42 1.4059e+40 1.9232e+41 1.0417e+41 4.8649e+42 6.8283e+40 1.6727e+41 2.7672e+41 2.5041e+41 1.4474e+42 1.2608e+42
-2.5 0.1 10000.0 -1.4 5.0168e+42 2.574e+42 1.1121e+43 3.3475e+43 9.8986e+41 1.7016e+42 7.5661e+42 5.0215e+42 4.3819e+41 8.1632e+41 1.2003e+40 7.4923e+40 4.4199e+40 3.5931e+42 3.2251e+40 7.9038e+40 1.6059e+41 1.4735e+41 7.5541e+41 6.6296e+41
-2.5 0.1 10000.0 -1.7 3.2439e+42 1.9304e+42 5.756e+42 1.7326e+43 4.4696e+41 1.2098e+42 5.6725e+42 3.5701e+42 2.8742e+41 5.6541e+41 5.8703e+39 2.1595e+40 1.6525e+40 1.9582e+42 8.6841e+39 2.1313e+40 5.613e+40 5.2747e+40 2.4371e+41 2.159e+41
-2.5 0.1 10000.0 -2.0 2.0871e+42 1.38e+42 2.5733e+42 7.7455e+42 2.526e+41 8.956e+41 4.0666e+42 2.6429e+42 2.1188e+41 4.2497e+41 1.1548e+39 1.2094e+40 1.0637e+40 9.5918e+41 2.1482e+39 5.2809e+39 1.6469e+40 1.5939e+40 7.4063e+40 6.6141e+40
-2.5 0.3 100.0 -1.2 5.9214e+42 1.4038e+42 7.8032e+42 2.3488e+43 1.448e+42 1.0113e+42 4.1472e+42 2.9843e+42 9.6384e+41 7.1097e+41 5.2722e+41 8.9731e+41 5.4456e+41 4.2693e+42 8.8002e+40 2.149e+41 6.4989e+40 3.8646e+40 1.3605e+42 8.915e+41
-2.5 0.3 100.0 -1.4 3.7762e+42 1.1748e+42 5.6174e+42 1.6908e+43 6.2745e+41 6.2944e+41 3.4639e+42 1.8575e+42 6.2958e+41 4.7131e+41 2.8938e+41 4.8649e+41 2.9623e+41 3.2238e+42 3.9248e+40 9.5699e+40 3.3405e+40 2.0006e+40 6.722e+41 4.4054e+41
-2.5 0.3 100.0 -1.7 1.9441e+42 8.7083e+41 2.9095e+42 8.7575e+42 1.6902e+41 3.3147e+41 2.5815e+42 9.7817e+41 3.4294e+41 2.6168e+41 1.0797e+41 1.736e+41 1.0959e+41 1.8438e+42 9.7785e+39 2.3781e+40 1.0333e+40 6.4648e+39 2.0044e+41 1.3141e+41
-2.5 0.3 100.0 -2.0 1.0398e+42 6.4055e+41 1.3456e+42 4.0502e+42 7.3196e+40 1.903e+41 1.9199e+42 5.6159e+41 2.0494e+41 1.5757e+41 4.2008e+40 6.1189e+40 4.211e+40 9.6293e+41 2.3396e+39 5.6732e+39 3.0384e+39 2.2969e+39 5.7566e+40 3.7787e+40
-2.5 0.3 1000.0 -1.2 6.5467e+42 1.7806e+42 1.1074e+43 3.3333e+43 1.6944e+42 1.261e+42 5.2151e+42 3.7212e+42 9.8246e+41 9.7541e+41 2.5417e+41 1.0243e+42 5.516e+41 4.7604e+42 1.2566e+41 3.0651e+41 9.5847e+40 5.9519e+40 1.887e+42 1.2704e+42
-2.5 0.3 1000.0 -1.4 4.4703e+42 1.5512e+42 8.3726e+42 2.5201e+43 7.5407e+41 8.3498e+41 4.5403e+42 2.464e+42 6.3028e+41 6.7063e+41 9.2721e+40 4.9209e+41 2.6081e+41 3.5704e+42 6.0425e+40 1.4717e+41 5.6343e+40 3.5258e+40 1.0124e+42 6.8246e+41
-2.5 0.3 1000.0 -1.7 2.589e+42 1.2153e+42 4.7958e+42 1.4435e+43 2.3077e+41 4.9207e+41 3.5761e+42 1.4521e+42 3.4969e+41 4.0749e+41 2.8078e+40 1.0997e+41 6.4866e+40 2.0126e+42 1.6303e+40 3.9643e+40 2.3477e+40 1.5131e+40 3.3825e+41 2.2847e+41
-2.5 0.3 1000.0 -2.0 1.5547e+42 9.297e+41 2.5019e+42 7.5309e+42 1.1091e+41 3.215e+41 2.7576e+42 9.4876e+41 2.2492e+41 2.7325e+41 1.7442e+40 2.9717e+40 2.2729e+40 1.0271e+42 3.8455e+39 9.3504e+39 9.3744e+39 6.5677e+39 1.0126e+41 6.8537e+40
-2.5 0.3 10000.0 -1.2 8.0589e+42 2.6239e+42 1.433e+43 4.3134e+43 3.4751e+42 2.9925e+42 7.6646e+42 8.8308e+42 1.1331e+42 1.8165e+42 1.5365e+40 2.0267e+41 1.1884e+41 4.8164e+42 9.4019e+40 2.3065e+41 1.7551e+41 1.566e+41 1.626e+42 1.4004e+42
-2.5 0.3 10000.0 -1.4 6.0382e+42 2.3023e+42 1.0583e+43 3.1855e+43 1.8283e+42 2.231e+42 6.7178e+42 6.5837e+42 7.5308e+41 1.2735e+42 1.2347e+40 8.2405e+40 5.1153e+40 3.5726e+42 4.5967e+40 1.128e+41 1.0583e+41 9.5615e+40 8.8431e+41 7.6719e+41
-2.5 0.3 10000.0 -1.7 3.9948e+42 1.7661e+42 5.6393e+42 1.6974e+43 7.5818e+41 1.541e+42 5.1615e+42 4.5474e+42 4.548e+41 8.2725e+41 5.8629e+39 2.3293e+40 1.7534e+40 1.9566e+42 1.2986e+40 3.1895e+40 3.9596e+40 3.6489e+40 3.0783e+41 2.6918e+41
-2.5 0.3 10000.0 -2.0 2.6844e+42 1.2885e+42 2.6202e+42 7.8869e+42 4.0033e+41 1.1444e+42 3.7757e+42 3.3772e+42 3.1324e+41 5.9648e+41 1.1542e+39 1.2196e+40 1.0512e+40 9.615e+41 3.4474e+39 8.4791e+39 1.2948e+40 1.2177e+40 1.0406e+41 9.1506e+40
-2.5 0.5 100.0 -1.2 5.9324e+42 1.0164e+42 5.7416e+42 1.7282e+43 1.9094e+42 1.2425e+42 2.9967e+42 3.6666e+42 1.3344e+42 9.6639e+41 7.8079e+41 9.4326e+41 7.0122e+41 3.6341e+42 1.3294e+41 3.2601e+41 3.4676e+40 2.0559e+40 1.6428e+42 1.0763e+42
-2.5 0.5 100.0 -1.4 3.9085e+42 8.2482e+41 4.5027e+42 1.3553e+43 9.605e+41 7.7408e+41 2.4081e+42 2.2843e+42 8.4244e+41 6.1857e+41 4.6021e+41 5.6301e+41 4.154e+41 2.7881e+42 7.35e+40 1.801e+41 2.1571e+40 1.2812e+40 9.6172e+41 6.3015e+41
-2.5 0.5 100.0 -1.7 2.0294e+42 5.9509e+41 2.6621e+42 8.013e+42 2.9338e+41 3.9176e+41 1.7346e+42 1.1561e+42 4.364e+41 3.2697e+41 1.8311e+41 2.3202e+41 1.6903e+41 1.6332e+42 2.4229e+40 5.9281e+40 8.4372e+39 5.056e+39 3.5787e+41 2.3452e+41
-2.5 0.5 100.0 -2.0 1.1003e+42 4.364e+41 1.416e+42 4.2621e+42 9.425e+40 2.1957e+41 1.2819e+42 6.4795e+41 2.4571e+41 1.868e+41 6.8658e+40 9.2635e+40 6.8952e+40 8.7234e+41 7.3529e+39 1.7958e+40 3.0089e+39 1.8708e+39 1.2459e+41 8.1673e+40
-2.5 0.5 1000.0 -1.2 6.4298e+42 1.3797e+42 8.6469e+42 2.6027e+43 2.1956e+42 1.5025e+42 4.0202e+42 4.4338e+42 1.4519e+42 1.3231e+42 4.7055e+41 1.0329e+42 7.7129e+41 4.3826e+42 1.8001e+41 4.4101e+41 4.7677e+40 2.9449e+40 2.1823e+42 1.4667e+42
-2.5 0.5 1000.0 -1.4 4.4739e+42 1.1929e+42 6.9394e+42 2.0888e+43 1.1076e+42 1.0017e+42 3.457e+42 2.956e+42 9.0914e+41 8.8347e+41 1.987e+41 5.6416e+41 4.1435e+41 3.3381e+42 9.9404e+40 2.433e+41 3.0855e+40 1.913e+40 1.3052e+42 8.7818e+41
-2.5 0.5 1000.0 -1.7 2.6233e+42 9.4564e+41 4.322e+42 1.3009e+43 3.6015e+41 5.815e+41 2.7489e+42 1.716e+42 4.8122e+41 5.157e+41 4.6069e+40 1.7888e+41 1.2641e+41 1.9225e+42 3.2838e+40 8.0277e+40 1.447e+40 9.0761e+39 5.0998e+41 3.4372e+41
-2.5 0.5 1000.0 -2.0 1.6164e+42 7.4397e+41 2.423e+42 7.2934e+42 1.4078e+41 3.7782e+41 2.1806e+42 1.1149e+42 2.9418e+41 3.3676e+41 2.0097e+40 4.9866e+40 3.7538e+40 9.973e+41 9.0943e+39 2.2224e+40 6.5471e+39 4.2302e+39 1.7375e+41 1.173e+41
-2.5 0.5 10000.0 -1.2 7.7073e+42 2.3235e+42 1.2431e+43 3.7416e+43 3.9303e+42 3.427e+42 6.7538e+42 1.0113e+43 1.7073e+42 2.4927e+42 1.8758e+40 2.7836e+41 1.623e+41 4.745e+42 1.282e+41 3.1497e+41 8.0243e+40 7.0526e+40 1.7971e+42 1.5328e+42
-2.5 0.5 10000.0 -1.4 5.9052e+42 2.0617e+42 9.3615e+42 2.8178e+43 2.1931e+42 2.6299e+42 5.9785e+42 7.7608e+42 1.1133e+42 1.7302e+42 1.3327e+40 1.1566e+41 6.8528e+40 3.5343e+42 6.5316e+40 1.605e+41 5.0544e+40 4.4941e+40 1.0151e+42 8.7209e+41
-2.5 0.5 10000.0 -1.7 3.9967e+42 1.6142e+42 5.0943e+42 1.5334e+43 9.3824e+41 1.8407e+42 4.6895e+42 5.432e+42 6.6018e+41 1.1114e+42 5.9718e+39 2.8172e+40 1.9833e+40 1.9467e+42 1.8992e+40 4.67e+40 1.9929e+40 1.8037e+40 3.6664e+41 3.1751e+41
-2.5 0.5 10000.0 -2.0 2.7459e+42 1.2008e+42 2.4031e+42 7.2334e+42 4.7911e+41 1.3684e+42 3.5001e+42 4.0382e+42 4.4843e+41 7.9397e+41 1.1652e+39 1.2509e+40 1.0418e+40 9.6035e+41 5.0888e+39 1.2524e+40 6.8292e+39 6.2817e+39 1.283e+41 1.1165e+41
-2.0 0.1 100.0 -1.2 2.3133e+42 1.4225e+42 8.8935e+42 2.6769e+43 4.5229e+41 3.7623e+41 4.171e+42 1.1103e+42 3.7998e+41 2.8284e+41 6.5102e+41 1.6457e+42 8.5937e+41 4.7162e+42 9.018e+40 2.1587e+41 8.2937e+40 4.9802e+40 1.1608e+42 7.6066e+41
-2.0 0.1 100.0 -1.4 1.3954e+42 1.2389e+42 6.2607e+42 1.8845e+43 1.2302e+41 2.0781e+41 3.6442e+42 6.1326e+41 2.2338e+41 1.6998e+41 3.2781e+41 8.1146e+41 4.3448e+41 3.5083e+42 3.6457e+40 8.6743e+40 3.8385e+40 2.3747e+40 5.2161e+41 3.4192e+41
-2.0 0.1 100.0 -1.7 7.3564e+41 9.7607e+41 3.1252e+42 9.4068e+42 3.6452e+40 1.1265e+41 2.9041e+42 3.3242e+41 1.2519e+41 9.696e+40 1.0101e+41 2.4503e+41 1.3508e+41 1.988e+42 7.9978e+39 1.8839e+40 1.0665e+40 7.9022e+39 1.3454e+41 8.8324e+40
-2.0 0.1 100.0 -2.0 4.0514e+41 7.5999e+41 1.3644e+42 4.1069e+42 1.9729e+40 6.6699e+40 2.2988e+42 1.9683e+41 7.7677e+40 6.02e+40 3.2664e+40 6.0537e+40 4.0184e+40 1.0438e+42 1.7823e+39 4.1543e+39 2.9152e+39 3.8708e+39 3.2879e+40 2.176e+40
-2.0 0.1 1000.0 -1.2 3.4411e+42 2.1105e+42 1.494e+43 4.4971e+43 7.4761e+41 6.4924e+41 6.1752e+42 1.9159e+42 4.9246e+41 5.0884e+41 1.8667e+41 1.8402e+42 8.869e+41 5.2833e+42 1.3493e+41 3.2255e+41 1.4866e+41 9.3221e+40 1.9214e+42 1.2947e+42
-2.0 0.1 1000.0 -1.4 2.3299e+42 1.8948e+42 1.0759e+43 3.2385e+43 2.4168e+41 3.9151e+41 5.5666e+42 1.1554e+42 2.8499e+41 3.2287e+41 5.5186e+40 6.2615e+41 3.0804e+41 3.8751e+42 5.4134e+40 1.2906e+41 8.1884e+40 5.2439e+40 9.2484e+41 6.2431e+41
-2.0 0.1 1000.0 -1.7 1.4414e+42 1.5136e+42 5.6115e+42 1.6891e+43 8.0067e+40 2.4677e+41 4.4855e+42 7.2822e+41 1.6403e+41 2.04e+41 2.4813e+40 9.1934e+40 5.2956e+40 2.1205e+42 1.0757e+40 2.5649e+40 3.1168e+40 2.1669e+40 2.535e+41 1.7164e+41
-2.0 0.1 1000.0 -2.0 9.1196e+41 1.1509e+42 2.6615e+42 8.011e+42 4.9001e+40 1.7679e+41 3.4399e+42 5.2172e+41 1.1903e+41 1.5019e+41 1.7364e+40 2.737e+40 2.1114e+40 1.0568e+42 2.0566e+39 4.9257e+39 1.094e+40 9.4195e+39 6.3912e+40 4.3464e+40
-2.0 0.1 10000.0 -1.2 6.7232e+42 2.9816e+42 1.6035e+43 4.8265e+43 2.3201e+42 2.3488e+42 8.7675e+42 6.9312e+42 7.0495e+41 1.2133e+42 1.4518e+40 2.0177e+41 1.092e+41 4.8895e+42 7.3475e+40 1.7987e+41 2.9248e+41 2.644e+41 1.5366e+42 1.3372e+42
-2.0 0.1 10000.0 -1.4 4.9212e+42 2.5838e+42 1.1537e+43 3.4727e+43 1.0631e+42 1.6813e+42 7.5898e+42 4.9614e+42 4.4862e+41 8.2045e+41 1.2386e+40 7.7641e+40 4.5669e+40 3.5994e+42 3.416e+40 8.3675e+40 1.6829e+41 1.5431e+41 7.9158e+41 6.9429e+41
-2.0 0.1 10000.0 -1.7 3.2036e+42 1.9347e+42 5.9061e+42 1.7777e+43 4.398e+41 1.1826e+42 5.6841e+42 3.4897e+42 2.8033e+41 5.492e+41 6.0484e+39 2.2026e+40 1.679e+40 1.9527e+42 9.0384e+39 2.2177e+40 5.8113e+40 5.4594e+40 2.5207e+41 2.2322e+41
-2.0 0.1 10000.0 -2.0 2.0835e+42 1.3788e+42 2.6133e+42 7.866e+42 2.4801e+41 8.8676e+41 4.0609e+42 2.6168e+42 2.0747e+41 4.1612e+41 1.1772e+39 1.2221e+40 1.0754e+40 9.5275e+41 2.2074e+39 5.426e+39 1.6874e+40 1.6327e+40 7.5914e+40 6.7773e+40
-2.0 0.3 100.0 -1.2 3.8181e+42 7.7171e+41 5.1822e+42 1.5598e+43 1.5057e+42 7.4623e+41 2.2705e+42 2.2021e+42 6.4932e+41 4.6778e+41 8.6979e+41 1.1215e+42 7.1728e+41 3.3026e+42 1.5243e+41 3.7124e+41 6.5563e+40 3.8885e+40 1.6769e+42 1.0985e+42
-2.0 0.3 100.0 -1.4 2.1049e+42 6.1776e+41 4.1667e+42 1.2542e+43 6.9196e+41 3.8621e+41 1.7941e+42 1.1397e+42 3.7337e+41 2.7189e+41 4.8912e+41 6.8364e+41 4.3275e+41 2.5762e+42 8.244e+40 2.0025e+41 3.9025e+40 2.3219e+40 9.2851e+41 6.0835e+41
-2.0 0.3 100.0 -1.7 9.0616e+41 4.6043e+41 2.6131e+42 7.8653e+42 1.5129e+41 1.4677e+41 1.3363e+42 4.3311e+41 1.6235e+41 1.2127e+41 1.7354e+41 2.6809e+41 1.721e+41 1.5727e+42 2.4986e+40 6.0349e+40 1.4066e+40 8.5471e+39 3.0956e+41 2.0288e+41
-2.0 0.3 100.0 -2.0 4.8191e+41 3.665e+41 1.4551e+42 4.3799e+42 3.2e+40 7.555e+40 1.0764e+42 2.2295e+41 8.4249e+40 6.4563e+40 5.3784e+40 9.0088e+40 5.9466e+40 8.7983e+41 6.306e+39 1.5122e+40 4.5994e+39 3.124e+39 9.2257e+40 6.0518e+40
-2.0 0.3 1000.0 -1.2 4.7686e+42 1.4216e+42 1.1349e+43 3.4161e+43 1.9585e+42 1.0397e+42 4.1236e+42 3.0682e+42 9.148e+41 8.3834e+41 3.7257e+41 1.3401e+42 7.0529e+41 4.7094e+42 2.1265e+41 5.1568e+41 1.0403e+41 6.4442e+40 2.4403e+42 1.6405e+42
-2.0 0.3 1000.0 -1.4 3.0324e+42 1.2691e+42 8.9227e+42 2.6857e+43 8.6888e+41 6.1042e+41 3.6798e+42 1.8014e+42 5.341e+41 5.196e+41 1.2732e+41 6.5597e+41 3.3261e+41 3.5526e+42 9.9662e+40 2.4111e+41 6.2453e+40 3.8999e+40 1.3075e+42 8.8043e+41
-2.0 0.3 1000.0 -1.7 1.7688e+42 1.0541e+42 5.2505e+42 1.5804e+43 2.0932e+41 3.2245e+41 3.0833e+42 9.5155e+41 2.537e+41 2.7995e+41 3.2141e+40 1.3668e+41 7.6892e+40 2.0139e+42 2.3925e+40 5.7787e+40 2.7042e+40 1.742e+40 4.1837e+41 2.8245e+41
-2.0 0.3 1000.0 -2.0 1.1673e+42 8.5027e+41 2.7348e+42 8.2318e+42 7.8282e+40 2.2292e+41 2.5143e+42 6.5782e+41 1.5701e+41 1.8939e+41 1.9156e+40 3.2672e+40 2.4389e+40 1.0271e+42 5.0295e+39 1.2165e+40 1.0984e+40 7.7218e+39 1.1854e+41 8.0225e+40
-2.0 0.3 10000.0 -1.2 8.032e+42 2.6209e+42 1.4901e+43 4.4853e+43 4.0524e+42 3.116e+42 7.6434e+42 9.1954e+42 1.3092e+42 2.0303e+42 1.5875e+40 2.1129e+41 1.2463e+41 4.8382e+42 1.0078e+41 2.4714e+41 1.84e+41 1.6401e+41 1.7171e+42 1.477e+42
-2.0 0.3 10000.0 -1.4 5.9206e+42 2.2984e+42 1.0935e+43 3.2915e+43 2.0179e+42 2.2385e+42 6.701e+42 6.6059e+42 8.0633e+41 1.3276e+42 1.2723e+40 8.5331e+40 5.3015e+40 3.5778e+42 4.8607e+40 1.1924e+41 1.1027e+41 9.956e+40 9.2179e+41 7.9921e+41
-2.0 0.3 10000.0 -1.7 3.9241e+42 1.7611e+42 5.7678e+42 1.7361e+43 7.6886e+41 1.5126e+42 5.1466e+42 4.4636e+42 4.5354e+41 8.1605e+41 6.0238e+39 2.3759e+40 1.7824e+40 1.9507e+42 1.3479e+40 3.3104e+40 4.0785e+40 3.7573e+40 3.1633e+41 2.7655e+41
-2.0 0.3 10000.0 -2.0 2.6638e+42 1.2839e+42 2.6554e+42 7.9929e+42 3.9436e+41 1.1303e+42 3.7624e+42 3.3355e+42 3.0834e+41 5.855e+41 1.1739e+39 1.2324e+40 1.0639e+40 9.5486e+41 3.5345e+39 8.6927e+39 1.3213e+40 1.2424e+40 1.0608e+41 9.3272e+40
-2.0 0.5 100.0 -1.2 3.6055e+42 5.7287e+41 2.8302e+42 8.5189e+42 1.6203e+42 9.0532e+41 1.7449e+42 2.6716e+42 8.2922e+41 5.9013e+41 1.1043e+42 9.7642e+41 7.4431e+41 2.4908e+42 1.3665e+41 3.3483e+41 2.0859e+40 1.2354e+40 1.4205e+42 9.3048e+41
-2.0 0.5 100.0 -1.4 2.1329e+42 4.281e+41 2.472e+42 7.4407e+42 8.6202e+41 4.985e+41 1.2639e+42 1.4711e+42 4.8929e+41 3.5056e+41 6.9387e+41 6.5809e+41 5.0294e+41 1.998e+42 9.3839e+40 2.2969e+41 1.6189e+40 9.5961e+39 9.5786e+41 6.2748e+41
-2.0 0.5 100.0 -1.7 9.4649e+41 2.9478e+41 1.8165e+42 5.4678e+42 2.6813e+41 1.9256e+41 8.4829e+41 5.6826e+41 2.1565e+41 1.5738e+41 2.8603e+41 3.0716e+41 2.3274e+41 1.2848e+42 4.2269e+40 1.032e+41 8.4009e+39 5e+39 4.3345e+41 2.8399e+41
-2.0 0.5 100.0 -2.0 4.7969e+41 2.2845e+41 1.2034e+42 3.6223e+42 6.6871e+40 8.8584e+40 6.5814e+41 2.6141e+41 1.0493e+41 7.8581e+40 9.9233e+40 1.2765e+41 9.4772e+40 7.5688e+41 1.4771e+40 3.5924e+40 3.4232e+39 2.0804e+39 1.6468e+41 1.0793e+41
-2.0 0.5 1000.0 -1.2 4.6958e+42 1.0907e+42 7.9581e+42 2.3954e+43 2.2394e+42 1.244e+42 3.1828e+42 3.6711e+42 1.2431e+42 1.0719e+42 6.6866e+41 1.2354e+42 9.4125e+41 4.2284e+42 2.6121e+41 6.3832e+41 4.5886e+40 2.8273e+40 2.5765e+42 1.7291e+42
-2.0 0.5 1000.0 -1.4 3.0915e+42 9.4843e+41 6.8235e+42 2.0539e+43 1.1652e+42 7.5349e+41 2.7344e+42 2.2235e+42 7.7463e+41 6.9708e+41 2.7632e+41 6.7688e+41 5.0551e+41 3.2634e+42 1.4801e+41 3.6116e+41 3.1447e+40 1.9453e+40 1.5837e+42 1.0643e+42
-2.0 0.5 1000.0 -1.7 1.8121e+42 7.9388e+41 4.5288e+42 1.3632e+43 3.5888e+41 3.9972e+41 2.2935e+42 1.1796e+42 3.7299e+41 3.7466e+41 5.6312e+40 2.0904e+41 1.4748e+41 1.9088e+42 4.5722e+40 1.1139e+41 1.5643e+40 9.7973e+39 6.0879e+41 4.1008e+41
-2.0 0.5 1000.0 -2.0 1.2109e+42 6.6405e+41 2.5837e+42 7.7771e+42 1.1777e+41 2.6818e+41 1.9388e+42 7.9139e+41 2.186e+41 2.4384e+41 2.2252e+40 5.4737e+40 4.1583e+40 9.9484e+41 1.1439e+40 2.7873e+40 7.3096e+39 4.7243e+39 1.9821e+41 1.3379e+41
-2.0 0.5 10000.0 -1.2 7.6567e+42 2.3151e+42 1.2891e+43 3.8801e+43 4.503e+42 3.5103e+42 6.7277e+42 1.0359e+43 1.9537e+42 2.7608e+42 1.949e+40 2.9253e+41 1.7126e+41 4.7652e+42 1.3727e+41 3.3715e+41 8.3701e+40 7.3486e+40 1.8941e+42 1.6135e+42
-2.0 0.5 10000.0 -1.4 5.7904e+42 2.0516e+42 9.6541e+42 2.9059e+43 2.4174e+42 2.6294e+42 5.9465e+42 7.7593e+42 1.2187e+42 1.8312e+42 1.3738e+40 1.2025e+41 7.1259e+40 3.5395e+42 6.8964e+40 1.6942e+41 5.2439e+40 4.6593e+40 1.0561e+42 9.0676e+41
-2.0 0.5 10000.0 -1.7 3.9225e+42 1.6065e+42 5.2066e+42 1.5672e+43 9.6654e+41 1.8126e+42 4.6662e+42 5.3489e+42 6.6636e+41 1.1062e+42 6.1298e+39 2.8767e+40 2.021e+40 1.9419e+42 1.9695e+40 4.8423e+40 2.0472e+40 1.8522e+40 3.759e+41 3.2547e+41
-2.0 0.5 10000.0 -2.0 2.7206e+42 1.1945e+42 2.4338e+42 7.3259e+42 4.7754e+41 1.3525e+42 3.4821e+42 3.9912e+42 4.4532e+41 7.8394e+41 1.183e+39 1.265e+40 1.0562e+40 9.538e+41 5.2137e+39 1.283e+40 6.9555e+39 6.3963e+39 1.3052e+41 1.1357e+41
-3.5 0.1 100.0 -1.2 6.3599e+42 2.7293e+42 3.3442e+42 1.0066e+43 6.7215e+41 1.5663e+42 8.3826e+42 4.6221e+42 1.8732e+42 1.4358e+42 5.0244e+40 1.2672e+41 7.0733e+40 4.3919e+42 2.9778e+39 7.3215e+39 1.465e+40 8.8763e+39 1.197e+41 7.8484e+40
-3.5 0.1 100.0 -1.4 4.0473e+42 2.4184e+42 2.073e+42 6.2397e+42 4.3315e+41 1.1384e+42 7.4305e+42 3.3594e+42 1.4458e+42 1.1103e+42 3.6709e+40 6.35e+40 3.9662e+40 3.3468e+42 9.4694e+38 2.3279e+39 5.6492e+39 3.589e+39 4.521e+40 2.9656e+40
-3.5 0.1 100.0 -1.7 1.8042e+42 1.8347e+42 8.0393e+41 2.4198e+42 2.0334e+41 6.148e+41 5.6733e+42 1.8143e+42 8.4166e+41 6.4788e+41 2.605e+40 2.9137e+40 2.2436e+40 1.9179e+42 1.3576e+38 3.3368e+38 1.0375e+39 9.11e+38 8.3902e+39 5.5206e+39
-3.5 0.1 100.0 -2.0 7.4843e+41 1.3142e+42 2.5792e+41 7.7635e+41 8.6815e+40 3.0321e+41 4.0996e+42 8.9479e+41 4.3886e+41 3.388e+41 1.91e+40 1.9343e+40 1.6484e+40 9.9415e+41 2.2311e+37 5.4824e+37 1.4803e+38 4.2367e+38 1.3331e+39 8.9469e+38
-3.5 0.1 1000.0 -1.2 9.2763e+42 2.7535e+42 5.5713e+42 1.677e+43 9.8818e+41 2.1278e+42 8.3166e+42 6.279e+42 1.674e+42 2.0125e+42 2.9075e+40 1.624e+41 8.8612e+40 4.323e+42 1.0713e+40 2.634e+40 5.3349e+40 3.3483e+40 3.4369e+41 2.3245e+41
-3.5 0.1 1000.0 -1.4 6.5817e+42 2.4371e+42 4.0364e+42 1.215e+43 6.6082e+41 1.661e+42 7.3415e+42 4.9015e+42 1.3536e+42 1.6476e+42 2.1323e+40 6.8598e+40 4.1547e+40 3.282e+42 4.9115e+39 1.2075e+40 2.9167e+40 1.8504e+40 1.7465e+41 1.1826e+41
-3.5 0.1 1000.0 -1.7 3.5179e+42 1.8464e+42 2.1543e+42 6.4846e+42 3.3208e+41 1.0247e+42 5.5643e+42 3.0239e+42 8.6688e+41 1.0704e+42 1.6005e+40 2.4166e+40 1.8713e+40 1.8668e+42 1.325e+39 3.2567e+39 1.0239e+40 6.7793e+39 5.4509e+40 3.6977e+40
-3.5 0.1 1000.0 -2.0 1.7709e+42 1.3241e+42 1.0501e+42 3.1608e+42 1.5573e+41 5.9369e+41 4.0049e+42 1.752e+42 5.1022e+41 6.3928e+41 1.1073e+40 1.5219e+40 1.341e+40 9.5928e+41 3.4012e+38 8.3594e+38 3.3098e+39 2.4955e+39 1.564e+40 1.0639e+40
-3.5 0.1 10000.0 -1.2 7.9882e+42 2.8248e+42 8.1376e+42 2.4494e+43 1.7889e+42 2.8774e+42 8.3717e+42 8.4912e+42 8.781e+41 1.6742e+42 8.8221e+39 7.7822e+40 4.4086e+40 4.1581e+42 2.7202e+40 6.6918e+40 1.3501e+41 1.2318e+41 6.6587e+41 5.8295e+41
-3.5 0.1 10000.0 -1.4 6.0455e+42 2.5003e+42 6.1723e+42 1.8579e+43 1.2306e+42 2.3429e+42 7.3826e+42 6.9138e+42 7.0569e+41 1.3676e+42 6.9118e+39 3.7946e+40 2.4266e+40 3.1392e+42 1.4472e+40 3.5604e+40 8.2342e+40 7.5926e+40 3.8113e+41 3.357e+41
-3.5 0.1 10000.0 -1.7 3.6672e+42 1.8981e+42 3.4405e+42 1.0356e+43 6.6234e+41 1.5868e+42 5.5958e+42 4.6827e+42 4.7425e+41 9.3268e+41 2.5872e+39 1.598e+40 1.2845e+40 1.757e+42 4.5974e+39 1.1313e+40 3.1442e+40 2.9548e+40 1.3934e+41 1.2376e+41
-3.5 0.1 10000.0 -2.0 2.1473e+42 1.3621e+42 1.6571e+42 4.9877e+42 3.4415e+41 1.0375e+42 4.0207e+42 3.0617e+42 3.0707e+41 6.0936e+41 5.0879e+38 1.0462e+40 9.126e+39 8.7667e+41 1.2858e+39 3.1653e+39 1.0103e+40 9.7358e+39 4.6611e+40 4.1709e+40
-3.5 0.3 100.0 -1.2 1.1928e+43 2.4702e+42 4.0816e+42 1.2285e+43 1.6142e+42 2.5182e+42 7.456e+42 7.4312e+42 3.2133e+42 2.4318e+42 7.1472e+40 1.743e+41 9.6035e+40 4.2991e+42 7.8288e+39 1.9259e+40 1.8261e+40 1.0909e+40 2.6568e+41 1.7412e+41
-3.5 0.3 100.0 -1.4 8.5667e+42 2.1958e+42 2.8138e+42 8.4696e+42 1.0888e+42 1.9549e+42 6.6307e+42 5.7688e+42 2.5893e+42 1.9663e+42 4.934e+40 9.4255e+40 5.5667e+40 3.2768e+42 3.2947e+39 8.1039e+39 8.926e+39 5.3974e+39 1.3254e+41 8.6873e+40
-3.5 0.3 100.0 -1.7 4.673e+42 1.6702e+42 1.3543e+42 4.0765e+42 5.7363e+41 1.198e+42 5.0655e+42 3.5354e+42 1.6698e+42 1.2719e+42 3.1249e+40 4.0293e+40 2.8273e+40 1.8761e+42 7.6477e+38 1.8808e+39 2.5908e+39 1.6669e+39 4.0976e+40 2.6868e+40
-3.5 0.3 100.0 -2.0 2.4003e+42 1.1995e+42 5.7432e+41 1.7287e+42 2.8598e+41 6.8706e+41 3.6643e+42 2.0275e+42 9.9621e+41 7.6062e+41 2.1914e+40 2.267e+40 1.8564e+40 9.7159e+41 1.6723e+38 4.1119e+38 6.9067e+38 5.5725e+38 1.1958e+40 7.8514e+39
-3.5 0.3 1000.0 -1.2 1.3508e+43 2.5096e+42 5.7936e+42 1.7439e+43 1.9263e+42 2.957e+42 7.4763e+42 8.726e+42 2.6447e+42 2.9785e+42 4.509e+40 2.2877e+41 1.2377e+41 4.2594e+42 1.9101e+40 4.699e+40 4.3893e+40 2.7384e+40 5.1248e+41 3.4584e+41
-3.5 0.3 1000.0 -1.4 1.0121e+43 2.2294e+42 4.3477e+42 1.3087e+43 1.3066e+42 2.3647e+42 6.6327e+42 6.9782e+42 2.1357e+42 2.4564e+42 2.8026e+40 1.1341e+41 6.4982e+40 3.2389e+42 9.8344e+39 2.419e+40 2.6091e+40 1.6367e+40 2.9135e+41 1.9676e+41
-3.5 0.3 1000.0 -1.7 5.9227e+42 1.6976e+42 2.4583e+42 7.3994e+42 7.0019e+41 1.5297e+42 5.0574e+42 4.514e+42 1.4046e+42 1.6498e+42 1.8034e+40 3.6858e+40 2.5559e+40 1.8469e+42 3.1395e+39 7.7214e+39 1.0506e+40 6.7105e+39 1.0899e+41 7.3695e+40
-3.5 0.3 1000.0 -2.0 3.2941e+42 1.2222e+42 1.2773e+42 3.8446e+42 3.6236e+41 9.3795e+41 3.6535e+42 2.7679e+42 8.7093e+41 1.0384e+42 1.2058e+40 1.7613e+40 1.4875e+40 9.5188e+41 9.2415e+38 2.2727e+39 3.9361e+39 2.6398e+39 3.7369e+40 2.53e+40
-3.5 0.3 10000.0 -1.2 1.0225e+43 2.6292e+42 7.9653e+42 2.3975e+43 2.8985e+42 3.7286e+42 7.7174e+42 1.1003e+43 1.4264e+42 2.5281e+42 9.3148e+39 8.7365e+40 5.0147e+40 4.1477e+42 3.7933e+40 9.3354e+40 9.1455e+40 8.2282e+40 8.0703e+41 6.9771e+41
-3.5 0.3 10000.0 -1.4 7.9655e+42 2.3426e+42 6.1349e+42 1.8466e+43 1.9728e+42 3.0666e+42 6.8598e+42 9.0495e+42 1.1178e+42 2.0331e+42 7.1189e+39 4.2608e+40 2.7017e+40 3.1373e+42 2.0897e+40 5.1428e+40 5.7894e+40 5.2583e+40 4.8491e+41 4.2136e+41
-3.5 0.3 10000.0 -1.7 5.0393e+42 1.7942e+42 3.5052e+42 1.0551e+43 1.0825e+42 2.1165e+42 5.2515e+42 6.2459e+42 7.3221e+41 1.3705e+42 2.6316e+39 1.6803e+40 1.3175e+40 1.7603e+42 7.0115e+39 1.7259e+40 2.3763e+40 2.1918e+40 1.9286e+41 1.6867e+41
-3.5 0.3 10000.0 -2.0 3.0862e+42 1.2971e+42 1.7458e+42 5.2549e+42 5.9564e+41 1.4178e+42 3.8013e+42 4.1841e+42 4.7467e+41 9.0407e+41 5.1732e+38 1.0399e+40 8.8857e+39 8.8047e+41 2.1214e+39 5.2235e+39 8.5584e+39 8.0284e+39 7.171e+40 6.3064e+40
-3.5 0.5 100.0 -1.2 1.3904e+43 2.226e+42 4.2194e+42 1.27e+43 2.2303e+42 3.2506e+42 6.6331e+42 9.5926e+42 4.5161e+42 3.3821e+42 1.0464e+41 2.265e+41 1.3046e+41 4.1832e+42 1.693e+40 4.1672e+40 1.3759e+40 8.1786e+39 4.3511e+41 2.8512e+41
-3.5 0.5 100.0 -1.4 1.0463e+43 1.9832e+42 3.0855e+42 9.2874e+42 1.489e+42 2.582e+42 5.9123e+42 7.6196e+42 3.6488e+42 2.7456e+42 7.0075e+40 1.3444e+41 8.0195e+40 3.1925e+42 8.5343e+39 2.1005e+40 7.8344e+39 4.6742e+39 2.4848e+41 1.6283e+41
-3.5 0.5 100.0 -1.7 6.1236e+42 1.5116e+42 1.6496e+42 4.9654e+42 7.8138e+41 1.6474e+42 4.524e+42 4.8613e+42 2.3785e+42 1.799e+42 3.9968e+40 6.0091e+40 3.9723e+40 1.8296e+42 2.6705e+39 6.5721e+39 2.9327e+39 1.7763e+39 9.4716e+40 6.2077e+40
-3.5 0.5 100.0 -2.0 3.3859e+42 1.0872e+42 7.9622e+41 2.3966e+42 4.0923e+41 9.9167e+41 3.2729e+42 2.9264e+42 1.4607e+42 1.1086e+42 2.552e+40 3.072e+40 2.334e+40 9.4778e+41 7.9412e+38 1.9541e+39 1.0379e+39 6.58e+38 3.4037e+40 2.2314e+40
-3.5 0.5 1000.0 -1.2 1.4349e+43 2.2779e+42 5.4165e+42 1.6304e+43 2.5009e+42 3.6155e+42 6.718e+42 1.0669e+43 3.708e+42 3.9306e+42 7.1762e+40 2.8902e+41 1.6641e+41 4.1735e+42 3.14e+40 7.729e+40 2.4872e+40 1.545e+40 6.7536e+41 4.5505e+41
-3.5 0.5 1000.0 -1.4 1.1052e+43 2.0315e+42 4.1686e+42 1.2548e+43 1.6719e+42 2.9227e+42 5.9872e+42 8.6248e+42 2.9602e+42 3.2232e+42 4.1324e+40 1.6536e+41 9.7641e+40 3.18e+42 1.7796e+40 4.3802e+40 1.5867e+40 9.8844e+39 4.151e+41 2.7986e+41
-3.5 0.5 1000.0 -1.7 6.7269e+42 1.554e+42 2.4479e+42 7.3681e+42 8.7804e+41 1.9257e+42 4.5884e+42 5.6828e+42 1.92e+42 2.1561e+42 2.1462e+40 6.1423e+40 3.9853e+40 1.8191e+42 6.6009e+39 1.6245e+40 7.1203e+39 4.4712e+39 1.7482e+41 1.1796e+41
-3.5 0.5 1000.0 -2.0 3.8867e+42 1.1243e+42 1.3203e+42 3.974e+42 4.628e+41 1.2056e+42 3.3317e+42 3.5576e+42 1.19e+42 1.3656e+42 1.3363e+40 2.4349e+40 1.8875e+40 9.4038e+41 2.2117e+39 5.4426e+39 2.9792e+39 1.9057e+39 6.6876e+40 4.5168e+40
-3.5 0.5 10000.0 -1.2 1.0111e+43 2.4386e+42 7.0964e+42 2.136e+43 3.3568e+42 4.391e+42 7.117e+42 1.2958e+43 2.077e+42 3.4068e+42 1.0422e+40 1.1186e+41 6.26e+40 4.1153e+42 5.1535e+40 1.2688e+41 4.3433e+40 3.8527e+40 9.1147e+41 7.8058e+41
-3.5 0.5 10000.0 -1.4 8.0369e+42 2.1856e+42 5.5376e+42 1.6668e+43 2.2748e+42 3.6419e+42 6.3652e+42 1.0747e+43 1.6025e+42 2.7122e+42 7.5585e+39 5.4469e+40 3.2879e+40 3.1198e+42 2.9425e+40 7.2446e+40 2.8559e+40 2.5549e+40 5.6845e+41 4.8908e+41
-3.5 0.5 10000.0 -1.7 5.2261e+42 1.6884e+42 3.21e+42 9.662e+42 1.2329e+42 2.5451e+42 4.9168e+42 7.5106e+42 1.0275e+42 1.8061e+42 2.7176e+39 1.8886e+40 1.4024e+40 1.7562e+42 1.0189e+40 2.509e+40 1.2338e+40 1.1186e+40 2.3663e+41 2.0475e+41
-3.5 0.5 10000.0 -2.0 3.2836e+42 1.2301e+42 1.6175e+42 4.8687e+42 6.8189e+41 1.7278e+42 3.587e+42 5.0987e+42 6.5639e+41 1.1845e+42 5.2992e+38 1.039e+40 8.5824e+39 8.8108e+41 3.1316e+39 7.7129e+39 4.6754e+39 4.2945e+39 9.1657e+40 7.9657e+40
-3.0 0.1 100.0 -1.2 5.9799e+42 2.6216e+42 6.2495e+42 1.8811e+43 5.1704e+41 1.1425e+42 7.9757e+42 3.3715e+42 1.0902e+42 8.3753e+41 1.4312e+41 4.219e+41 2.2355e+41 4.9505e+42 1.098e+40 2.6875e+40 3.5929e+40 2.1733e+40 3.4763e+41 2.279e+41
-3.0 0.1 100.0 -1.4 3.8634e+42 2.2798e+42 3.8714e+42 1.1653e+43 3.1196e+41 8.2388e+41 6.9394e+42 2.4313e+42 8.3974e+41 6.475e+41 8.0653e+40 1.9157e+41 1.0639e+41 3.7124e+42 3.6253e+39 8.8642e+39 1.4142e+40 8.962e+39 1.343e+41 8.8084e+40
-3.0 0.1 100.0 -1.7 1.8251e+42 1.7116e+42 1.5133e+42 4.5549e+42 1.5057e+41 4.5556e+41 5.2547e+42 1.3443e+42 5.08e+41 3.9225e+41 3.9986e+40 6.2526e+40 4.0613e+40 2.0848e+42 5.9133e+38 1.4448e+39 2.8406e+39 2.4555e+39 2.7403e+40 1.8019e+40
-3.0 0.1 100.0 -2.0 8.1363e+41 1.2264e+42 5.0111e+41 1.5084e+42 6.8483e+40 2.335e+41 3.8111e+42 6.8907e+41 2.759e+41 2.1325e+41 2.556e+40 2.846e+40 2.3077e+40 1.0646e+42 1.065e+38 2.5989e+38 5.0709e+38 1.2268e+39 5.1471e+39 3.4341e+39
-3.0 0.1 1000.0 -1.2 7.7689e+42 2.692e+42 9.4488e+42 2.8441e+43 7.1678e+41 1.4742e+42 8.0727e+42 4.3505e+42 9.4058e+41 1.1269e+42 6.0374e+40 4.9279e+41 2.5938e+41 4.9003e+42 2.9375e+40 7.19e+40 9.5896e+40 6.0156e+40 7.8304e+41 5.2908e+41
-3.0 0.1 1000.0 -1.4 5.4562e+42 2.3447e+42 6.7467e+42 2.0308e+43 4.3996e+41 1.124e+42 7.0134e+42 3.3168e+42 7.4117e+41 9.1007e+41 2.9893e+40 1.8009e+41 9.9618e+40 3.6605e+42 1.274e+40 3.1161e+40 5.1073e+40 3.2511e+40 3.8214e+41 2.5853e+41
-3.0 0.1 1000.0 -1.7 2.9817e+42 1.7648e+42 3.5603e+42 1.0717e+43 2.2362e+41 6.9816e+41 5.2877e+42 2.0603e+42 4.8946e+41 6.0946e+41 1.9651e+40 4.2159e+40 2.8632e+40 2.0403e+42 3.1743e+39 7.758e+39 1.7733e+40 1.2014e+40 1.1367e+41 7.7059e+40
-3.0 0.1 1000.0 -2.0 1.5687e+42 1.2706e+42 1.7324e+42 5.2145e+42 1.0914e+41 4.1695e+41 3.8266e+42 1.2304e+42 3.0181e+41 3.7965e+41 1.4274e+40 1.9853e+40 1.6378e+40 1.031e+42 7.6178e+38 1.8613e+39 5.8345e+39 4.7655e+39 3.1574e+40 2.1475e+40
-3.0 0.1 10000.0 -1.2 7.26e+42 2.9131e+42 1.2783e+43 3.8477e+43 1.6383e+42 2.3883e+42 8.6125e+42 7.0479e+42 6.4152e+41 1.1891e+42 1.2517e+40 1.5053e+41 8.2089e+40 4.6689e+42 5.1698e+40 1.2688e+41 2.2603e+41 2.0516e+41 1.1516e+42 1.0053e+42
-3.0 0.1 10000.0 -1.4 5.4518e+42 2.5387e+42 9.4599e+42 2.8474e+43 9.721e+41 1.8966e+42 7.4771e+42 5.5968e+42 4.8597e+41 9.3174e+41 1.0654e+40 6.2472e+40 3.747e+40 3.4776e+42 2.5587e+40 6.281e+40 1.3378e+41 1.2297e+41 6.2342e+41 5.4791e+41
-3.0 0.1 10000.0 -1.7 3.423e+42 1.9114e+42 5.0583e+42 1.5226e+43 5.0173e+41 1.3325e+42 5.6244e+42 3.9322e+42 3.3101e+41 6.5483e+41 4.8607e+39 1.9936e+40 1.5404e+40 1.9139e+42 7.3327e+39 1.8014e+40 4.8401e+40 4.5493e+40 2.107e+41 1.8684e+41
-3.0 0.1 10000.0 -2.0 2.1227e+42 1.3703e+42 2.3302e+42 7.0138e+42 2.7591e+41 9.3946e+41 4.0399e+42 2.7723e+42 2.3451e+41 4.6941e+41 9.5739e+38 1.1604e+40 1.0173e+40 9.4355e+41 1.8997e+39 4.6721e+39 1.4695e+40 1.4209e+40 6.6371e+40 5.9313e+40
-3.0 0.3 100.0 -1.2 9.2123e+42 2.1039e+42 6.7661e+42 2.0366e+43 1.3017e+42 1.6419e+42 6.2976e+42 4.8452e+42 1.6952e+42 1.278e+42 2.1728e+41 4.7765e+41 2.7048e+41 4.6307e+42 2.705e+40 6.6341e+40 3.9782e+40 2.373e+40 6.4781e+41 4.2457e+41
-3.0 0.3 100.0 -1.4 6.3769e+42 1.8239e+42 4.6394e+42 1.3965e+43 6.9923e+41 1.2019e+42 5.4622e+42 3.547e+42 1.2827e+42 9.7504e+41 1.2537e+41 2.5014e+41 1.4456e+41 3.4894e+42 1.1297e+40 2.7693e+40 1.9372e+40 1.1688e+40 3.1217e+41 2.0462e+41
-3.0 0.3 100.0 -1.7 3.4221e+42 1.3663e+42 2.2173e+42 6.6741e+42 3.1663e+41 7.125e+41 4.1165e+42 2.1026e+42 7.9932e+41 6.1177e+41 5.6803e+40 9.0692e+40 5.6883e+40 1.9708e+42 2.6577e+39 6.5096e+39 5.6634e+39 3.6381e+39 9.2908e+40 6.0926e+40
-3.0 0.3 100.0 -2.0 1.7727e+42 9.8222e+41 9.3965e+41 2.8283e+42 1.6244e+41 4.0712e+41 2.9892e+42 1.2014e+42 4.8322e+41 3.704e+41 3.1215e+40 3.7916e+40 2.7882e+40 1.0104e+42 6.1354e+38 1.5012e+39 1.5829e+39 1.2874e+39 2.7041e+40 1.7759e+40
-3.0 0.3 1000.0 -1.2 1.0078e+43 2.2407e+42 9.1351e+42 2.7497e+43 1.558e+42 1.9374e+42 6.6321e+42 5.7173e+42 1.4529e+42 1.5867e+42 1.1763e+41 5.9139e+41 3.2233e+41 4.6933e+42 5.2696e+40 1.2923e+41 7.5633e+40 4.7099e+40 1.0935e+42 7.374e+41
-3.0 0.3 1000.0 -1.4 7.2914e+42 1.9556e+42 6.7897e+42 2.0437e+43 8.4819e+41 1.4626e+42 5.7817e+42 4.3161e+42 1.0854e+42 1.2382e+42 5.1388e+40 2.7944e+41 1.5479e+41 3.5281e+42 2.6003e+40 6.3737e+40 4.4149e+40 2.7679e+40 5.9846e+41 4.0395e+41
-3.0 0.3 1000.0 -1.7 4.2064e+42 1.485e+42 3.8124e+42 1.1475e+43 3.8637e+41 9.2103e+41 4.4023e+42 2.718e+42 6.8422e+41 8.1379e+41 2.314e+40 7.1029e+40 4.4464e+40 1.986e+42 7.7269e+39 1.8927e+40 1.7697e+40 1.137e+40 2.1164e+41 1.4305e+41
-3.0 0.3 1000.0 -2.0 2.3691e+42 1.0832e+42 1.9789e+42 5.9566e+42 2.0238e+41 5.7142e+41 3.2279e+42 1.6863e+42 4.3504e+41 5.2586e+41 1.5644e+40 2.4034e+40 1.8862e+40 1.0129e+42 2.0978e+39 5.1367e+39 6.7632e+39 4.6563e+39 6.855e+40 4.6409e+40
-3.0 0.3 10000.0 -1.2 8.7297e+42 2.6275e+42 1.2148e+43 3.6567e+43 2.8289e+42 3.0738e+42 7.6967e+42 9.0707e+42 1.0764e+42 1.8243e+42 1.3517e+40 1.632e+41 9.4075e+40 4.635e+42 7.16e+40 1.7589e+41 1.463e+41 1.3095e+41 1.32e+42 1.1395e+42
-3.0 0.3 10000.0 -1.4 6.6745e+42 2.3144e+42 9.138e+42 2.7505e+43 1.6575e+42 2.4266e+42 6.765e+42 7.1609e+42 7.8616e+41 1.3882e+42 1.0982e+40 6.9621e+40 4.3008e+40 3.4641e+42 3.6671e+40 9.0098e+40 8.9853e+40 8.1344e+40 7.4669e+41 6.4853e+41
-3.0 0.3 10000.0 -1.7 4.3302e+42 1.7721e+42 5.0154e+42 1.5096e+43 7.9896e+41 1.6999e+42 5.1816e+42 5.0163e+42 5.0452e+41 9.3687e+41 4.8941e+39 2.1373e+40 1.6176e+40 1.9142e+42 1.1035e+40 2.7128e+40 3.4788e+40 3.2075e+40 2.73e+41 2.388e+41
-3.0 0.3 10000.0 -2.0 2.8028e+42 1.289e+42 2.3931e+42 7.2033e+42 4.4014e+41 1.2177e+42 3.7766e+42 3.5934e+42 3.45e+41 6.6042e+41 9.6333e+38 1.1649e+40 1.0035e+40 9.4633e+41 3.0686e+39 7.55e+39 1.1758e+40 1.1053e+40 9.5335e+40 8.3852e+40
-3.0 0.5 100.0 -1.2 9.9273e+42 1.7085e+42 6.3272e+42 1.9045e+43 1.8963e+42 2.0249e+42 5.0487e+42 5.9755e+42 2.3205e+42 1.7241e+42 3.3646e+41 5.665e+41 3.6889e+41 4.316e+42 5.4301e+40 1.3342e+41 2.6797e+40 1.5913e+40 9.728e+41 6.3746e+41
-3.0 0.5 100.0 -1.4 7.1089e+42 1.4745e+42 4.6428e+42 1.3975e+43 1.0498e+42 1.4916e+42 4.3542e+42 4.4017e+42 1.7381e+42 1.3033e+42 2.0039e+41 3.2766e+41 2.1354e+41 3.2701e+42 2.7031e+40 6.6394e+40 1.5135e+40 9.0175e+39 5.3784e+41 3.5246e+41
-3.0 0.5 100.0 -1.7 3.9941e+42 1.1014e+42 2.4922e+42 7.5015e+42 4.2511e+41 8.9651e+41 3.2673e+42 2.6456e+42 1.0616e+42 8.043e+41 8.7752e+40 1.3399e+41 8.9478e+40 1.8609e+42 8.3287e+39 2.0446e+40 5.5586e+39 3.3617e+39 1.962e+41 1.2859e+41
-3.0 0.5 100.0 -2.0 2.1801e+42 7.9179e+41 1.2088e+42 3.6385e+42 2.0023e+41 5.2881e+41 2.3676e+42 1.5605e+42 6.3777e+41 4.8593e+41 4.2075e+40 5.777e+40 4.1313e+40 9.6012e+41 2.4945e+39 6.1204e+39 1.9589e+39 1.2458e+39 6.9198e+40 4.537e+40
-3.0 0.5 1000.0 -1.2 1.0186e+43 1.8774e+42 8.0237e+42 2.4151e+43 2.1389e+42 2.3084e+42 5.4998e+42 6.8121e+42 2.0579e+42 2.0801e+42 2.1469e+41 6.7531e+41 4.4626e+41 4.4787e+42 8.4586e+40 2.078e+41 4.0928e+40 2.5364e+40 1.3804e+42 9.2932e+41
-3.0 0.5 1000.0 -1.4 7.5145e+42 1.6414e+42 6.1822e+42 1.8608e+43 1.1959e+42 1.7434e+42 4.8017e+42 5.1449e+42 1.5016e+42 1.5926e+42 9.8071e+40 3.7431e+41 2.4594e+41 3.3876e+42 4.66e+40 1.1444e+41 2.5827e+40 1.606e+40 8.2466e+41 5.5565e+41
-3.0 0.5 1000.0 -1.7 4.4557e+42 1.2558e+42 3.6584e+42 1.1012e+43 4.9687e+41 1.0994e+42 3.6843e+42 3.2444e+42 9.1094e+41 1.0218e+42 3.2052e+40 1.2536e+41 8.2994e+40 1.9253e+42 1.6458e+40 4.0398e+40 1.1616e+40 7.2965e+39 3.3361e+41 2.2504e+41
-3.0 0.5 1000.0 -2.0 2.5863e+42 9.2774e+41 1.9946e+42 6.0037e+42 2.3969e+41 6.9073e+41 2.7369e+42 2.0383e+42 5.6196e+41 6.519e+41 1.7645e+40 3.8739e+40 2.8656e+40 9.9108e+41 5.1481e+39 1.2633e+40 4.9858e+39 3.2109e+39 1.2132e+41 8.1935e+40
-3.0 0.5 10000.0 -1.2 8.4225e+42 2.3639e+42 1.0657e+43 3.2076e+43 3.3006e+42 3.584e+42 6.8813e+42 1.0576e+43 1.5907e+42 2.4755e+42 1.599e+40 2.1936e+41 1.2479e+41 4.5778e+42 9.7855e+40 2.4063e+41 6.7812e+40 5.9811e+40 1.4695e+42 1.2565e+42
-3.0 0.5 10000.0 -1.4 6.565e+42 2.1032e+42 8.1485e+42 2.4527e+43 1.9848e+42 2.8621e+42 6.1096e+42 8.4461e+42 1.1397e+42 1.8606e+42 1.179e+40 9.5152e+40 5.6076e+40 3.4329e+42 5.2115e+40 1.2816e+41 4.3382e+40 3.8662e+40 8.6254e+41 7.4195e+41
-3.0 0.5 10000.0 -1.7 4.36e+42 1.6363e+42 4.5527e+42 1.3704e+43 9.492e+41 2.0197e+42 4.758e+42 5.96e+42 7.1901e+41 1.2421e+42 5.0162e+39 2.5353e+40 1.8017e+40 1.9062e+42 1.6144e+40 3.9716e+40 1.766e+40 1.5996e+40 3.2773e+41 2.8386e+41
-3.0 0.5 10000.0 -2.0 2.8896e+42 1.2078e+42 2.2006e+42 6.6239e+42 5.1079e+41 1.4572e+42 3.5206e+42 4.3002e+42 4.8357e+41 8.6752e+41 9.7803e+38 1.1879e+40 9.9152e+39 9.456e+41 4.5315e+39 1.1155e+40 6.2505e+39 5.7487e+39 1.1854e+41 1.0315e+41
-4.5 0.1 100.0 -1.2 2.1925e+42 2.4792e+42 3.7981e+41 1.1432e+42 3.9735e+41 9.8447e+41 7.7693e+42 2.9052e+42 2.0247e+42 1.5363e+42 9.998e+39 1.4521e+40 1.0712e+40 1.8916e+42 2.4772e+38 6.1047e+38 1.4504e+39 8.717e+38 9.5034e+39 6.2317e+39
-4.5 0.1 100.0 -1.4 1.4197e+42 2.2971e+42 2.5277e+41 7.6084e+41 2.5806e+41 7.3067e+41 7.212e+42 2.1562e+42 1.5311e+42 1.1663e+42 9.9992e+39 1.2975e+40 1.039e+40 1.455e+42 8.8649e+37 2.1846e+38 6.1677e+38 3.7986e+38 3.8384e+39 2.5181e+39
-4.5 0.1 100.0 -1.7 6.4159e+41 1.8136e+42 1.124e+41 3.3833e+41 1.16e+41 4.0213e+41 5.7126e+42 1.1867e+42 8.6004e+41 6.593e+41 8.6711e+39 1.1718e+40 9.8273e+39 8.386e+41 1.4518e+37 3.5776e+37 1.2948e+38 9.3302e+37 7.4864e+38 4.9237e+38
-4.5 0.1 100.0 -2.0 2.678e+41 1.3276e+42 4.2442e+40 1.2775e+41 4.6894e+40 1.9979e+41 4.1991e+42 5.8957e+41 4.3397e+41 3.3493e+41 6.1785e+39 1.0094e+40 8.6079e+39 4.3443e+41 2.1039e+36 5.1848e+36 2.0158e+37 2.9783e+37 1.1009e+38 7.3613e+37
-4.5 0.1 1000.0 -1.2 4.5087e+42 2.4891e+42 6.542e+41 1.9691e+42 8.4753e+41 1.66e+42 7.6397e+42 4.8986e+42 2.3642e+42 2.7567e+42 7.439e+39 1.6496e+40 1.1728e+40 1.8838e+42 8.897e+38 2.1925e+39 5.3914e+39 3.3776e+39 3.1663e+40 2.1432e+40
-4.5 0.1 1000.0 -1.4 3.2845e+42 2.3003e+42 4.9238e+41 1.4821e+42 5.9467e+41 1.3283e+42 7.0583e+42 3.9198e+42 1.8866e+42 2.2318e+42 6.4793e+39 1.314e+40 1.0441e+40 1.4469e+42 4.5153e+38 1.1127e+39 3.1182e+39 1.9662e+39 1.7327e+40 1.174e+40
-4.5 0.1 1000.0 -1.7 1.7845e+42 1.8134e+42 2.7442e+41 8.2601e+41 3.049e+41 8.3035e+41 5.576e+42 2.4504e+42 1.1656e+42 1.409e+42 3.7569e+39 1.0722e+40 9.1355e+39 8.3294e+41 1.4048e+38 3.462e+38 1.1691e+39 7.5397e+38 6.0142e+39 4.0817e+39
-4.5 0.1 1000.0 -2.0 8.9018e+41 1.3253e+42 1.3733e+41 4.1335e+41 1.4351e+41 4.7613e+41 4.0898e+42 1.4051e+42 6.5843e+41 8.1272e+41 1.4719e+39 9.0335e+39 7.7054e+39 4.3062e+41 4.0064e+37 9.8732e+37 3.9307e+38 2.7033e+38 1.8907e+39 1.2858e+39
-4.5 0.1 10000.0 -1.2 4.8741e+42 2.5022e+42 9.7805e+41 2.9439e+42 1.97e+42 2.4762e+42 7.4832e+42 7.3072e+42 1.5403e+42 2.8752e+42 6.9783e+38 1.0962e+40 7.7256e+39 1.8555e+42 2.402e+39 5.9196e+39 1.4293e+40 1.3072e+40 7.7198e+40 6.7725e+40
-4.5 0.1 10000.0 -1.4 3.7836e+42 2.3129e+42 7.6594e+41 2.3055e+42 1.4562e+42 2.0641e+42 6.9086e+42 6.0911e+42 1.251e+42 2.3577e+42 4.4153e+38 9.2124e+39 6.8865e+39 1.4185e+42 1.3891e+39 3.4234e+39 9.0917e+39 8.3875e+39 4.7493e+40 4.1902e+40
-4.5 0.1 10000.0 -1.7 2.2799e+42 1.8198e+42 4.4469e+41 1.3385e+42 8.1436e+41 1.3812e+42 5.4364e+42 4.0759e+42 7.9928e+41 1.5286e+42 1.3483e+38 7.0365e+39 5.1483e+39 8.0549e+41 5.0008e+38 1.2324e+39 3.7594e+39 3.5198e+39 1.9441e+40 1.7289e+40
-4.5 0.1 10000.0 -2.0 1.2749e+42 1.3289e+42 2.2333e+41 6.7223e+41 4.2244e+41 8.5574e+41 3.9761e+42 2.5253e+42 4.7166e+41 9.1514e+41 2.6808e+37 4.7351e+39 3.0265e+39 4.0585e+41 1.544e+38 3.8053e+38 1.3229e+39 1.2622e+39 7.1596e+39 6.413e+39
-4.5 0.3 100.0 -1.2 8.6095e+42 2.369e+42 5.6678e+41 1.706e+42 2.1224e+42 2.6692e+42 7.2018e+42 7.8768e+42 6.4351e+42 4.7855e+42 1.1023e+40 1.697e+40 1.1739e+40 1.9168e+42 6.6574e+38 1.6407e+39 2.0983e+39 1.2504e+39 3.0623e+40 2.0068e+40
-4.5 0.3 100.0 -1.4 6.5945e+42 2.2017e+42 4.1996e+41 1.2641e+42 1.5595e+42 2.1949e+42 6.6991e+42 6.4771e+42 5.3141e+42 3.9637e+42 1.0778e+40 1.4415e+40 1.0929e+40 1.4756e+42 3.1e+38 7.6397e+38 1.108e+39 6.6461e+38 1.6615e+40 1.089e+40
-4.5 0.3 100.0 -1.7 3.8652e+42 1.744e+42 2.2691e+41 6.8301e+41 8.5462e+41 1.432e+42 5.3222e+42 4.2258e+42 3.4596e+42 2.5928e+42 9.2763e+39 1.2346e+40 1.0052e+40 8.5284e+41 8.2381e+37 2.0302e+38 3.5554e+38 2.1969e+38 5.6848e+39 3.7269e+39
-4.5 0.3 100.0 -2.0 2.0841e+42 1.2795e+42 1.0916e+41 3.2856e+41 4.2916e+41 8.6034e+41 3.9205e+42 2.5389e+42 2.0632e+42 1.554e+42 6.7471e+39 1.0745e+40 8.9601e+39 4.4341e+41 1.9526e+37 4.8119e+37 1.0099e+38 6.9236e+37 1.7658e+39 1.1585e+39
-4.5 0.3 1000.0 -1.2 1.061e+43 2.3753e+42 7.7247e+41 2.3251e+42 2.8569e+42 3.2352e+42 7.1268e+42 9.547e+42 5.8196e+42 6.2135e+42 8.2789e+39 1.9924e+40 1.3245e+40 1.9042e+42 1.6176e+39 3.9866e+39 5.2923e+39 3.2996e+39 6.281e+40 4.2372e+40
-4.5 0.3 1000.0 -1.4 8.4405e+42 2.2051e+42 6.0459e+41 1.8198e+42 2.1496e+42 2.7227e+42 6.6158e+42 8.0346e+42 4.8421e+42 5.2443e+42 7.0371e+39 1.5379e+40 1.1374e+40 1.4643e+42 9.0672e+38 2.2346e+39 3.3148e+39 2.0737e+39 3.855e+40 2.6024e+40
-4.5 0.3 1000.0 -1.7 5.247e+42 1.7451e+42 3.588e+41 1.08e+42 1.2248e+42 1.8428e+42 5.2441e+42 5.4382e+42 3.1961e+42 3.5385e+42 4.0599e+39 1.1515e+40 9.3878e+39 8.4461e+41 3.2823e+38 8.089e+38 1.4205e+39 8.972e+38 1.6053e+40 1.0849e+40
-4.5 0.3 1000.0 -2.0 3.0203e+42 1.2795e+42 1.9218e+41 5.7847e+41 6.4331e+41 1.1537e+42 3.8555e+42 3.4045e+42 1.9413e+42 2.1979e+42 1.5791e+39 9.2101e+39 7.6155e+39 4.3767e+41 1.0852e+38 2.6744e+38 5.5545e+38 3.5884e+38 6.1264e+39 4.1452e+39
-4.5 0.3 10000.0 -1.2 8.6887e+42 2.3883e+42 1.044e+42 3.1424e+42 4.4905e+42 3.9457e+42 7.0355e+42 1.1644e+43 3.2681e+42 5.6382e+42 7.257e+38 1.1349e+40 7.5972e+39 1.8694e+42 3.6067e+39 8.8886e+39 1.2191e+40 1.0967e+40 1.2458e+41 1.07e+41
-4.5 0.3 10000.0 -1.4 7.0591e+42 2.214e+42 8.3345e+41 2.5087e+42 3.4474e+42 3.3729e+42 6.5159e+42 9.9535e+42 2.6991e+42 4.7103e+42 4.5474e+38 9.1291e+39 6.4507e+39 1.4313e+42 2.182e+39 5.3776e+39 8.1538e+39 7.3898e+39 8.1544e+40 7.0366e+40
-4.5 0.3 10000.0 -1.7 4.5497e+42 1.751e+42 4.9938e+41 1.5031e+42 2.037e+42 2.3448e+42 5.1557e+42 6.9195e+42 1.7701e+42 3.1447e+42 1.3796e+38 6.5112e+39 4.4425e+39 8.1471e+41 8.5013e+38 2.0952e+39 3.7382e+39 3.4264e+39 3.7164e+40 3.228e+40
-4.5 0.3 10000.0 -2.0 2.724e+42 1.283e+42 2.6101e+41 7.8564e+41 1.1151e+42 1.5111e+42 3.7831e+42 4.4594e+42 1.0721e+42 1.9405e+42 2.7425e+37 4.0538e+39 2.4424e+39 4.1176e+41 2.9265e+38 7.2125e+38 1.5328e+39 1.4213e+39 1.5569e+40 1.3604e+40
-4.5 0.5 100.0 -1.2 1.3283e+43 2.2466e+42 6.0959e+41 1.8349e+42 4.1226e+42 4.1778e+42 6.7201e+42 1.2329e+43 1.1401e+43 8.3886e+42 1.244e+40 1.9747e+40 1.2814e+40 1.915e+42 1.4123e+39 3.4807e+39 1.8833e+39 1.1184e+39 6.4961e+40 4.2557e+40
-4.5 0.5 100.0 -1.4 1.0787e+43 2.0953e+42 4.7245e+41 1.4221e+42 3.1897e+42 3.5473e+42 6.272e+42 1.0468e+43 9.6347e+42 7.1088e+42 1.1789e+40 1.629e+40 1.1523e+40 1.4752e+42 7.6956e+38 1.8966e+39 1.1601e+39 6.9023e+38 4.0663e+40 2.664e+40
-4.5 0.5 100.0 -1.7 6.9274e+42 1.6674e+42 2.7517e+41 8.2827e+41 1.8798e+42 2.4362e+42 5.0035e+42 7.1893e+42 6.5272e+42 4.8363e+42 9.9138e+39 1.3079e+40 1.0096e+40 8.5363e+41 2.6659e+38 6.57e+38 4.8638e+38 2.9134e+38 1.7534e+40 1.1488e+40
-4.5 0.5 100.0 -2.0 4.1172e+42 1.2273e+42 1.4426e+41 4.3423e+41 1.018e+42 1.5475e+42 3.6948e+42 4.5666e+42 4.0726e+42 3.0308e+42 7.2411e+39 1.1062e+40 8.8669e+39 4.4421e+41 8.4891e+37 2.0921e+38 1.8921e+38 1.1535e+38 6.9618e+39 4.5619e+39
-4.5 0.5 1000.0 -1.2 1.3883e+43 2.2542e+42 7.4659e+41 2.2472e+42 4.7108e+42 4.5742e+42 6.6796e+42 1.3498e+43 9.7676e+42 9.7849e+42 9.4734e+39 2.315e+40 1.454e+40 1.9014e+42 2.5877e+39 6.3774e+39 3.3959e+39 2.1082e+39 9.792e+40 6.5875e+40
-4.5 0.5 1000.0 -1.4 1.1419e+43 2.1013e+42 5.9603e+41 1.7941e+42 3.6827e+42 3.9189e+42 6.2271e+42 1.1565e+43 8.2117e+42 8.3463e+42 7.7971e+39 1.7896e+40 1.2287e+40 1.4636e+42 1.5616e+39 3.8485e+39 2.2724e+39 1.4134e+39 6.4389e+40 4.3338e+40
-4.5 0.5 1000.0 -1.7 7.4822e+42 1.6705e+42 3.6426e+41 1.0964e+42 2.2146e+42 2.73e+42 4.9583e+42 8.0563e+42 5.5277e+42 5.7428e+42 4.4309e+39 1.2559e+40 9.5768e+39 8.4558e+41 6.2962e+38 1.5517e+39 1.0805e+39 6.7502e+38 2.9816e+40 2.0084e+40
-4.5 0.5 1000.0 -2.0 4.5414e+42 1.2291e+42 2.0107e+41 6.0522e+41 1.2186e+42 1.7603e+42 3.657e+42 5.1947e+42 3.4313e+42 3.6449e+42 1.7262e+39 9.3795e+39 7.3644e+39 4.39e+41 2.2992e+38 5.6664e+38 4.7282e+38 2.9794e+38 1.2647e+40 8.5263e+39
-4.5 0.5 10000.0 -1.2 1.0101e+43 2.268e+42 9.4966e+41 2.8585e+42 5.9448e+42 5.132e+42 6.6309e+42 1.5144e+43 5.3374e+42 8.4686e+42 7.8202e+38 1.2045e+40 7.5076e+39 1.8663e+42 4.8601e+39 1.1978e+40 6.6028e+39 5.8389e+39 1.6197e+41 1.3691e+41
-4.5 0.5 10000.0 -1.4 8.4212e+42 2.1111e+42 7.6697e+41 2.3086e+42 4.7044e+42 4.4504e+42 6.1654e+42 1.3133e+43 4.4216e+42 7.1154e+42 4.7939e+38 9.1374e+39 5.9379e+39 1.4308e+42 3.0398e+39 7.4916e+39 4.6082e+39 4.1005e+39 1.1052e+41 9.3762e+40
-4.5 0.5 10000.0 -1.7 5.6281e+42 1.6771e+42 4.6656e+41 1.4044e+42 2.9114e+42 3.1572e+42 4.8986e+42 9.3168e+42 2.9216e+42 4.8022e+42 1.4298e+38 5.8267e+39 3.6446e+39 8.1648e+41 1.2319e+39 3.0362e+39 2.2621e+39 2.0309e+39 5.3438e+40 4.5568e+40
-4.5 0.5 10000.0 -2.0 3.4837e+42 1.233e+42 2.474e+41 7.4466e+41 1.6637e+42 2.0733e+42 3.6057e+42 6.1182e+42 1.7855e+42 2.9992e+42 2.8211e+37 3.2494e+39 1.8532e+39 4.137e+41 4.391e+38 1.0822e+39 1.0021e+39 9.0708e+38 2.3676e+40 2.0287e+40
-1.5 0.1 100.0 -1.2 1.2447e+42 8.3299e+41 5.7934e+42 1.7438e+43 4.0629e+41 2.2764e+41 2.3973e+42 6.7176e+41 2.341e+41 1.7133e+41 8.3561e+41 1.578e+42 8.703e+41 4.0069e+42 1.1054e+41 2.6219e+41 7.0724e+40 4.2253e+40 9.6008e+41 6.2904e+41
-1.5 0.1 100.0 -1.4 6.5181e+41 7.4493e+41 4.7426e+42 1.4275e+43 1.1171e+41 1.0209e+41 2.1472e+42 3.0126e+41 1.257e+41 9.3688e+40 4.3447e+41 8.7469e+41 4.8947e+41 3.0917e+42 5.3108e+40 1.2422e+41 3.6039e+40 2.1964e+40 4.8573e+41 3.1833e+41
-1.5 0.1 100.0 -1.7 3.4592e+41 6.4823e+41 3.0019e+42 9.0356e+42 1.5475e+40 4.6783e+40 1.896e+42 1.3806e+41 5.7399e+40 4.4364e+40 1.3005e+41 3.1566e+41 1.6953e+41 1.8558e+42 1.404e+40 3.2237e+40 1.2311e+40 8.451e+39 1.5445e+41 1.0135e+41
-1.5 0.1 100.0 -2.0 2.2401e+41 5.7121e+41 1.5792e+42 4.7534e+42 8.8042e+39 3.1636e+40 1.7059e+42 9.3359e+40 3.9714e+40 3.0817e+40 3.4083e+40 7.4281e+40 4.6969e+40 1.0211e+42 3.2753e+39 7.4232e+39 4.4024e+39 4.4792e+39 4.3986e+40 2.9066e+40
-1.5 0.1 1000.0 -1.2 2.8388e+42 1.9457e+42 1.5714e+43 4.7301e+43 8.672e+41 6.0233e+41 5.6507e+42 1.7775e+42 4.9788e+41 4.9083e+41 2.1194e+41 2.137e+42 1.0218e+42 5.3176e+42 1.7289e+41 4.0954e+41 1.5744e+41 9.8659e+40 2.1138e+42 1.4236e+42
-1.5 0.1 1000.0 -1.4 1.8779e+42 1.7883e+42 1.1367e+43 3.4214e+43 2.7299e+41 3.3188e+41 5.229e+42 9.7937e+41 2.7013e+41 2.9048e+41 5.9259e+40 7.1836e+41 3.5085e+41 3.8935e+42 6.6615e+40 1.5747e+41 8.7918e+40 5.6273e+40 1.0192e+42 6.8774e+41
-1.5 0.1 1000.0 -1.7 1.2272e+42 1.4699e+42 5.8825e+42 1.7706e+43 6.7051e+40 2.0152e+41 4.3485e+42 5.9468e+41 1.3851e+41 1.707e+41 2.5255e+40 9.8969e+40 5.6625e+40 2.1276e+42 1.2346e+40 2.9262e+40 3.3907e+40 2.3538e+40 2.7474e+41 1.8601e+41
-1.5 0.1 1000.0 -2.0 8.3206e+41 1.1359e+42 2.76e+42 8.3075e+42 4.2829e+40 1.5541e+41 3.393e+42 4.5861e+41 1.0498e+41 1.3258e+41 1.7555e+40 2.8077e+40 2.1448e+40 1.0588e+42 2.2667e+39 5.4105e+39 1.1797e+40 1.0115e+40 6.8051e+40 4.628e+40
-1.5 0.1 10000.0 -1.2 6.7321e+42 2.9858e+42 1.6184e+43 4.8712e+43 2.4352e+42 2.385e+42 8.7734e+42 7.0382e+42 7.3764e+41 1.2578e+42 1.4641e+40 2.0454e+41 1.1119e+41 4.8892e+42 7.4662e+40 1.828e+41 2.9612e+41 2.6762e+41 1.557e+42 1.3545e+42
-1.5 0.1 10000.0 -1.4 4.9045e+42 2.5876e+42 1.1622e+43 3.4982e+43 1.0881e+42 1.6817e+42 7.5999e+42 4.9628e+42 4.5527e+41 8.2785e+41 1.2451e+40 7.9123e+40 4.6881e+40 3.5954e+42 3.4592e+40 8.4724e+40 1.7003e+41 1.5588e+41 7.9945e+41 7.011e+41
-1.5 0.1 10000.0 -1.7 3.1964e+42 1.936e+42 5.9316e+42 1.7854e+43 4.3919e+41 1.1777e+42 5.6883e+42 3.4754e+42 2.7939e+41 5.4669e+41 6.0697e+39 2.2979e+40 1.7233e+40 1.9477e+42 9.1096e+39 2.2351e+40 5.8519e+40 5.497e+40 2.5369e+41 2.2464e+41
-1.5 0.1 10000.0 -2.0 2.0839e+42 1.3778e+42 2.6147e+42 7.8702e+42 2.4737e+41 8.8532e+41 4.0568e+42 2.6126e+42 2.0671e+41 4.1458e+41 1.1746e+39 1.2529e+40 1.09e+40 9.4852e+41 2.2145e+39 5.4435e+39 1.692e+40 1.637e+40 7.6192e+40 6.8014e+40
-1.5 0.3 100.0 -1.2 2.7939e+42 4.7654e+41 2.5144e+42 7.5684e+42 1.1555e+42 5.6654e+41 1.4327e+42 1.6719e+42 4.0976e+41 2.9339e+41 9.9086e+41 9.5618e+41 6.4984e+41 2.4044e+42 1.3327e+41 3.2443e+41 4.0259e+40 2.3848e+40 1.2757e+42 8.3554e+41
-1.5 0.3 100.0 -1.4 1.4429e+42 3.7048e+41 2.3196e+42 6.9819e+42 6.1148e+41 2.9651e+41 1.0773e+42 8.7501e+41 2.485e+41 1.7861e+41 5.9336e+41 6.6784e+41 4.4416e+41 1.993e+42 8.7116e+40 2.1135e+41 2.919e+40 1.7319e+40 8.0156e+41 5.2507e+41
-1.5 0.3 100.0 -1.7 5.2072e+41 2.868e+41 1.9005e+42 5.7205e+42 1.6406e+41 9.5866e+40 8.2016e+41 2.829e+41 1.0828e+41 7.911e+40 2.2045e+41 3.1289e+41 2.0451e+41 1.354e+42 3.5547e+40 8.5495e+40 1.3018e+40 7.8207e+39 3.2111e+41 2.104e+41
-1.5 0.3 100.0 -2.0 2.6131e+41 2.5548e+41 1.342e+42 4.0394e+42 2.5678e+40 3.9582e+40 7.4019e+41 1.1681e+41 4.9325e+40 3.7283e+40 6.1587e+40 1.0839e+41 7.0543e+40 8.2669e+41 1.0061e+40 2.3925e+40 4.8919e+39 3.1778e+39 1.0701e+41 7.017e+40
-1.5 0.3 1000.0 -1.2 4.3297e+42 1.2875e+42 1.1257e+43 3.3885e+43 2.0921e+42 1.0073e+42 3.7201e+42 2.9724e+42 9.1666e+41 8.2176e+41 4.1976e+41 1.4682e+42 7.6818e+41 4.6798e+42 2.5667e+41 6.2052e+41 1.0607e+41 6.5632e+40 2.6284e+42 1.7659e+42
-1.5 0.3 1000.0 -1.4 2.6559e+42 1.1721e+42 9.0465e+42 2.723e+43 9.7297e+41 5.7375e+41 3.3843e+42 1.6931e+42 5.437e+41 5.0938e+41 1.3947e+41 7.1645e+41 3.5975e+41 3.5464e+42 1.179e+41 2.8431e+41 6.4425e+40 4.0191e+40 1.4104e+42 9.4933e+41
-1.5 0.3 1000.0 -1.7 1.541e+42 1.0064e+42 5.3801e+42 1.6194e+43 2.2443e+41 2.8446e+41 2.9373e+42 8.3944e+41 2.4138e+41 2.5737e+41 3.3039e+40 1.4474e+41 8.073e+40 2.0147e+42 2.672e+40 6.4363e+40 2.8263e+40 1.8195e+40 4.4332e+41 2.9924e+41
-1.5 0.3 1000.0 -2.0 1.064e+42 8.294e+41 2.7944e+42 8.411e+42 7.1724e+40 1.9894e+41 2.4503e+42 5.8707e+41 1.4251e+41 1.7072e+41 1.9283e+40 3.322e+40 2.4635e+40 1.0283e+42 5.3878e+39 1.3009e+40 1.1474e+40 8.068e+39 1.2316e+41 8.3352e+40
-1.5 0.3 10000.0 -1.2 8.0553e+42 2.6228e+42 1.5018e+43 4.5205e+43 4.2534e+42 3.1658e+42 7.6456e+42 9.3422e+42 1.3892e+42 2.1313e+42 1.6011e+40 2.1416e+41 1.2673e+41 4.8372e+42 1.0226e+41 2.5072e+41 1.8586e+41 1.6562e+41 1.7372e+42 1.4938e+42
-1.5 0.3 10000.0 -1.4 5.9043e+42 2.2996e+42 1.1005e+43 3.3126e+43 2.0814e+42 2.2487e+42 6.7029e+42 6.636e+42 8.321e+41 1.3581e+42 1.2789e+40 8.7013e+40 5.411e+40 3.5737e+42 4.9163e+40 1.2059e+41 1.1121e+41 1.0039e+41 9.2958e+41 8.0584e+41
-1.5 0.3 10000.0 -1.7 3.9123e+42 1.7608e+42 5.7922e+42 1.7435e+43 7.732e+41 1.5083e+42 5.1461e+42 4.4509e+42 4.5475e+41 8.1584e+41 6.0411e+39 2.4536e+40 1.8208e+40 1.9461e+42 1.3583e+40 3.3359e+40 4.1044e+40 3.7807e+40 3.1809e+41 2.7807e+41
-1.5 0.3 10000.0 -2.0 2.6618e+42 1.2823e+42 2.6609e+42 8.0093e+42 3.9347e+41 1.1281e+42 3.7578e+42 3.3289e+42 3.0755e+41 5.8365e+41 1.1735e+39 1.2566e+40 1.0748e+40 9.5141e+41 3.5535e+39 8.7394e+39 1.3276e+40 1.2481e+40 1.0655e+41 9.3677e+40
-1.5 0.5 100.0 -1.2 2.6158e+42 3.9645e+41 1.2525e+42 3.7699e+42 1.1249e+42 6.7119e+41 1.2623e+42 1.9807e+42 5.0999e+41 3.6226e+41 1.1161e+42 7.7207e+41 5.7832e+41 1.7249e+42 9.101e+40 2.2297e+41 9.0267e+39 5.3436e+39 9.2005e+41 6.0256e+41
-1.5 0.5 100.0 -1.4 1.4852e+42 2.8638e+41 1.2079e+42 3.6357e+42 6.5984e+41 3.8345e+41 8.7169e+41 1.1316e+42 3.0911e+41 2.1998e+41 7.5135e+41 5.9088e+41 4.4573e+41 1.4718e+42 7.0971e+40 1.7368e+41 8.293e+39 4.9117e+39 6.8146e+41 4.4636e+41
-1.5 0.5 100.0 -1.7 5.9914e+41 1.9523e+41 1.1413e+42 3.4352e+42 2.4086e+41 1.4175e+41 5.6277e+41 4.183e+41 1.4339e+41 1.0309e+41 3.3395e+41 3.2211e+41 2.454e+41 1.0635e+42 4.3465e+40 1.0601e+41 6.1776e+39 3.6681e+39 3.8268e+41 2.507e+41
-1.5 0.5 100.0 -2.0 2.8421e+41 1.6135e+41 9.7924e+41 2.9475e+42 6.5673e+40 5.5459e+40 4.6005e+41 1.6366e+41 7.0883e+40 5.2152e+40 1.1389e+41 1.4219e+41 1.0636e+41 6.9394e+41 1.9077e+40 4.6274e+40 3.1358e+39 1.8904e+39 1.7083e+41 1.1194e+41
-1.5 0.5 1000.0 -1.2 4.2826e+42 1.0016e+42 7.5769e+42 2.2807e+43 2.2351e+42 1.2051e+42 2.9314e+42 3.5562e+42 1.153e+42 9.8577e+41 7.4146e+41 1.314e+42 9.936e+41 4.1666e+42 2.9229e+41 7.1345e+41 4.4133e+40 2.7169e+40 2.6728e+42 1.7928e+42
-1.5 0.5 1000.0 -1.4 2.753e+42 8.7741e+41 6.7165e+42 2.0217e+43 1.2111e+42 7.1229e+41 2.527e+42 2.102e+42 7.444e+41 6.5668e+41 3.0227e+41 7.1637e+41 5.3194e+41 3.24e+42 1.6733e+41 4.0778e+41 3.128e+40 1.9334e+40 1.6666e+42 1.1196e+42
-1.5 0.5 1000.0 -1.7 1.61e+42 7.5363e+41 4.577e+42 1.3777e+43 3.8139e+41 3.6252e+41 2.173e+42 1.0698e+42 3.6642e+41 3.5632e+41 5.8813e+40 2.1818e+41 1.5282e+41 1.9045e+42 5.0116e+40 1.2195e+41 1.5966e+40 9.994e+39 6.3759e+41 4.2939e+41
-1.5 0.5 1000.0 -2.0 1.1113e+42 6.4483e+41 2.6222e+42 7.8929e+42 1.1619e+41 2.4372e+41 1.8806e+42 7.1921e+41 2.0472e+41 2.2537e+41 2.2422e+40 5.5551e+40 4.2203e+40 9.9549e+41 1.2096e+40 2.9447e+40 7.5177e+39 4.8585e+39 2.0438e+41 1.3795e+41
-1.5 0.5 10000.0 -1.2 7.6762e+42 2.3145e+42 1.2973e+43 3.9048e+43 4.7077e+42 3.5486e+42 6.7259e+42 1.0472e+43 2.0518e+42 2.8748e+42 1.9662e+40 2.9632e+41 1.7344e+41 4.7611e+42 1.3907e+41 3.4156e+41 8.4387e+40 7.407e+40 1.9137e+42 1.6296e+42
-1.5 0.5 10000.0 -1.4 5.7771e+42 2.0501e+42 9.7092e+42 2.9225e+43 2.4991e+42 2.6392e+42 5.9417e+42 7.7883e+42 1.2705e+42 1.8867e+42 1.3804e+40 1.2221e+41 7.2256e+40 3.5343e+42 6.9739e+40 1.7132e+41 5.2847e+40 4.6946e+40 1.0646e+42 9.1389e+41
-1.5 0.5 10000.0 -1.7 3.9109e+42 1.6043e+42 5.2242e+42 1.5725e+43 9.7637e+41 1.8092e+42 4.6597e+42 5.339e+42 6.7125e+41 1.1098e+42 6.1362e+39 2.9347e+40 2.0499e+40 1.9363e+42 1.9829e+40 4.8752e+40 2.0577e+40 1.8615e+40 3.7765e+41 3.2696e+41
-1.5 0.5 10000.0 -2.0 2.7162e+42 1.1932e+42 2.4379e+42 7.3382e+42 4.7738e+41 1.3497e+42 3.478e+42 3.983e+42 4.45e+41 7.8234e+41 1.1823e+39 1.2826e+40 1.0632e+40 9.5041e+41 5.2341e+39 1.2881e+40 6.9773e+39 6.416e+39 1.3087e+41 1.1387e+41
-4.0 0.1 100.0 -1.2 4.6389e+42 2.657e+42 1.3614e+42 4.0978e+42 6.7234e+41 1.5366e+42 8.2269e+42 4.5345e+42 2.4491e+42 1.8655e+42 2.224e+40 3.7463e+40 2.4027e+40 3.3056e+42 9.0466e+38 2.2282e+39 5.0406e+39 3.0432e+39 3.6694e+40 2.406e+40
-4.0 0.1 100.0 -1.4 2.9539e+42 2.4022e+42 8.7063e+41 2.6206e+42 4.3813e+41 1.1255e+42 7.4439e+42 3.3213e+42 1.8686e+42 1.4271e+42 2.0555e+40 2.4719e+40 1.8313e+40 2.551e+42 3.0293e+38 7.461e+38 2.0461e+39 1.2798e+39 1.4207e+40 9.3195e+39
-4.0 0.1 100.0 -1.7 1.3026e+42 1.8534e+42 3.5915e+41 1.0811e+42 2.0111e+41 6.1041e+41 5.7731e+42 1.8013e+42 1.0648e+42 8.1666e+41 1.7457e+40 1.75e+40 1.4803e+40 1.4854e+42 4.4887e+37 1.1055e+38 3.9746e+38 3.1482e+38 2.6079e+39 1.7159e+39
-4.0 0.1 100.0 -2.0 5.2966e+41 1.3371e+42 1.2432e+41 3.7419e+41 8.2875e+40 3.0089e+41 4.1894e+42 8.8793e+41 5.4455e+41 4.1977e+41 1.3006e+40 1.3936e+40 1.23e+40 7.7887e+41 6.7024e+36 1.6506e+37 5.7282e+37 1.2097e+38 3.7357e+38 2.5085e+38
-4.0 0.1 1000.0 -1.2 7.9609e+42 2.6708e+42 2.3865e+42 7.1834e+42 1.1272e+42 2.283e+42 8.1176e+42 6.7371e+42 2.4234e+42 2.8632e+42 1.6104e+40 4.7605e+40 2.9002e+40 3.2662e+42 3.5153e+39 8.6585e+39 2.0149e+40 1.2638e+40 1.2041e+41 8.1478e+40
-4.0 0.1 1000.0 -1.4 5.7168e+42 2.4132e+42 1.7633e+42 5.3077e+42 7.7677e+41 1.8039e+42 7.3222e+42 5.3232e+42 1.9459e+42 2.3276e+42 1.4259e+40 2.6657e+40 1.8984e+40 2.5138e+42 1.7175e+39 4.2302e+39 1.1416e+40 7.218e+39 6.3917e+40 4.3297e+40
-4.0 0.1 1000.0 -1.7 3.0564e+42 1.8576e+42 9.6127e+41 2.8934e+42 3.9139e+41 1.1144e+42 5.6409e+42 3.2886e+42 1.2141e+42 1.4792e+42 1.042e+40 1.5403e+40 1.3156e+40 1.4551e+42 5.0713e+38 1.249e+39 4.181e+39 2.7218e+39 2.1188e+40 1.4377e+40
-4.0 0.1 1000.0 -2.0 1.5151e+42 1.3396e+42 4.7363e+41 1.4256e+42 1.8168e+41 6.3775e+41 4.0814e+42 1.882e+42 6.9348e+41 8.611e+41 5.7071e+39 1.1981e+40 1.0763e+40 7.5839e+41 1.3892e+38 3.4215e+38 1.383e+39 9.8095e+38 6.3764e+39 4.3366e+39
-4.0 0.1 10000.0 -1.2 7.3977e+42 2.6974e+42 3.5541e+42 1.0698e+43 2.1636e+42 3.1054e+42 8.0211e+42 9.1641e+42 1.3147e+42 2.49e+42 3.3422e+39 2.8566e+40 1.8111e+40 3.1727e+42 9.7238e+39 2.3953e+40 5.3128e+40 4.8618e+40 2.6922e+41 2.3604e+41
-4.0 0.1 10000.0 -1.4 5.663e+42 2.4348e+42 2.7453e+42 8.2633e+42 1.5527e+42 2.5556e+42 7.2199e+42 7.5414e+42 1.0716e+42 2.0483e+42 2.234e+39 1.824e+40 1.3214e+40 2.426e+42 5.4752e+39 1.3487e+40 3.3325e+40 3.0777e+40 1.6152e+41 1.4243e+41
-4.0 0.1 10000.0 -1.7 3.3882e+42 1.8732e+42 1.5676e+42 4.7186e+42 8.4531e+41 1.7007e+42 5.5473e+42 5.0188e+42 6.9668e+41 1.3478e+42 7.1479e+38 1.1319e+40 9.3649e+39 1.3795e+42 1.8946e+39 4.6674e+39 1.3393e+40 1.257e+40 6.3385e+40 5.6345e+40
-4.0 0.1 10000.0 -2.0 1.9111e+42 1.3509e+42 7.7477e+41 2.332e+42 4.3172e+41 1.0634e+42 4.0048e+42 3.138e+42 4.2184e+41 8.2557e+41 1.422e+38 8.2911e+39 6.8471e+39 6.9661e+41 5.6626e+38 1.3951e+39 4.5531e+39 4.3645e+39 2.2443e+40 2.0097e+40
-4.0 0.3 100.0 -1.2 1.1947e+43 2.509e+42 1.8548e+42 5.5831e+42 2.1724e+42 3.0438e+42 7.5994e+42 8.9821e+42 5.2973e+42 3.9798e+42 2.7007e+40 5.0741e+40 3.065e+40 3.3005e+42 2.4391e+39 6.0084e+39 6.9264e+39 4.1334e+39 1.0139e+41 6.6448e+40
-4.0 0.3 100.0 -1.4 8.8692e+42 2.2801e+42 1.3233e+42 3.9832e+42 1.5529e+42 2.4382e+42 6.9078e+42 7.1952e+42 4.3528e+42 3.2782e+42 2.3671e+40 3.2718e+40 2.2279e+40 2.5467e+42 1.0745e+39 2.6468e+39 3.5179e+39 2.1188e+39 5.2997e+40 3.4734e+40
-4.0 0.3 100.0 -1.7 4.9971e+42 1.7649e+42 6.7366e+41 2.0277e+42 8.3117e+41 1.5405e+42 5.3624e+42 4.5461e+42 2.8224e+42 2.1333e+42 1.9316e+40 2.0438e+40 1.6344e+40 1.4807e+42 2.6157e+38 6.4431e+38 1.065e+39 6.7049e+38 1.7185e+40 1.1266e+40
-4.0 0.3 100.0 -2.0 2.616e+42 1.2771e+42 3.0393e+41 9.1481e+41 4.106e+41 9.028e+41 3.8991e+42 2.6642e+42 1.6786e+42 1.2738e+42 1.4714e+40 1.5475e+40 1.3372e+40 7.7663e+41 5.7037e+37 1.4049e+38 2.8644e+38 2.1192e+38 5.0837e+39 3.336e+39
-4.0 0.3 1000.0 -1.2 1.4078e+43 2.5252e+42 2.6383e+42 7.9412e+42 2.6798e+42 3.6125e+42 7.5483e+42 1.066e+43 4.4716e+42 4.9394e+42 1.9892e+40 6.5785e+40 3.8166e+40 3.2657e+42 6.2639e+39 1.543e+40 1.7916e+40 1.1178e+40 2.033e+41 1.3718e+41
-4.0 0.3 1000.0 -1.4 1.0872e+43 2.2907e+42 2.0225e+42 6.0877e+42 1.9617e+42 2.9697e+42 6.8401e+42 8.7637e+42 3.6999e+42 4.1436e+42 1.6318e+40 3.8422e+40 2.4927e+40 2.5147e+42 3.392e+39 8.3557e+39 1.0977e+40 6.8775e+39 1.2066e+41 8.1473e+40
-4.0 0.3 1000.0 -1.7 6.5414e+42 1.7717e+42 1.1698e+42 3.5211e+42 1.0813e+42 1.962e+42 5.2952e+42 5.7898e+42 2.4421e+42 2.788e+42 1.1445e+40 1.916e+40 1.5185e+40 1.457e+42 1.1637e+39 2.8665e+39 4.5599e+39 2.8935e+39 4.7795e+40 3.2308e+40
-4.0 0.3 1000.0 -2.0 3.6825e+42 1.2819e+42 6.1539e+41 1.8523e+42 5.5391e+41 1.21e+42 3.8415e+42 3.5708e+42 1.4894e+42 1.7333e+42 6.1546e+39 1.2996e+40 1.1357e+40 7.603e+41 3.6564e+38 9.0066e+38 1.7347e+39 1.1367e+39 1.7289e+40 1.1701e+40
-4.0 0.3 10000.0 -1.2 1.0785e+43 2.5605e+42 3.6216e+42 1.0901e+43 3.8114e+42 4.3344e+42 7.527e+42 1.2791e+43 2.2774e+42 4.0414e+42 3.4827e+39 3.1799e+40 1.9681e+40 3.181e+42 1.3947e+40 3.4359e+40 3.9606e+40 3.5715e+40 3.6746e+41 3.17e+41
-4.0 0.3 10000.0 -1.4 8.5689e+42 2.321e+42 2.844e+42 8.5605e+42 2.8445e+42 3.638e+42 6.809e+42 1.0736e+43 1.8608e+42 3.3481e+42 2.2994e+39 1.9724e+40 1.3806e+40 2.4348e+42 8.1586e+39 2.01e+40 2.5876e+40 2.3524e+40 2.3248e+41 2.0149e+41
-4.0 0.3 10000.0 -1.7 5.4174e+42 1.7971e+42 1.6693e+42 5.0246e+42 1.6493e+42 2.4961e+42 5.2697e+42 7.3661e+42 1.2257e+42 2.2437e+42 7.3043e+38 1.1405e+40 9.1526e+39 1.3872e+42 3.0135e+39 7.4244e+39 1.131e+40 1.0414e+40 1.0018e+41 8.7388e+40
-4.0 0.3 10000.0 -2.0 3.2322e+42 1.3008e+42 8.5558e+41 2.5753e+42 8.9505e+41 1.6118e+42 3.8185e+42 4.7565e+42 7.5854e+41 1.4094e+42 1.4529e+38 7.9729e+39 6.342e+39 7.0212e+41 9.8903e+38 2.4369e+39 4.3835e+39 4.092e+39 3.9866e+40 3.4977e+40
-4.0 0.5 100.0 -1.2 1.558e+43 2.3612e+42 1.9794e+42 5.9579e+42 3.1895e+42 4.2328e+42 7.0581e+42 1.2491e+43 7.9776e+42 5.9417e+42 3.4144e+40 6.6377e+40 3.8763e+40 3.2703e+42 5.3027e+39 1.3064e+40 5.698e+39 3.3859e+39 1.8327e+41 1.2008e+41
-4.0 0.5 100.0 -1.4 1.2195e+43 2.1521e+42 1.4857e+42 4.4721e+42 2.3777e+42 3.4908e+42 6.4349e+42 1.0301e+43 6.6595e+42 4.9747e+42 2.8351e+40 4.4019e+40 2.8019e+40 2.5235e+42 2.7712e+39 6.8274e+39 3.3634e+39 2.0043e+39 1.0968e+41 7.1867e+40
-4.0 0.5 100.0 -1.7 7.4701e+42 1.6722e+42 8.2645e+41 2.4876e+42 1.3674e+42 2.3143e+42 5.0125e+42 6.8295e+42 4.4603e+42 3.3452e+42 2.1679e+40 2.5648e+40 1.895e+40 1.467e+42 9.0261e+38 2.2237e+39 1.3206e+39 7.9535e+38 4.4271e+40 2.901e+40
-4.0 0.5 100.0 -2.0 4.2727e+42 1.2131e+42 4.155e+41 1.2506e+42 7.3253e+41 1.4306e+42 3.6504e+42 4.2218e+42 2.7652e+42 2.082e+42 1.6198e+40 1.7683e+40 1.4558e+40 7.6907e+41 2.7239e+38 6.7106e+38 4.8246e+38 2.9944e+38 1.6507e+40 1.0819e+40
-4.0 0.5 1000.0 -1.2 1.6187e+43 2.381e+42 2.5219e+42 7.5909e+42 3.5556e+42 4.6599e+42 7.0459e+42 1.3751e+43 6.5487e+42 6.8542e+42 2.5787e+40 8.3915e+40 4.776e+40 3.2428e+42 1.0171e+40 2.5058e+40 1.0678e+40 6.635e+39 2.8342e+41 1.9088e+41
-4.0 0.5 1000.0 -1.4 1.2904e+43 2.1675e+42 1.9736e+42 5.9406e+42 2.66e+42 3.8941e+42 6.4098e+42 1.1492e+43 5.4321e+42 5.781e+42 1.9614e+40 5.2838e+40 3.2396e+40 2.4988e+42 5.9658e+39 1.4698e+40 6.9731e+39 4.343e+39 1.8041e+41 1.2157e+41
-4.0 0.5 1000.0 -1.7 8.1354e+42 1.6837e+42 1.1777e+42 3.545e+42 1.5428e+42 2.6384e+42 4.9852e+42 7.786e+42 3.6211e+42 3.9411e+42 1.2763e+40 2.576e+40 1.8564e+40 1.4495e+42 2.3125e+39 5.6974e+39 3.2e+39 2.0048e+39 7.9526e+40 5.363e+40
-4.0 0.5 1000.0 -2.0 4.7986e+42 1.2221e+42 6.3982e+41 1.9259e+42 8.3811e+41 1.6701e+42 3.6277e+42 4.9285e+42 2.2456e+42 2.4953e+42 6.7446e+39 1.4948e+40 1.2375e+40 7.574e+41 8.1083e+38 1.9976e+39 1.3528e+39 8.5829e+38 3.1948e+40 2.1563e+40
-4.0 0.5 10000.0 -1.2 1.1282e+43 2.4243e+42 3.2628e+42 9.8211e+42 4.4282e+42 5.2694e+42 7.0863e+42 1.555e+43 3.3608e+42 5.5425e+42 3.7746e+39 3.7851e+40 2.2521e+40 3.1698e+42 1.8795e+40 4.631e+40 1.9734e+40 1.754e+40 4.3373e+41 3.7007e+41
-4.0 0.5 10000.0 -1.4 9.1802e+42 2.2074e+42 2.5918e+42 7.8012e+42 3.332e+42 4.4793e+42 6.4395e+42 1.3219e+43 2.7238e+42 4.5778e+42 2.4252e+39 2.2731e+40 1.5058e+40 2.43e+42 1.1359e+40 2.7989e+40 1.3389e+40 1.1985e+40 2.8533e+41 2.444e+41
-4.0 0.5 10000.0 -1.7 5.9975e+42 1.7176e+42 1.5433e+42 4.6454e+42 1.9716e+42 3.1298e+42 5.0078e+42 9.2362e+42 1.7832e+42 3.0705e+42 7.5622e+38 1.1749e+40 8.9523e+39 1.3879e+42 4.3458e+39 1.0708e+40 6.1973e+39 5.6067e+39 1.2971e+41 1.1168e+41
-4.0 0.5 10000.0 -2.0 3.6853e+42 1.2483e+42 8.0054e+41 2.4096e+42 1.1078e+42 2.055e+42 3.643e+42 6.0642e+42 1.1039e+42 1.9399e+42 1.4936e+38 7.529e+39 5.6398e+39 7.0414e+41 1.4617e+39 3.6018e+39 2.554e+39 2.3343e+39 5.4212e+40 4.6882e+40
-5.0 0.1 100.0 -1.2 6.7988e+41 2.2944e+42 7.8225e+40 2.3546e+41 1.0634e+41 3.6429e+41 7.3634e+42 1.075e+42 8.5489e+41 6.5265e+41 2.7126e+39 6.9695e+39 4.9741e+39 7.7938e+41 5.2753e+37 1.3002e+38 3.1873e+38 1.912e+38 2.0609e+39 1.3514e+39
-5.0 0.1 100.0 -1.4 4.631e+41 2.1756e+42 5.3355e+40 1.606e+41 6.7879e+40 2.7144e+41 6.9939e+42 8.0102e+41 6.3792e+41 4.8951e+41 2.7232e+39 7.2733e+39 5.3385e+39 5.8976e+41 1.9548e+37 4.8179e+37 1.3842e+38 8.4746e+37 8.6048e+38 5.6449e+38
-5.0 0.1 100.0 -1.7 2.3149e+41 1.7562e+42 2.47e+40 7.4346e+40 2.9691e+40 1.4957e+41 5.664e+42 4.4139e+41 3.5091e+41 2.7137e+41 2.3001e+39 7.1375e+39 5.3074e+39 3.3101e+41 3.38e+36 8.3306e+36 3.0053e+37 2.0922e+37 1.7799e+38 1.1702e+38
-5.0 0.1 100.0 -2.0 1.1124e+41 1.3041e+42 9.7783e+39 2.9433e+40 1.1745e+40 7.4358e+40 4.2234e+42 2.1943e+41 1.7365e+41 1.3534e+41 1.5469e+39 6.3397e+39 4.7191e+39 1.6684e+41 4.9932e+35 1.2306e+36 4.8999e+36 6.228e+36 2.8403e+37 1.8922e+37
-5.0 0.1 1000.0 -1.2 1.6033e+42 2.2988e+42 1.316e+41 3.9612e+41 3.4085e+41 7.5886e+41 7.2175e+42 2.2394e+42 1.3105e+42 1.5468e+42 1.8853e+39 7.3883e+39 5.2031e+39 7.8893e+41 1.7828e+38 4.394e+38 1.1255e+39 7.0468e+38 6.6618e+39 4.5102e+39
-5.0 0.1 1000.0 -1.4 1.1956e+42 2.1746e+42 1.0019e+41 3.0156e+41 2.4383e+41 6.1594e+41 6.8309e+42 1.8176e+42 1.0506e+42 1.2585e+42 1.5523e+39 7.3085e+39 5.3363e+39 5.972e+41 9.1736e+37 2.261e+38 6.554e+38 4.1277e+38 3.7077e+39 2.5127e+39
-5.0 0.1 1000.0 -1.7 6.708e+41 1.7552e+42 5.6665e+40 1.7056e+41 1.2822e+41 3.9026e+41 5.5234e+42 1.1517e+42 6.5213e+41 7.9765e+41 7.9321e+38 6.6975e+39 4.8754e+39 3.3561e+41 2.9089e+37 7.1695e+37 2.4772e+38 1.5919e+38 1.3203e+39 8.9618e+38
-5.0 0.1 1000.0 -2.0 3.4637e+41 1.3027e+42 2.8723e+40 8.6455e+40 6.1867e+40 2.2562e+41 4.1094e+42 6.658e+41 3.695e+41 4.6067e+41 2.8155e+38 5.4328e+39 3.7107e+39 1.6911e+41 8.415e+36 2.074e+37 8.374e+37 5.697e+37 4.2591e+38 2.8964e+38
-5.0 0.1 10000.0 -1.2 2.1199e+42 2.3018e+42 1.9736e+41 5.9406e+41 1.1037e+42 1.3601e+42 6.9978e+42 4.0138e+42 1.1178e+42 2.0986e+42 1.2571e+38 4.2416e+39 2.509e+39 7.9179e+41 4.6898e+38 1.1559e+39 2.9901e+39 2.731e+39 1.6894e+40 1.4844e+40
-5.0 0.1 10000.0 -1.4 1.6839e+42 2.1774e+42 1.5614e+41 4.6999e+41 8.44e+41 1.1563e+42 6.6188e+42 3.4123e+42 9.1805e+41 1.7413e+42 7.8661e+37 3.7897e+39 2.2067e+39 5.9847e+41 2.7384e+38 6.7492e+38 1.9153e+39 1.7643e+39 1.057e+40 9.3381e+39
-5.0 0.1 10000.0 -1.7 1.0385e+42 1.7544e+42 9.1963e+40 2.7681e+41 4.9289e+41 7.8839e+41 5.3373e+42 2.3265e+42 5.9464e+41 1.1441e+42 2.373e+37 2.5171e+39 1.3921e+39 3.3376e+41 1.0001e+38 2.465e+38 8.0343e+38 7.5079e+38 4.4494e+39 3.9606e+39
-5.0 0.1 10000.0 -2.0 5.8933e+41 1.3008e+42 4.695e+40 1.4132e+41 2.6593e+41 4.9313e+41 3.9638e+42 1.4552e+42 3.5489e+41 6.9147e+41 4.6968e+36 1.2872e+39 6.7984e+38 1.6559e+41 3.1347e+37 7.726e+37 2.8852e+38 2.745e+38 1.6882e+39 1.513e+39
-5.0 0.3 100.0 -1.2 3.9988e+42 2.1952e+42 1.2272e+41 3.6938e+41 1.2147e+42 1.5679e+42 6.7724e+42 4.627e+42 4.8792e+42 3.6066e+42 2.8835e+39 6.9417e+39 4.5664e+39 8.1243e+41 1.4275e+38 3.5183e+38 4.8679e+38 2.8988e+38 6.8578e+39 4.4948e+39
-5.0 0.3 100.0 -1.4 3.1444e+42 2.0846e+42 9.2988e+40 2.7989e+41 9.1015e+41 1.3179e+42 6.44e+42 3.889e+42 4.0602e+42 3.0117e+42 2.8511e+39 7.0526e+39 4.7899e+39 6.1638e+41 6.8806e+37 1.6958e+38 2.6478e+38 1.5852e+38 3.8378e+39 2.5156e+39
-5.0 0.3 100.0 -1.7 1.9013e+42 1.6892e+42 5.1974e+40 1.5644e+41 5.1246e+41 8.8119e+41 5.235e+42 2.6004e+42 2.6691e+42 1.9903e+42 2.3977e+39 6.8569e+39 4.7273e+39 3.4774e+41 1.942e+37 4.7865e+37 8.9368e+37 5.4742e+37 1.3848e+39 9.0801e+38
-5.0 0.3 100.0 -2.0 1.0501e+42 1.2576e+42 2.5899e+40 7.7956e+40 2.6429e+41 5.3819e+41 3.9121e+42 1.5882e+42 1.6037e+42 1.2021e+42 1.6376e+39 6.1869e+39 4.2457e+39 1.7611e+41 4.9462e+36 1.2191e+37 2.705e+37 1.7871e+37 4.5905e+38 3.0117e+38
-5.0 0.3 1000.0 -1.2 5.3754e+42 2.1911e+42 1.6275e+41 4.8987e+41 1.8855e+42 2.0264e+42 6.6609e+42 5.9798e+42 4.9253e+42 5.1793e+42 2.036e+39 7.5016e+39 4.8411e+39 8.1252e+41 3.2921e+38 8.1141e+38 1.193e+39 7.435e+38 1.4486e+40 9.7768e+39
-5.0 0.3 1000.0 -1.4 4.3919e+42 2.0801e+42 1.291e+41 3.886e+41 1.4614e+42 1.7446e+42 6.3281e+42 5.1484e+42 4.1436e+42 4.424e+42 1.6597e+39 7.1822e+39 4.8049e+39 6.1654e+41 1.8776e+38 4.6277e+38 7.5939e+38 4.7468e+38 9.1151e+39 6.1564e+39
-5.0 0.3 1000.0 -1.7 2.8239e+42 1.6842e+42 7.7959e+40 2.3466e+41 8.6922e+41 1.2131e+42 5.1336e+42 3.5798e+42 2.7779e+42 3.0334e+42 8.5364e+38 6.3377e+39 4.246e+39 3.4764e+41 6.9748e+37 1.7191e+38 3.3357e+38 2.1021e+38 3.9624e+39 2.679e+39
-5.0 0.3 1000.0 -2.0 1.6667e+42 1.2535e+42 4.237e+40 1.2753e+41 4.7661e+41 7.7359e+41 3.8308e+42 2.2829e+42 1.7114e+42 1.9089e+42 3.0182e+38 4.9466e+39 3.1383e+39 1.7586e+41 2.3693e+37 5.8397e+37 1.3402e+38 8.602e+37 1.5866e+39 1.0738e+39
-5.0 0.3 10000.0 -1.2 4.9576e+42 2.1884e+42 2.1823e+41 6.5689e+41 3.4561e+42 2.6513e+42 6.5093e+42 7.8239e+42 3.2241e+42 5.5011e+42 1.3074e+38 3.7557e+39 2.1107e+39 8.0525e+41 7.2446e+38 1.7856e+39 2.8515e+39 2.5563e+39 3.1058e+40 2.6662e+40
-5.0 0.3 10000.0 -1.4 4.1383e+42 2.0767e+42 1.7628e+41 5.3062e+41 2.7487e+42 2.3196e+42 6.1779e+42 6.8451e+42 2.6959e+42 4.6639e+42 8.1049e+37 3.1926e+39 1.7802e+39 6.0968e+41 4.449e+38 1.0965e+39 1.9416e+39 1.753e+39 2.0862e+40 1.799e+40
-5.0 0.3 10000.0 -1.7 2.7535e+42 1.6805e+42 1.0742e+41 3.2334e+41 1.7025e+42 1.6548e+42 5.0039e+42 4.8832e+42 1.7937e+42 3.1686e+42 2.4294e+37 2.002e+39 1.0779e+39 3.4108e+41 1.776e+38 4.3772e+38 9.2164e+38 8.4079e+38 9.9252e+39 8.6107e+39
-5.0 0.3 10000.0 -2.0 1.6839e+42 1.2501e+42 5.7215e+40 1.7222e+41 9.7344e+41 1.0838e+42 3.7282e+42 3.1982e+42 1.0995e+42 1.9815e+42 4.8042e+36 9.9342e+38 5.1755e+38 1.6981e+41 6.2793e+37 1.5477e+38 3.9442e+38 3.6352e+38 4.3409e+39 3.7864e+39
-5.0 0.5 100.0 -1.2 8.0634e+42 2.0605e+42 1.3364e+41 4.0225e+41 3.5363e+42 3.0262e+42 6.2048e+42 8.9303e+42 1.1598e+43 8.4355e+42 3.1229e+39 6.7288e+39 4.0278e+39 8.1814e+41 2.9846e+38 7.3561e+38 4.7754e+38 2.8348e+38 1.6863e+40 1.1047e+40
-5.0 0.5 100.0 -1.4 6.7694e+42 1.9659e+42 1.0557e+41 3.1778e+41 2.7976e+42 2.64e+42 5.9278e+42 7.7907e+42 9.9393e+42 7.2488e+42 3.0218e+39 6.6066e+39 4.0718e+39 6.222e+41 1.67e+38 4.1161e+38 3.0477e+38 1.8119e+38 1.0945e+40 7.1706e+39
-5.0 0.5 100.0 -1.7 4.5381e+42 1.6013e+42 6.3213e+40 1.9027e+41 1.7161e+42 1.8751e+42 4.8404e+42 5.5335e+42 6.8627e+42 5.0257e+42 2.5088e+39 6.2044e+39 3.8926e+39 3.521e+41 6.0397e+37 1.4886e+38 1.3573e+38 8.108e+37 5.0026e+39 3.2776e+39
-5.0 0.5 100.0 -2.0 2.7943e+42 1.1969e+42 3.4025e+40 1.0242e+41 9.706e+41 1.223e+42 3.6284e+42 3.6091e+42 4.3576e+42 3.2041e+42 1.7304e+39 5.5411e+39 3.4667e+39 1.7885e+41 2.0182e+37 4.9743e+37 5.648e+37 3.4132e+37 2.1205e+39 1.3894e+39
-5.0 0.5 1000.0 -1.2 8.644e+42 2.0575e+42 1.5946e+41 4.7997e+41 4.3101e+42 3.3574e+42 6.1365e+42 9.9077e+42 1.0628e+43 1.0246e+43 2.2481e+39 7.3337e+39 4.3171e+39 8.1478e+41 5.2507e+38 1.2941e+39 8.3581e+38 5.1838e+38 2.5501e+40 1.7148e+40
-5.0 0.5 1000.0 -1.4 7.3403e+42 1.9622e+42 1.2903e+41 3.8839e+41 3.4479e+42 2.9522e+42 5.8572e+42 8.7119e+42 9.0725e+42 8.8716e+42 1.8019e+39 6.8008e+39 4.1213e+39 6.1943e+41 3.2201e+38 7.9366e+38 5.7283e+38 3.5585e+38 1.7279e+40 1.1625e+40
-5.0 0.5 1000.0 -1.7 5.0061e+42 1.5976e+42 8.023e+40 2.4149e+41 2.1521e+42 2.122e+42 4.7781e+42 6.262e+42 6.2294e+42 6.2229e+42 9.2729e+38 5.6914e+39 3.4765e+39 3.5034e+41 1.33e+38 3.2781e+38 2.8288e+38 1.7635e+38 8.3948e+39 5.6518e+39
-5.0 0.5 1000.0 -2.0 3.1383e+42 1.194e+42 4.4917e+40 1.352e+41 1.2381e+42 1.4014e+42 3.5793e+42 4.1354e+42 3.9353e+42 4.0145e+42 3.298e+38 4.2235e+39 2.4953e+39 1.7776e+41 4.9828e+37 1.2281e+38 1.2904e+38 8.096e+37 3.7518e+39 2.5278e+39
-5.0 0.5 10000.0 -1.2 6.8305e+42 2.0545e+42 2.0079e+41 6.0439e+41 5.9944e+42 3.8755e+42 6.0318e+42 1.1437e+43 6.4952e+42 9.9575e+42 1.4085e+38 3.3032e+39 1.776e+39 8.038e+41 9.8113e+38 2.4182e+39 1.7066e+39 1.4964e+39 4.5308e+40 3.8033e+40
-5.0 0.5 10000.0 -1.4 5.854e+42 1.9585e+42 1.6419e+41 4.9422e+41 4.8634e+42 3.4394e+42 5.751e+42 1.015e+43 5.467e+42 8.5127e+42 8.5485e+37 2.6301e+39 1.4119e+39 6.0975e+41 6.2459e+38 1.5394e+39 1.2226e+39 1.0781e+39 3.183e+40 2.6814e+40
-5.0 0.5 10000.0 -1.7 4.0462e+42 1.5936e+42 1.017e+41 3.0611e+41 3.097e+42 2.5057e+42 4.684e+42 7.3945e+42 3.6734e+42 5.861e+42 2.5192e+37 1.5251e+39 8.0231e+38 3.4221e+41 2.6077e+38 6.4271e+38 6.3054e+38 5.6029e+38 1.6161e+40 1.3681e+40
-5.0 0.5 10000.0 -2.0 2.5695e+42 1.1906e+42 5.5038e+40 1.6566e+41 1.8185e+42 1.6765e+42 3.5046e+42 4.9475e+42 2.2721e+42 3.7159e+42 4.9461e+36 7.2473e+38 3.7319e+38 1.7093e+41 9.6159e+37 2.37e+38 2.9631e+38 2.6504e+38 7.5343e+39 6.4063e+39
-1.0 0.1 100.0 -1.2 8.1556e+41 5.9282e+41 3.6757e+42 1.1064e+43 3.1374e+41 1.5611e+41 1.692e+42 4.6067e+41 1.5349e+41 1.1169e+41 8.801e+41 1.3215e+42 7.6896e+41 3.4931e+42 9.6844e+40 2.2903e+41 5.1419e+40 3.0646e+40 6.8734e+41 4.503e+41
-1.0 0.1 100.0 -1.4 4.0131e+41 5.5198e+41 3.5342e+42 1.0638e+43 1.0103e+41 6.7966e+40 1.5736e+42 2.0057e+41 8.7489e+40 6.4458e+40 4.7234e+41 8.223e+41 4.7994e+41 2.8242e+42 5.496e+40 1.2781e+41 2.8035e+40 1.6998e+40 3.907e+41 2.5602e+41
-1.0 0.1 100.0 -1.7 2.1945e+41 5.2744e+41 2.7656e+42 8.3244e+42 1.0167e+40 2.816e+40 1.5294e+42 8.31e+40 3.6903e+40 2.8397e+40 1.4175e+41 3.3475e+41 1.7945e+41 1.7922e+42 1.7046e+40 3.8581e+40 1.1064e+40 7.4521e+39 1.5018e+41 9.8526e+40
-1.0 0.1 100.0 -2.0 1.6399e+41 5.0727e+41 1.6165e+42 4.8658e+42 5.8401e+39 2.1623e+40 1.5076e+42 6.381e+40 2.8015e+40 2.175e+40 3.4502e+40 7.9038e+40 4.9248e+40 1.0134e+42 3.9644e+39 8.8655e+39 4.6306e+39 4.428e+39 4.7339e+40 3.1267e+40
-1.0 0.1 1000.0 -1.2 2.7157e+42 1.9026e+42 1.5896e+43 4.7847e+43 9.1218e+41 5.9942e+41 5.5135e+42 1.7689e+42 5.063e+41 4.9303e+41 2.1706e+41 2.2029e+42 1.0516e+42 5.328e+42 1.8358e+41 4.3366e+41 1.5926e+41 9.9778e+40 2.1586e+42 1.4535e+42
-1.0 0.1 1000.0 -1.4 1.7794e+42 1.7623e+42 1.1511e+43 3.4649e+43 2.8918e+41 3.2294e+41 5.1463e+42 9.53e+41 2.7141e+41 2.8719e+41 5.9985e+40 7.3875e+41 3.602e+41 3.8988e+42 6.9831e+40 1.6468e+41 8.934e+40 5.717e+40 1.0412e+42 7.0254e+41
-1.0 0.1 1000.0 -1.7 1.1804e+42 1.4601e+42 5.9442e+42 1.7892e+43 6.4791e+40 1.9218e+41 4.3178e+42 5.6713e+41 1.3367e+41 1.6411e+41 2.5301e+40 1.0052e+41 5.7357e+40 2.1293e+42 1.272e+40 3.0104e+40 3.4571e+40 2.3986e+40 2.7956e+41 1.8927e+41
-1.0 0.1 1000.0 -2.0 8.1544e+41 1.1329e+42 2.7803e+42 8.3688e+42 4.1585e+40 1.5111e+41 3.3837e+42 4.4592e+41 1.0218e+41 1.2906e+41 1.7589e+40 2.8217e+40 2.152e+40 1.0588e+42 2.3139e+39 5.5191e+39 1.1984e+40 1.0265e+40 6.8949e+40 4.689e+40
-1.0 0.1 10000.0 -1.2 6.743e+42 2.9832e+42 1.6192e+43 4.8738e+43 2.4633e+42 2.3954e+42 8.7644e+42 7.0688e+42 7.4605e+41 1.2695e+42 1.4731e+40 2.0442e+41 1.1106e+41 4.8769e+42 7.4836e+40 1.8322e+41 2.9691e+41 2.6831e+41 1.5599e+42 1.3569e+42
-1.0 0.1 10000.0 -1.4 4.9052e+42 2.5867e+42 1.1632e+43 3.5012e+43 1.0941e+42 1.683e+42 7.5972e+42 4.9666e+42 4.5694e+41 8.2987e+41 1.2473e+40 7.9341e+40 4.7045e+40 3.5866e+42 3.4702e+40 8.4994e+40 1.7054e+41 1.5633e+41 8.0129e+41 7.0267e+41
-1.0 0.1 10000.0 -1.7 3.1982e+42 1.934e+42 5.9295e+42 1.7848e+43 4.3955e+41 1.1775e+42 5.6826e+42 3.4747e+42 2.7939e+41 5.4653e+41 6.0498e+39 2.3272e+40 1.7648e+40 1.9417e+42 9.1285e+39 2.2397e+40 5.8629e+40 5.5067e+40 2.541e+41 2.2499e+41
-1.0 0.1 10000.0 -2.0 2.0851e+42 1.3771e+42 2.6162e+42 7.8746e+42 2.4714e+41 8.8528e+41 4.0544e+42 2.6125e+42 2.0659e+41 4.1432e+41 1.1707e+39 1.2765e+40 1.1019e+40 9.4595e+41 2.222e+39 5.4617e+39 1.6975e+40 1.6421e+40 7.6377e+40 6.8177e+40
-1.0 0.3 100.0 -1.2 2.3573e+42 3.8791e+41 1.5905e+42 4.7875e+42 8.9456e+41 4.5599e+41 1.1869e+42 1.3456e+42 2.9834e+41 2.1372e+41 9.9439e+41 8.2515e+41 5.8073e+41 2.0347e+42 1.1021e+41 2.6836e+41 2.7385e+40 1.6215e+40 1.0007e+42 6.554e+41
-1.0 0.3 100.0 -1.4 1.2358e+42 3.0132e+41 1.6304e+42 4.9075e+42 5.2466e+41 2.5583e+41 8.8219e+41 7.5495e+41 1.9382e+41 1.3904e+41 6.1625e+41 6.234e+41 4.255e+41 1.7609e+42 7.9852e+40 1.9365e+41 2.2869e+40 1.3557e+40 6.841e+41 4.4809e+41
-1.0 0.3 100.0 -1.7 4.2886e+41 2.4129e+41 1.6044e+42 4.8293e+42 1.6536e+41 8.5271e+40 6.866e+41 2.5163e+41 9.4326e+40 6.8418e+40 2.3495e+41 3.1955e+41 2.1167e+41 1.2759e+42 3.8182e+40 9.1665e+40 1.1847e+40 7.0952e+39 3.0767e+41 2.0158e+41
-1.0 0.3 100.0 -2.0 2.0897e+41 2.279e+41 1.2853e+42 3.8688e+42 2.674e+40 3.2144e+40 6.5722e+41 9.4857e+40 4.2494e+40 3.1852e+40 6.3636e+40 1.1282e+41 7.3396e+40 8.1164e+41 1.1458e+40 2.7154e+40 4.7888e+39 3.0785e+39 1.0957e+41 7.1841e+40
-1.0 0.3 1000.0 -1.2 4.2648e+42 1.2568e+42 1.1225e+43 3.3788e+43 2.1334e+42 1.0068e+42 3.6279e+42 2.9711e+42 9.2075e+41 8.2221e+41 4.281e+41 1.4886e+42 7.7903e+41 4.6761e+42 2.6789e+41 6.471e+41 1.0652e+41 6.5892e+40 2.6698e+42 1.7934e+42
-1.0 0.3 1000.0 -1.4 2.5891e+42 1.1511e+42 9.0723e+42 2.7308e+43 1.0084e+42 5.7087e+41 3.3201e+42 1.6846e+42 5.5325e+41 5.1372e+41 1.4159e+41 7.2728e+41 3.6454e+41 3.5461e+42 1.2235e+41 2.948e+41 6.4876e+40 4.0463e+40 1.4332e+42 9.6459e+41
-1.0 0.3 1000.0 -1.7 1.4964e+42 9.9652e+41 5.407e+42 1.6275e+43 2.3092e+41 2.7802e+41 2.9068e+42 8.2044e+41 2.4122e+41 2.5478e+41 3.3165e+40 1.4618e+41 8.1402e+40 2.0152e+42 2.7341e+40 6.5817e+40 2.8532e+40 1.8365e+40 4.4863e+41 3.0282e+41
-1.0 0.3 1000.0 -2.0 1.0442e+42 8.2548e+41 2.8066e+42 8.4479e+42 7.0634e+40 1.944e+41 2.4383e+42 5.7368e+41 1.3993e+41 1.6731e+41 1.9305e+40 3.3324e+40 2.4685e+40 1.0286e+42 5.4619e+39 1.3184e+40 1.1579e+40 8.1418e+39 1.2411e+41 8.3996e+40
-1.0 0.3 10000.0 -1.2 8.0689e+42 2.6205e+42 1.5031e+43 4.5245e+43 4.3046e+42 3.1797e+42 7.6381e+42 9.3833e+42 1.4102e+42 2.1586e+42 1.6105e+40 2.15e+41 1.2717e+41 4.8252e+42 1.0262e+41 2.5161e+41 1.8646e+41 1.6614e+41 1.7416e+42 1.4974e+42
-1.0 0.3 10000.0 -1.4 5.9068e+42 2.2986e+42 1.101e+43 3.314e+43 2.0942e+42 2.2518e+42 6.6995e+42 6.6449e+42 8.3787e+41 1.3647e+42 1.281e+40 8.7194e+40 5.458e+40 3.5654e+42 4.9253e+40 1.2081e+41 1.1142e+41 1.0058e+41 9.3079e+41 8.0684e+41
-1.0 0.3 10000.0 -1.7 3.912e+42 1.7589e+42 5.7908e+42 1.743e+43 7.7435e+41 1.508e+42 5.1404e+42 4.4501e+42 4.5515e+41 8.1603e+41 6.0218e+39 2.5001e+40 1.8471e+40 1.9407e+42 1.3607e+40 3.3419e+40 4.1105e+40 3.786e+40 3.1845e+41 2.7836e+41
-1.0 0.3 10000.0 -2.0 2.6617e+42 1.2809e+42 2.6578e+42 8.0001e+42 3.9344e+41 1.1278e+42 3.7535e+42 3.3281e+42 3.0748e+41 5.8339e+41 1.1669e+39 1.2731e+40 1.0823e+40 9.4831e+41 3.5529e+39 8.7378e+39 1.3271e+40 1.2476e+40 1.0654e+41 9.3668e+40
-1.0 0.5 100.0 -1.2 2.259e+42 3.4506e+41 8.4185e+41 2.534e+42 8.6945e+41 5.5078e+41 1.1199e+42 1.6253e+42 3.7545e+41 2.6733e+41 1.088e+42 6.7509e+41 4.9872e+41 1.4729e+42 7.3232e+40 1.7938e+41 5.9227e+39 3.5055e+39 7.289e+41 4.7734e+41
-1.0 0.5 1000.0 -1.4 2.6934e+42 8.6292e+41 6.6901e+42 2.0137e+43 1.2275e+42 7.0824e+41 2.4848e+42 2.09e+42 7.4202e+41 6.5188e+41 3.0718e+41 7.2271e+41 5.3691e+41 3.2357e+42 1.7173e+41 4.1835e+41 3.1225e+40 1.9297e+40 1.6839e+42 1.1311e+42
-1.0 0.5 1000.0 -1.7 1.5718e+42 7.4578e+41 4.5855e+42 1.3802e+43 3.8928e+41 3.5636e+41 2.1495e+42 1.0516e+42 3.6802e+41 3.5503e+41 5.927e+40 2.1948e+41 1.5367e+41 1.9042e+42 5.1036e+40 1.2415e+41 1.6028e+40 1.0032e+40 6.4333e+41 4.3324e+41
-1.0 0.5 1000.0 -2.0 1.0921e+42 6.4119e+41 2.6294e+42 7.9144e+42 1.163e+41 2.3918e+41 1.8696e+42 7.0581e+41 2.0254e+41 2.2222e+41 2.2456e+40 5.5715e+40 4.2322e+40 9.9562e+41 1.2221e+40 2.9748e+40 7.5575e+39 4.8842e+39 2.0552e+41 1.3872e+41
-1.0 0.5 10000.0 -1.2 7.6843e+42 2.3138e+42 1.2986e+43 3.9086e+43 4.7542e+42 3.5586e+42 6.7236e+42 1.0502e+43 2.0748e+42 2.9015e+42 1.9728e+40 2.9707e+41 1.7398e+41 4.751e+42 1.3945e+41 3.4249e+41 8.4554e+40 7.421e+40 1.9174e+42 1.6326e+42
-1.0 0.5 100.0 -1.4 1.3049e+42 2.4943e+41 8.6105e+41 2.5918e+42 5.5427e+41 3.3513e+41 7.7085e+41 9.8897e+41 2.447e+41 1.7421e+41 7.5245e+41 5.5034e+41 4.1096e+41 1.3021e+42 5.9699e+40 1.4607e+41 5.7964e+39 3.4321e+39 5.6642e+41 3.7098e+41
-1.0 0.5 100.0 -1.7 5.2006e+41 1.7209e+41 9.3815e+41 2.8238e+42 2.2559e+41 1.3008e+41 4.9767e+41 3.8387e+41 1.2282e+41 8.8019e+40 3.4403e+41 3.213e+41 2.4456e+41 9.9624e+41 4.177e+40 1.0184e+41 5.2357e+39 3.1069e+39 3.5257e+41 2.3096e+41
