# log(Us)  xid nh alpha [OII]3727 Hbeta [OIII]4959 [OIII]5007 [OI]6300 [NII]6548 Halpha [NII]6584 [SII]6717 [SII]6731 NV1240 CIV1548 CIV1551 HeII1640 OIII]1661 OIII]1666 [SiIII]1883 SiIII]1888 [CIII]1907 CIII]1910 
-1.5 0.5 100.0 -2.0 5.146e+40 1.1861e+42 7.8085e+41 2.3504e+42 1.0178e+40 4.3492e+38 3.42e+42 1.2835e+39 1.7162e+40 1.2245e+40 4.3761e+40 9.2182e+41 5.7139e+41 1.0372e+42 1.1972e+41 2.9473e+41 1.8742e+40 1.1127e+40 4.4471e+41 2.9121e+41
-1.5 0.5 1000.0 -1.2 1.8805e+41 3.6603e+42 1.4878e+42 4.4782e+42 2.6665e+41 6.3188e+39 1.1204e+43 1.8647e+40 2.71e+41 1.9905e+41 9.0686e+40 2.4678e+42 1.3642e+42 5.6866e+42 2.8073e+41 6.9166e+41 2.7131e+40 1.6533e+40 1.0961e+42 7.301e+41
-1.5 0.5 1000.0 -1.4 1.5461e+41 2.9797e+42 1.4148e+42 4.2587e+42 1.4716e+41 4.0585e+39 8.9519e+42 1.1977e+40 1.5911e+41 1.1826e+41 5.6331e+40 2.0247e+42 1.1214e+42 4.0961e+42 2.3564e+41 5.8053e+41 3.1341e+40 1.9105e+40 1.0603e+42 7.0659e+41
-1.5 0.5 1000.0 -1.7 1.2536e+41 2.108e+42 1.1002e+42 3.3115e+42 5.4633e+40 2.1669e+39 6.1966e+42 6.3946e+39 6.6267e+40 5.1224e+40 1.8676e+40 1.092e+42 5.9614e+41 2.1852e+42 1.4566e+41 3.5885e+41 3.2602e+40 1.9891e+40 8.0043e+41 5.3391e+41
-1.5 0.5 1000.0 -2.0 1.1166e+41 1.471e+42 7.5196e+41 2.2634e+42 2.0201e+40 1.3514e+39 4.2645e+42 3.9879e+39 2.9254e+40 2.4416e+40 4.0309e+39 4.3501e+41 2.3507e+41 1.0691e+42 7.7587e+40 1.9115e+41 2.8654e+40 1.7502e+40 4.9872e+41 3.3301e+41
-1.5 0.5 10000.0 -1.2 3.6922e+41 3.8049e+42 9.3133e+41 2.8033e+42 5.3004e+41 1.8341e+40 1.1715e+43 5.4124e+40 4.365e+41 4.1193e+41 1.1033e+39 2.4341e+41 1.2636e+41 5.2488e+42 6.7981e+40 1.6754e+41 2.9791e+40 2.4064e+40 5.3341e+41 4.3131e+41
-1.5 0.5 10000.0 -1.4 3.2753e+41 3.1575e+42 8.3903e+41 2.5255e+42 3.1054e+41 1.3196e+40 9.5396e+42 3.8943e+40 2.6384e+41 2.536e+41 4.9697e+38 1.5542e+41 8.1875e+40 3.8263e+42 5.6007e+40 1.3803e+41 2.8942e+40 2.3444e+40 4.4306e+41 3.5913e+41
-1.5 0.5 10000.0 -1.7 2.8819e+41 2.2427e+42 5.7018e+41 1.7162e+42 1.3089e+41 8.2992e+39 6.637e+42 2.4491e+40 1.1876e+41 1.2082e+41 8.3936e+37 5.43e+40 2.9481e+40 2.0462e+42 3.1048e+40 7.6521e+40 2.0634e+40 1.6837e+40 2.5993e+41 2.1182e+41
-1.5 0.5 10000.0 -2.0 2.5928e+41 1.5376e+42 3.1802e+41 9.5725e+41 5.5434e+40 5.939e+39 4.5101e+42 1.7526e+40 5.3925e+40 6.1439e+40 9.5787e+36 1.5531e+40 8.3146e+39 9.9045e+41 1.3696e+40 3.3757e+40 1.178e+40 9.6936e+39 1.2906e+41 1.0578e+41
-2.5 0.1 100.0 -1.2 8.6885e+41 3.5588e+42 1.5663e+42 4.7146e+42 4.1179e+41 6.6025e+39 1.0897e+43 1.9484e+40 2.8796e+41 2.026e+41 3.2415e+40 1.8453e+42 9.3561e+41 5.4198e+42 1.6125e+41 3.9737e+41 2.5431e+41 1.5048e+41 1.6233e+42 1.0631e+42
-2.5 0.1 100.0 -1.4 7.6218e+41 2.9766e+42 1.5076e+42 4.5378e+42 2.2444e+41 4.9411e+39 8.983e+42 1.4581e+40 1.7508e+41 1.2442e+41 2.7567e+40 1.5648e+42 7.9596e+41 3.9657e+42 1.4858e+41 3.6614e+41 2.7351e+41 1.6186e+41 1.4898e+42 9.7567e+41
-2.5 0.1 100.0 -1.7 5.8171e+41 2.119e+42 1.2112e+42 3.6458e+42 8.0831e+40 3.2589e+39 6.2951e+42 9.6171e+39 8.1699e+40 5.9241e+40 1.8963e+40 1.0181e+42 5.2188e+41 2.1466e+42 1.0909e+41 2.6881e+41 2.4865e+41 1.472e+41 1.0967e+42 7.1824e+41
-2.5 0.1 100.0 -2.0 4.285e+41 1.458e+42 8.7248e+41 2.6262e+42 2.831e+40 2.2196e+39 4.2883e+42 6.55e+39 4.1032e+40 3.0416e+40 1.1577e+40 5.8235e+41 3.0254e+41 1.0581e+42 7.0523e+40 1.7377e+41 1.9395e+41 1.1487e+41 7.1788e+41 4.7015e+41
-2.5 0.1 1000.0 -1.2 7.6991e+41 3.5817e+42 1.5567e+42 4.6856e+42 4.4011e+41 7.6429e+39 1.0938e+43 2.2554e+40 2.925e+41 2.2323e+41 2.5105e+40 1.8273e+42 9.2611e+41 5.4195e+42 1.5693e+41 3.8671e+41 2.5056e+41 1.5298e+41 1.5943e+42 1.0648e+42
-2.5 0.1 1000.0 -1.4 6.7359e+41 2.9972e+42 1.4967e+42 4.5051e+42 2.4094e+41 5.6787e+39 9.0187e+42 1.6758e+40 1.7155e+41 1.3592e+41 1.8027e+40 1.5057e+42 7.6558e+41 3.9664e+42 1.4364e+41 3.5396e+41 2.7059e+41 1.6525e+41 1.4604e+42 9.7549e+41
-2.5 0.1 1000.0 -1.7 5.1855e+41 2.1375e+42 1.1972e+42 3.6035e+42 8.8581e+40 3.6652e+39 6.3312e+42 1.0816e+40 7.4952e+40 6.442e+40 7.5865e+39 8.8077e+41 4.5174e+41 2.1465e+42 1.0318e+41 2.5425e+41 2.4939e+41 1.5238e+41 1.0653e+42 7.1184e+41
-2.5 0.1 1000.0 -2.0 3.9316e+41 1.4743e+42 8.5204e+41 2.5646e+42 3.2505e+40 2.4906e+39 4.3256e+42 7.3497e+39 3.5469e+40 3.3614e+40 2.0857e+39 3.9902e+41 2.0861e+41 1.0584e+42 6.3847e+40 1.5732e+41 1.9829e+41 1.2126e+41 6.7682e+41 4.5248e+41
-2.5 0.1 10000.0 -1.2 6.0016e+41 3.6229e+42 1.3241e+42 3.9855e+42 5.8665e+41 1.3596e+40 1.1058e+43 4.0123e+40 3.0028e+41 2.954e+41 8.7037e+38 4.031e+41 2.0694e+41 5.1544e+42 8.9532e+40 2.2065e+41 2.4929e+41 2.0207e+41 9.6799e+41 7.8478e+41
-2.5 0.1 10000.0 -1.4 5.407e+41 3.0479e+42 1.1966e+42 3.6017e+42 3.4327e+41 1.0583e+40 9.1764e+42 3.1231e+40 1.7743e+41 1.8152e+41 4.0486e+38 2.5856e+41 1.3448e+41 3.7854e+42 7.4402e+40 1.8336e+41 2.4005e+41 1.9508e+41 8.086e+41 6.5696e+41
-2.5 0.1 10000.0 -1.7 4.6595e+41 2.1875e+42 8.2566e+41 2.4852e+42 1.4812e+41 7.4623e+39 6.4942e+42 2.2021e+40 8.0697e+40 9.0309e+40 7.2815e+37 9.1039e+40 4.9185e+40 2.0437e+42 4.24e+40 1.045e+41 1.7232e+41 1.4098e+41 4.8401e+41 3.9513e+41
-2.5 0.1 10000.0 -2.0 4.0606e+41 1.5118e+42 4.6865e+41 1.4106e+42 6.7476e+40 5.7145e+39 4.4524e+42 1.6863e+40 4.0779e+40 5.1199e+40 8.7553e+36 2.6463e+40 1.4622e+40 9.9752e+41 1.9174e+40 4.7257e+40 9.9733e+40 8.2247e+40 2.4478e+41 2.0091e+41
-2.5 0.3 100.0 -1.2 7.3567e+41 3.5547e+42 1.3123e+42 3.9499e+42 4.1138e+41 6.6902e+39 1.0919e+43 1.9743e+40 3.583e+41 2.5115e+41 3.3026e+40 1.3172e+42 6.8367e+41 5.3941e+42 1.3791e+41 3.3987e+41 1.1296e+41 6.6842e+40 1.1909e+42 7.7988e+41
-2.5 0.3 100.0 -1.4 6.4513e+41 2.9674e+42 1.2669e+42 3.8134e+42 2.2559e+41 4.9888e+39 8.9815e+42 1.4722e+40 2.1489e+41 1.5189e+41 2.8147e+40 1.1259e+42 5.8687e+41 3.9475e+42 1.2825e+41 3.1605e+41 1.2247e+41 7.2472e+40 1.1018e+42 7.2156e+41
-2.5 0.3 100.0 -1.7 4.928e+41 2.1076e+42 1.0237e+42 3.0813e+42 8.1666e+40 3.2759e+39 6.276e+42 9.6673e+39 9.6471e+40 6.9431e+40 1.9367e+40 7.4398e+41 3.9147e+41 2.1374e+42 9.569e+40 2.358e+41 1.129e+41 6.6831e+40 8.2196e+41 5.383e+41
-2.5 0.3 100.0 -2.0 3.6388e+41 1.4467e+42 7.4212e+41 2.2338e+42 2.8518e+40 2.2271e+39 4.264e+42 6.5721e+39 4.6091e+40 3.3908e+40 1.1787e+40 4.3445e+41 2.3209e+41 1.0539e+42 6.2959e+40 1.5514e+41 8.9383e+40 5.2934e+40 5.4579e+41 3.5744e+41
-2.5 0.3 1000.0 -1.2 6.5423e+41 3.5897e+42 1.3118e+42 3.9485e+42 4.3989e+41 7.7255e+39 1.0994e+43 2.2798e+40 3.6725e+41 2.7574e+41 2.5659e+40 1.3132e+42 6.7925e+41 5.4035e+42 1.3494e+41 3.3255e+41 1.1203e+41 6.8394e+40 1.1751e+42 7.8475e+41
-2.5 0.3 1000.0 -1.4 5.7216e+41 2.9997e+42 1.2651e+42 3.8081e+42 2.4174e+41 5.735e+39 9.0507e+42 1.6924e+40 2.1331e+41 1.6527e+41 1.8472e+40 1.0928e+42 5.6701e+41 3.9558e+42 1.2457e+41 3.0699e+41 1.2191e+41 7.444e+40 1.0846e+42 7.2439e+41
-2.5 0.3 1000.0 -1.7 4.4109e+41 2.1357e+42 1.0177e+42 3.0633e+42 8.887e+40 3.698e+39 6.34e+42 1.0913e+40 9.0149e+40 7.5121e+40 7.7864e+39 6.5209e+41 3.411e+41 2.1416e+42 9.0771e+40 2.2368e+41 1.1383e+41 6.954e+40 8.0065e+41 5.3491e+41
-2.5 0.3 1000.0 -2.0 3.3533e+41 1.472e+42 7.285e+41 2.1928e+42 3.2409e+40 2.5125e+39 4.3268e+42 7.4144e+39 4.0874e+40 3.7443e+40 2.1415e+39 3.0292e+41 1.6153e+41 1.0564e+42 5.6929e+40 1.4029e+41 9.1603e+40 5.6005e+40 5.14e+41 3.4357e+41
-2.5 0.3 10000.0 -1.2 5.1146e+41 3.6385e+42 1.1229e+42 3.38e+42 5.6627e+41 1.3723e+40 1.113e+43 4.0497e+40 3.6766e+41 3.4976e+41 8.8942e+38 3.0004e+41 1.5523e+41 5.1519e+42 7.7067e+40 1.8993e+41 1.1202e+41 9.0743e+40 7.1342e+41 5.7813e+41
-2.5 0.3 10000.0 -1.4 4.6041e+41 3.0611e+42 1.0166e+42 3.06e+42 3.3186e+41 1.0706e+40 9.2326e+42 3.1595e+40 2.1793e+41 2.1428e+41 4.1443e+38 1.9442e+41 1.0197e+41 3.7839e+42 6.4329e+40 1.5854e+41 1.0827e+41 8.7925e+40 5.9811e+41 4.8569e+41
-2.5 0.3 10000.0 -1.7 3.9682e+41 2.1947e+42 7.0334e+41 2.117e+42 1.4187e+41 7.5574e+39 6.5239e+42 2.2302e+40 9.6479e+40 1.0317e+41 7.4556e+37 6.9994e+40 3.7973e+40 2.043e+42 3.6877e+40 9.0886e+40 7.8081e+40 6.3826e+40 3.5968e+41 2.9346e+41
-2.5 0.3 10000.0 -2.0 3.4634e+41 1.5166e+42 4.0018e+41 1.2045e+42 6.3935e+40 5.7832e+39 4.4712e+42 1.7066e+40 4.7369e+40 5.6624e+40 8.953e+36 2.0674e+40 1.1233e+40 9.973e+41 1.6762e+40 4.1312e+40 4.5367e+40 3.7378e+40 1.8262e+41 1.498e+41
-2.5 0.5 100.0 -1.2 5.6189e+41 3.5498e+42 9.9334e+41 2.99e+42 3.5864e+41 6.7463e+39 1.0935e+43 1.9908e+40 4.2174e+41 2.9499e+41 3.3595e+40 9.1132e+41 4.7271e+41 5.3696e+42 1.0641e+41 2.6224e+41 2.8058e+40 1.6602e+40 8.0565e+41 5.2761e+41
-2.5 0.5 100.0 -1.4 4.9271e+41 2.9581e+42 9.6201e+41 2.8956e+42 1.9738e+41 5.0189e+39 8.9791e+42 1.4811e+40 2.498e+41 1.7601e+41 2.8711e+40 7.8583e+41 4.1002e+41 3.9306e+42 9.9859e+40 2.461e+41 3.0651e+40 1.8138e+40 7.5142e+41 4.9209e+41
-2.5 0.5 100.0 -1.7 3.7691e+41 2.0968e+42 7.8172e+41 2.353e+42 7.2068e+40 3.2872e+39 6.2593e+42 9.7007e+39 1.1012e+41 7.8862e+40 1.9774e+40 5.2788e+41 2.789e+41 2.129e+42 7.568e+40 1.865e+41 2.8639e+40 1.6952e+40 5.6796e+41 3.7196e+41
-2.5 0.5 100.0 -2.0 2.7911e+41 1.4368e+42 5.7036e+41 1.7168e+42 2.5134e+40 2.2333e+39 4.2438e+42 6.5904e+39 5.0839e+40 3.7188e+40 1.1999e+40 3.1456e+41 1.6943e+41 1.05e+42 5.069e+40 1.2492e+41 2.3018e+40 1.3631e+40 3.8262e+41 2.5058e+41
-2.5 0.5 1000.0 -1.2 5.0102e+41 3.5929e+42 9.9864e+41 3.0059e+42 3.7755e+41 7.7655e+39 1.1035e+43 2.2916e+40 4.2333e+41 3.1509e+41 2.6172e+40 9.0994e+41 4.7137e+41 5.3887e+42 1.0471e+41 2.5805e+41 2.8005e+40 1.7095e+40 7.9892e+41 5.3351e+41
-2.5 0.5 1000.0 -1.4 4.3835e+41 2.9996e+42 9.6604e+41 2.9078e+42 2.0782e+41 5.7625e+39 9.075e+42 1.7005e+40 2.4432e+41 1.8704e+41 1.8891e+40 7.6278e+41 3.9705e+41 3.9459e+42 9.7453e+40 2.4017e+41 3.0701e+40 1.8743e+40 7.4287e+41 4.9612e+41
-2.5 0.5 1000.0 -1.7 3.3862e+41 2.1335e+42 7.8137e+41 2.3519e+42 7.6619e+40 3.7185e+39 6.348e+42 1.0973e+40 1.0187e+41 8.3368e+40 7.9763e+39 4.6165e+41 2.4296e+41 2.1371e+42 7.1997e+40 1.7743e+41 2.9023e+40 1.7726e+40 5.5469e+41 3.7054e+41
-2.5 0.5 1000.0 -2.0 2.5817e+41 1.4693e+42 5.6244e+41 1.6929e+42 2.783e+40 2.5286e+39 4.3269e+42 7.462e+39 4.5035e+40 4.0393e+40 2.1955e+39 2.1861e+41 1.1775e+41 1.0545e+42 4.5751e+40 1.1275e+41 2.3629e+40 1.4442e+40 3.5972e+41 2.4041e+41
-2.5 0.5 10000.0 -1.2 3.9238e+41 3.6464e+42 8.6006e+41 2.5888e+42 4.6686e+41 1.3756e+40 1.1178e+43 4.0594e+40 4.0777e+41 3.8151e+41 9.0775e+38 2.0837e+41 1.0828e+41 5.1497e+42 5.9859e+40 1.4753e+41 2.8132e+40 2.2775e+40 4.8512e+41 3.9296e+41
-2.5 0.5 10000.0 -1.4 3.533e+41 3.0657e+42 7.7993e+41 2.3476e+42 2.7195e+41 1.075e+40 9.2647e+42 3.1723e+40 2.3825e+41 2.3048e+41 4.2354e+38 1.3637e+41 7.191e+40 3.7826e+42 5.0167e+40 1.2364e+41 2.7282e+40 2.2139e+40 4.0806e+41 3.312e+41
-2.5 0.5 10000.0 -1.7 3.0484e+41 2.1978e+42 5.4098e+41 1.6283e+42 1.16e+41 7.6111e+39 6.5431e+42 2.246e+40 1.0479e+41 1.0992e+41 7.6256e+37 5.0218e+40 2.7152e+40 2.0424e+42 2.8926e+40 7.1291e+40 1.9761e+40 1.614e+40 2.4651e+41 2.0102e+41
-2.5 0.5 10000.0 -2.0 2.6641e+41 1.5183e+42 3.0836e+41 9.2815e+41 5.1993e+40 5.8275e+39 4.4815e+42 1.7197e+40 5.0802e+40 5.945e+40 9.1423e+36 1.489e+40 7.9331e+39 9.971e+41 1.3196e+40 3.2524e+40 1.1511e+40 9.4759e+39 1.2551e+41 1.0289e+41
-2.0 0.1 100.0 -1.2 4.5578e+41 3.6572e+42 2.0763e+42 6.2496e+42 3.525e+41 4.636e+39 1.1091e+43 1.3681e+40 2.3898e+41 1.6712e+41 8.2774e+40 3.9692e+42 2.0164e+42 5.645e+42 3.1748e+41 7.8212e+41 2.5785e+41 1.526e+41 2.0525e+42 1.344e+42
-2.0 0.1 100.0 -1.4 3.769e+41 2.9984e+42 1.9931e+42 5.9991e+42 1.8042e+41 2.9388e+39 8.9292e+42 8.6723e+39 1.3421e+41 9.45e+40 6.7947e+40 3.4612e+42 1.7617e+42 4.0796e+42 2.8182e+41 6.942e+41 2.8397e+41 1.6809e+41 1.8914e+42 1.2386e+42
-2.0 0.1 100.0 -1.7 2.7174e+41 2.109e+42 1.5856e+42 4.7725e+42 5.7414e+40 1.6073e+39 6.1575e+42 4.7432e+39 5.356e+40 3.8352e+40 4.4742e+40 2.2914e+42 1.1711e+42 2.1793e+42 1.9393e+41 4.7762e+41 2.623e+41 1.5536e+41 1.3786e+42 9.0279e+41
-2.0 0.1 100.0 -2.0 1.9321e+41 1.4491e+42 1.1307e+42 3.4033e+42 1.713e+40 9.9139e+38 4.1897e+42 2.9256e+39 2.2657e+40 1.6614e+40 2.6744e+40 1.3054e+42 6.7171e+41 1.0656e+42 1.1797e+41 2.9049e+41 2.0597e+41 1.2212e+41 8.9236e+41 5.8439e+41
-2.0 0.1 1000.0 -1.2 4.3643e+41 3.7128e+42 2.0233e+42 6.09e+42 3.9052e+41 6.6477e+39 1.127e+43 1.9617e+40 2.5316e+41 1.892e+41 5.767e+40 3.7489e+42 1.9004e+42 5.6606e+42 2.8672e+41 7.0637e+41 2.5106e+41 1.5315e+41 2.0735e+42 1.3828e+42
-2.0 0.1 1000.0 -1.4 3.661e+41 3.0587e+42 1.938e+42 5.8332e+42 2.0545e+41 4.3739e+39 9.1177e+42 1.2907e+40 1.4156e+41 1.0849e+41 3.8466e+40 3.0631e+42 1.5552e+42 4.0928e+42 2.5075e+41 6.1773e+41 2.8076e+41 1.7132e+41 1.9104e+42 1.2744e+42
-2.0 0.1 1000.0 -1.7 2.8126e+41 2.1654e+42 1.5212e+42 4.5788e+42 7.1317e+40 2.4294e+39 6.332e+42 7.1692e+39 5.6809e+40 4.65e+40 1.4114e+40 1.6632e+42 8.4852e+41 2.1863e+42 1.6394e+41 4.0383e+41 2.7166e+41 1.659e+41 1.3793e+42 9.2078e+41
-2.0 0.1 1000.0 -2.0 2.2575e+41 1.4947e+42 1.0516e+42 3.1654e+42 2.5137e+40 1.5496e+39 4.3303e+42 4.5729e+39 2.5204e+40 2.2767e+40 3.2961e+39 6.6557e+41 3.4428e+41 1.0694e+42 9.178e+40 2.2609e+41 2.2582e+41 1.3806e+41 8.5128e+41 5.6878e+41
-2.0 0.1 10000.0 -1.2 5.6583e+41 3.742e+42 1.4164e+42 4.2632e+42 6.4465e+41 1.6376e+40 1.1417e+43 4.8326e+40 3.1929e+41 3.1329e+41 1.0271e+39 4.6003e+41 2.3588e+41 5.2365e+42 9.9665e+40 2.4562e+41 2.6194e+41 2.1193e+41 1.0489e+42 8.4917e+41
-2.0 0.1 10000.0 -1.4 5.0574e+41 3.119e+42 1.2709e+42 3.8253e+42 3.7429e+41 1.1967e+40 9.3607e+42 3.5315e+40 1.8923e+41 1.9141e+41 4.6258e+38 2.8825e+41 1.4972e+41 3.8251e+42 8.1421e+40 2.0066e+41 2.5195e+41 2.0446e+41 8.6498e+41 7.0203e+41
-2.0 0.1 10000.0 -1.7 4.442e+41 2.2234e+42 8.6331e+41 2.5986e+42 1.584e+41 7.7924e+39 6.5619e+42 2.2995e+40 8.5286e+40 9.3428e+40 7.9222e+37 9.7375e+40 5.2571e+40 2.0498e+42 4.5017e+40 1.1095e+41 1.7879e+41 1.4616e+41 5.0627e+41 4.1308e+41
-2.0 0.1 10000.0 -2.0 3.9677e+41 1.5253e+42 4.8183e+41 1.4503e+42 7.002e+40 5.7384e+39 4.477e+42 1.6934e+40 4.1983e+40 5.168e+40 9.1641e+36 2.74e+40 1.5201e+40 9.9451e+41 1.9834e+40 4.8883e+40 1.0189e+41 8.3994e+40 2.5106e+41 2.0601e+41
-2.0 0.3 100.0 -1.2 3.8268e+41 3.5784e+42 1.6862e+42 5.0755e+42 3.4935e+41 4.6858e+39 1.0919e+43 1.3828e+40 2.9549e+41 2.061e+41 8.3919e+40 2.5855e+42 1.4107e+42 5.5753e+42 2.6576e+41 6.5477e+41 1.0972e+41 6.4929e+40 1.4741e+42 9.6527e+41
-2.0 0.3 100.0 -1.4 3.1548e+41 2.9186e+42 1.6305e+42 4.9078e+42 1.8095e+41 2.9552e+39 8.7456e+42 8.7208e+39 1.652e+41 1.1586e+41 6.9459e+40 2.2663e+42 1.2409e+42 4.0335e+42 2.4047e+41 5.9241e+41 1.2308e+41 7.2853e+40 1.3814e+42 9.046e+41
-2.0 0.3 100.0 -1.7 2.2724e+41 2.0395e+42 1.3128e+42 3.9514e+42 5.8656e+40 1.6033e+39 5.9855e+42 4.7313e+39 6.4347e+40 4.5774e+40 4.6011e+40 1.5339e+42 8.373e+41 2.1585e+42 1.7042e+41 4.198e+41 1.1725e+41 6.9442e+40 1.0324e+42 6.7606e+41
-2.0 0.3 100.0 -2.0 1.6195e+41 1.3985e+42 9.4773e+41 2.8527e+42 1.7777e+40 9.8475e+38 4.0558e+42 2.906e+39 2.6127e+40 1.8995e+40 2.7489e+40 9.0132e+41 4.9132e+41 1.0572e+42 1.0655e+41 2.6243e+41 9.476e+40 5.6172e+40 6.837e+41 4.4773e+41
-2.0 0.3 1000.0 -1.2 3.7087e+41 3.6908e+42 1.69e+42 5.087e+42 3.8437e+41 6.608e+39 1.1259e+43 1.95e+40 3.1261e+41 2.3092e+41 5.9147e+40 2.522e+42 1.3572e+42 5.6313e+42 2.4635e+41 6.0697e+41 1.1085e+41 6.7608e+40 1.5255e+42 1.0172e+42
-2.0 0.3 1000.0 -1.4 3.1082e+41 3.0329e+42 1.6281e+42 4.9005e+42 2.0371e+41 4.3618e+39 9.0864e+42 1.2872e+40 1.7407e+41 1.3131e+41 3.9608e+40 2.1001e+42 1.1214e+42 4.0749e+42 2.1838e+41 5.3804e+41 1.2576e+41 7.6722e+40 1.4223e+42 9.487e+41
-2.0 0.3 1000.0 -1.7 2.3903e+41 2.1438e+42 1.2898e+42 3.8822e+42 7.1296e+40 2.4407e+39 6.2952e+42 7.2024e+39 6.8662e+40 5.4827e+40 1.4544e+40 1.1854e+42 6.2826e+41 2.1795e+42 1.4558e+41 3.5865e+41 1.243e+41 7.5886e+40 1.0438e+42 6.9667e+41
-2.0 0.3 1000.0 -2.0 1.9242e+41 1.4822e+42 8.9913e+41 2.7064e+42 2.5157e+40 1.5649e+39 4.3048e+42 4.6181e+39 2.9448e+40 2.576e+40 3.3887e+39 4.9368e+41 2.6408e+41 1.0669e+42 8.2592e+40 2.0348e+41 1.0499e+41 6.4161e+40 6.5133e+41 4.351e+41
-2.0 0.3 10000.0 -1.2 4.82e+41 3.7494e+42 1.201e+42 3.6151e+42 6.1136e+41 1.6385e+40 1.1477e+43 4.8353e+40 3.8316e+41 3.6474e+41 1.0489e+39 3.4192e+41 1.7681e+41 5.2338e+42 8.5778e+40 2.114e+41 1.1767e+41 9.5139e+40 7.7289e+41 6.2542e+41
-2.0 0.3 10000.0 -1.4 4.306e+41 3.1245e+42 1.0798e+42 3.2502e+42 3.5578e+41 1.2071e+40 9.4052e+42 3.5621e+40 2.2663e+41 2.2164e+41 4.7351e+38 2.1665e+41 1.1352e+41 3.8235e+42 7.0421e+40 1.7355e+41 1.1366e+41 9.2165e+40 6.3997e+41 5.1913e+41
-2.0 0.3 10000.0 -1.7 3.7829e+41 2.2289e+42 7.3543e+41 2.2137e+42 1.5155e+41 7.9178e+39 6.5898e+42 2.3366e+40 1.024e+41 1.0733e+41 8.1083e+37 7.485e+40 4.0632e+40 2.0492e+42 3.9153e+40 9.6495e+40 8.1007e+40 6.6165e+40 3.7622e+41 3.0679e+41
-2.0 0.3 10000.0 -2.0 3.3844e+41 1.53e+42 4.1143e+41 1.2384e+42 6.6231e+40 5.8264e+39 4.4933e+42 1.7194e+40 4.8507e+40 5.7052e+40 9.3666e+36 2.1437e+40 1.17e+40 9.9431e+41 1.7334e+40 4.2721e+40 4.6337e+40 3.8163e+40 1.8728e+41 1.5358e+41
-2.0 0.5 100.0 -1.2 2.8989e+41 3.5127e+42 1.2397e+42 3.7315e+42 3.0088e+41 4.7101e+39 1.0777e+43 1.3899e+40 3.4219e+41 2.3836e+41 8.5107e+40 1.8045e+42 9.6748e+41 5.5104e+42 2.0092e+41 4.9509e+41 2.6147e+40 1.5473e+40 9.7616e+41 6.392e+41
-2.0 0.5 100.0 -1.4 2.3857e+41 2.8524e+42 1.2074e+42 3.6342e+42 1.5762e+41 2.9606e+39 8.5957e+42 8.7367e+39 1.9148e+41 1.34e+41 7.1011e+40 1.605e+42 8.6992e+41 3.9904e+42 1.8517e+41 4.5625e+41 2.9834e+40 1.7658e+40 9.2969e+41 6.0878e+41
-2.0 0.5 100.0 -1.7 1.7188e+41 1.982e+42 9.8386e+41 2.9614e+42 5.2102e+40 1.5968e+39 5.8465e+42 4.7122e+39 7.438e+40 5.2687e+40 4.7383e+40 1.1036e+42 6.0747e+41 2.139e+42 1.3516e+41 3.33e+41 2.9288e+40 1.7343e+40 7.1291e+41 4.6684e+41
-2.0 0.5 100.0 -2.0 1.2285e+41 1.3545e+42 7.1905e+41 2.1644e+42 1.5873e+40 9.7805e+38 3.943e+42 2.8862e+39 2.9129e+40 2.1058e+40 2.829e+40 6.5981e+41 3.6809e+41 1.0492e+42 8.6907e+40 2.141e+41 2.4379e+40 1.4448e+40 4.835e+41 3.1662e+41
-2.0 0.5 1000.0 -1.2 2.8382e+41 3.6686e+42 1.2754e+42 3.839e+42 3.2429e+41 6.5322e+39 1.1242e+43 1.9277e+40 3.526e+41 2.5895e+41 6.0522e+40 1.777e+42 9.4591e+41 5.6039e+42 1.9082e+41 4.7021e+41 2.737e+40 1.6691e+40 1.0331e+42 6.888e+41
-2.0 0.5 1000.0 -1.4 2.3793e+41 3.0121e+42 1.2362e+42 3.7208e+42 1.7452e+41 4.3277e+39 9.0668e+42 1.2771e+40 2.0001e+41 1.4947e+41 4.0713e+40 1.4851e+42 7.9345e+41 4.0581e+42 1.7156e+41 4.2274e+41 3.149e+40 1.9207e+40 9.7586e+41 6.5082e+41
-2.0 0.5 1000.0 -1.7 1.8336e+41 2.1262e+42 9.885e+41 2.9754e+42 6.1648e+40 2.4354e+39 6.2691e+42 7.1869e+39 7.869e+40 6.1853e+40 1.4956e+40 8.4716e+41 4.5246e+41 2.1729e+42 1.1663e+41 2.8738e+41 3.1799e+40 1.9407e+40 7.284e+41 4.8609e+41
-2.0 0.5 1000.0 -2.0 1.4811e+41 1.4702e+42 6.9462e+41 2.0908e+42 2.1556e+40 1.5711e+39 4.2828e+42 4.6364e+39 3.256e+40 2.7955e+40 3.4798e+39 3.6008e+41 1.9342e+41 1.0645e+42 6.7069e+40 1.6526e+41 2.7279e+40 1.6665e+40 4.5969e+41 3.0702e+41
-2.0 0.5 10000.0 -1.2 3.696e+41 3.746e+42 9.1989e+41 2.7689e+42 4.9347e+41 1.624e+40 1.1507e+43 4.7924e+40 4.1077e+41 3.8652e+41 1.0709e+39 2.3763e+41 1.2337e+41 5.2314e+42 6.6643e+40 1.6425e+41 2.9556e+40 2.3882e+40 5.2567e+41 4.2519e+41
-2.0 0.5 10000.0 -1.4 3.3039e+41 3.1256e+42 8.2836e+41 2.4934e+42 2.9105e+41 1.2058e+40 9.436e+42 3.5582e+40 2.4922e+41 2.3958e+41 4.8377e+38 1.5195e+41 8.0062e+40 3.8221e+42 5.4916e+40 1.3535e+41 2.8637e+40 2.3205e+40 4.3659e+41 3.5398e+41
-2.0 0.5 10000.0 -1.7 2.9058e+41 2.2289e+42 5.6578e+41 1.703e+42 1.2364e+41 7.9704e+39 6.6049e+42 2.3521e+40 1.1093e+41 1.1422e+41 8.2945e+37 5.3734e+40 2.9152e+40 2.0487e+42 3.0726e+40 7.5727e+40 2.0509e+40 1.6738e+40 2.5795e+41 2.1023e+41
-2.0 0.5 10000.0 -2.0 2.6034e+41 1.5324e+42 3.1711e+41 9.545e+41 5.4196e+40 5.8805e+39 4.5043e+42 1.7353e+40 5.27e+40 6.048e+40 9.5681e+36 1.5491e+40 8.2868e+39 9.9412e+41 1.3655e+40 3.3654e+40 1.1762e+40 9.6792e+39 1.2877e+41 1.0554e+41
-3.5 0.1 100.0 -1.2 2.0719e+42 3.1941e+42 6.4432e+41 1.9394e+42 4.8773e+41 1.4555e+40 9.8036e+42 4.2951e+40 4.6467e+41 3.3392e+41 1.7629e+39 1.8697e+41 9.7291e+40 4.1915e+42 3.2466e+40 8.0018e+40 1.5469e+41 9.1559e+40 4.8882e+41 3.2018e+41
-3.5 0.1 100.0 -1.4 1.9274e+42 2.7987e+42 5.9233e+41 1.7829e+42 3.218e+41 1.2932e+40 8.5067e+42 3.8162e+40 3.5568e+41 2.5776e+41 1.528e+39 1.5939e+41 8.3982e+40 3.1865e+42 2.9395e+40 7.245e+40 1.5116e+41 8.9473e+40 4.417e+41 2.8932e+41
-3.5 0.1 100.0 -1.7 1.5425e+42 2.0696e+42 4.4766e+41 1.3475e+42 1.5538e+41 9.8459e+39 6.2134e+42 2.9055e+40 2.1698e+41 1.5948e+41 1.0587e+39 1.0756e+41 5.8212e+40 1.8115e+42 2.153e+40 5.3063e+40 1.2298e+41 7.2799e+40 3.2475e+41 2.1271e+41
-3.5 0.1 100.0 -2.0 1.1518e+42 1.4478e+42 3.0483e+41 9.1754e+41 7.3075e+40 7.1003e+39 4.3053e+42 2.0953e+40 1.3007e+41 9.6903e+40 6.3716e+38 6.6289e+40 3.7268e+40 9.2913e+41 1.4091e+40 3.4729e+40 8.8788e+40 5.2569e+40 2.1499e+41 1.4082e+41
-3.5 0.1 1000.0 -1.2 1.7964e+42 3.2363e+42 6.4314e+41 1.9358e+42 5.2836e+41 1.4655e+40 9.8956e+42 4.3248e+40 4.457e+41 3.7017e+41 1.4331e+39 1.8827e+41 9.79e+40 4.1851e+42 3.2335e+40 7.9694e+40 1.5151e+41 9.2838e+40 4.8434e+41 3.2437e+41
-3.5 0.1 1000.0 -1.4 1.6645e+42 2.8187e+42 5.9109e+41 1.7792e+42 3.4215e+41 1.2985e+40 8.5325e+42 3.8318e+40 3.1952e+41 2.7641e+41 1.084e+39 1.5864e+41 8.3501e+40 3.1813e+42 2.9238e+40 7.2062e+40 1.4807e+41 9.0733e+40 4.3722e+41 2.9282e+41
-3.5 0.1 1000.0 -1.7 1.3272e+42 2.0779e+42 4.4651e+41 1.344e+42 1.629e+41 9.8586e+39 6.2104e+42 2.9093e+40 1.8035e+41 1.668e+41 5.1841e+38 1.0227e+41 5.5228e+40 1.8083e+42 2.1341e+40 5.2599e+40 1.2048e+41 7.3841e+40 3.2052e+41 2.1468e+41
-3.5 0.1 1000.0 -2.0 9.8862e+41 1.4533e+42 3.0379e+41 9.1442e+41 7.6094e+40 7.0985e+39 4.3012e+42 2.0948e+40 1.0135e+41 1.0014e+41 1.7943e+38 5.6635e+40 3.1641e+40 9.2693e+41 1.3873e+40 3.4193e+40 8.6918e+40 5.3286e+40 2.1053e+41 1.4102e+41
-3.5 0.1 10000.0 -1.2 9.2118e+41 3.2779e+42 6.2512e+41 1.8816e+42 5.9287e+41 1.4864e+40 9.9761e+42 4.3864e+40 3.5284e+41 3.7313e+41 1.2717e+38 9.0009e+40 4.6875e+40 4.1004e+42 2.9226e+40 7.2031e+40 1.2804e+41 1.0545e+41 3.9939e+41 3.2715e+41
-3.5 0.1 10000.0 -1.4 8.4152e+41 2.8466e+42 5.662e+41 1.7043e+42 3.8321e+41 1.3091e+40 8.5754e+42 3.8632e+40 2.3478e+41 2.5931e+41 6.9248e+37 6.5759e+40 3.4533e+40 3.1093e+42 2.5469e+40 6.2772e+40 1.2198e+41 1.0055e+41 3.492e+41 2.8632e+41
-3.5 0.1 10000.0 -1.7 6.6891e+41 2.0974e+42 4.0642e+41 1.2233e+42 1.8446e+41 9.9565e+39 6.2382e+42 2.9382e+40 1.1876e+41 1.4169e+41 1.6733e+37 3.0141e+40 1.5898e+40 1.7507e+42 1.6541e+40 4.0769e+40 9.211e+40 7.6142e+40 2.3492e+41 1.9305e+41
-3.5 0.1 10000.0 -2.0 5.0612e+41 1.4682e+42 2.4754e+41 7.451e+41 8.8944e+40 7.3062e+39 4.3256e+42 2.156e+40 6.0403e+40 7.8625e+40 2.6492e+36 1.0829e+40 5.6575e+39 8.8144e+41 8.6977e+39 2.1437e+40 5.8921e+40 4.8917e+40 1.3573e+41 1.1187e+41
-3.5 0.3 100.0 -1.2 1.7628e+42 3.2141e+42 5.4651e+41 1.645e+42 4.6891e+41 1.4683e+40 9.8838e+42 4.3328e+40 5.2386e+41 3.7493e+41 1.792e+39 1.4004e+41 7.3205e+40 4.1884e+42 2.7947e+40 6.888e+40 6.9552e+40 4.1167e+40 3.6033e+41 2.3602e+41
-3.5 0.3 100.0 -1.4 1.6409e+42 2.812e+42 5.0306e+41 1.5142e+42 3.1176e+41 1.3036e+40 8.5623e+42 3.8469e+40 4.001e+41 2.8853e+41 1.5533e+39 1.2039e+41 6.3761e+40 3.1839e+42 2.54e+40 6.2603e+40 6.8181e+40 4.0357e+40 3.2663e+41 2.1394e+41
-3.5 0.3 100.0 -1.7 1.3154e+42 2.0769e+42 3.8097e+41 1.1467e+42 1.5038e+41 9.9215e+39 6.2461e+42 2.9278e+40 2.4e+41 1.7543e+41 1.0751e+39 8.2602e+40 4.4939e+40 1.8097e+42 1.8723e+40 4.6146e+40 5.5762e+40 3.3009e+40 2.4144e+41 1.5814e+41
-3.5 0.3 100.0 -2.0 9.8473e+41 1.4519e+42 2.6013e+41 7.83e+41 6.9766e+40 7.1596e+39 4.3243e+42 2.1128e+40 1.4034e+41 1.0405e+41 6.451e+38 5.1993e+40 2.9318e+40 9.2819e+41 1.235e+40 3.0439e+40 4.052e+40 2.399e+40 1.6087e+41 1.0537e+41
-3.5 0.3 1000.0 -1.2 1.5286e+42 3.2622e+42 5.4543e+41 1.6418e+42 5.2649e+41 1.4795e+40 9.993e+42 4.366e+40 5.3594e+41 4.3381e+41 1.4585e+39 1.4092e+41 7.3611e+40 4.1823e+42 2.7815e+40 6.8555e+40 6.8076e+40 4.171e+40 3.5681e+41 2.3895e+41
-3.5 0.3 1000.0 -1.4 1.4169e+42 2.8339e+42 5.019e+41 1.5107e+42 3.3838e+41 1.3092e+40 8.5933e+42 3.8635e+40 3.7577e+41 3.1616e+41 1.1047e+39 1.1975e+41 6.3341e+40 3.1791e+42 2.5243e+40 6.2215e+40 6.6732e+40 4.0888e+40 3.2308e+41 2.1637e+41
-3.5 0.3 1000.0 -1.7 1.1315e+42 2.0856e+42 3.7998e+41 1.1437e+42 1.5864e+41 9.9344e+39 6.2435e+42 2.9316e+40 2.05e+41 1.8432e+41 5.2897e+38 7.8443e+40 4.2531e+40 1.8069e+42 1.8545e+40 4.5708e+40 5.4598e+40 3.3458e+40 2.3813e+41 1.5949e+41
-3.5 0.3 1000.0 -2.0 8.4478e+41 1.4569e+42 2.5916e+41 7.8008e+41 7.2796e+40 7.156e+39 4.3184e+42 2.1117e+40 1.1171e+41 1.0759e+41 1.833e+38 4.4288e+40 2.4696e+40 9.2617e+41 1.2143e+40 2.9929e+40 3.9621e+40 2.4286e+40 1.5734e+41 1.0539e+41
-3.5 0.3 10000.0 -1.2 7.848e+41 3.298e+42 5.3005e+41 1.5954e+42 5.8383e+41 1.5005e+40 1.0054e+43 4.4279e+40 4.3412e+41 4.3921e+41 1.2952e+38 6.7457e+40 3.5052e+40 4.099e+42 2.5099e+40 6.186e+40 5.7441e+40 4.7281e+40 2.9376e+41 2.4055e+41
-3.5 0.3 10000.0 -1.4 7.1662e+41 2.8599e+42 4.8064e+41 1.4467e+42 3.7358e+41 1.32e+40 8.6292e+42 3.8954e+40 2.8401e+41 2.9943e+41 7.0617e+37 4.963e+40 2.5921e+40 3.1085e+42 2.1943e+40 5.4081e+40 5.4865e+40 4.5199e+40 2.575e+41 2.1105e+41
-3.5 0.3 10000.0 -1.7 5.6998e+41 2.1045e+42 3.4564e+41 1.0404e+42 1.7706e+41 1.0035e+40 6.2686e+42 2.9612e+40 1.4017e+41 1.5928e+41 1.7077e+37 2.2877e+40 1.1951e+40 1.7502e+42 1.432e+40 3.5295e+40 4.1597e+40 3.4362e+40 1.7392e+41 1.4285e+41
-3.5 0.3 10000.0 -2.0 4.3193e+41 1.472e+42 2.1093e+41 6.3491e+41 8.3931e+40 7.3648e+39 4.3425e+42 2.1734e+40 6.9569e+40 8.6227e+40 2.7025e+36 8.1918e+39 4.2396e+39 8.8122e+41 7.5674e+39 1.8651e+40 2.6723e+40 2.2169e+40 1.009e+41 8.3118e+40
-3.5 0.5 100.0 -1.2 1.3525e+42 3.2297e+42 4.1871e+41 1.2603e+42 3.9373e+41 1.4776e+40 9.9486e+42 4.3603e+40 5.7337e+41 4.0925e+41 1.8186e+39 9.7518e+40 5.1095e+40 4.1853e+42 2.1716e+40 5.3523e+40 1.7475e+40 1.0343e+40 2.4509e+41 1.6053e+41
-3.5 0.5 100.0 -1.4 1.2601e+42 2.8236e+42 3.859e+41 1.1616e+42 2.6477e+41 1.3116e+40 8.6115e+42 3.8706e+40 4.3933e+41 3.1571e+41 1.5774e+39 8.4685e+40 4.4936e+40 3.1815e+42 1.9808e+40 4.882e+40 1.7182e+40 1.017e+40 2.2283e+41 1.4596e+41
-3.5 0.5 100.0 -1.7 1.012e+42 2.0835e+42 2.9282e+41 8.8138e+41 1.2886e+41 9.9846e+39 6.2754e+42 2.9465e+40 2.6181e+41 1.9055e+41 1.0906e+39 5.9213e+40 3.2194e+40 1.8082e+42 1.4687e+40 3.6199e+40 1.4121e+40 8.3588e+39 1.6553e+41 1.0842e+41
-3.5 0.5 100.0 -2.0 7.5908e+41 1.455e+42 2.0039e+41 6.0317e+41 5.9178e+40 7.2078e+39 4.34e+42 2.127e+40 1.4986e+41 1.1067e+41 6.528e+38 3.8182e+40 2.1377e+40 9.2725e+41 9.757e+39 2.4048e+40 1.0318e+40 6.1084e+39 1.1093e+41 7.2661e+40
-3.5 0.5 1000.0 -1.2 1.1731e+42 3.283e+42 4.1781e+41 1.2576e+42 4.5801e+41 1.4899e+40 1.0073e+43 4.3968e+40 6.1649e+41 4.905e+41 1.4818e+39 9.8056e+40 5.1337e+40 4.1798e+42 2.1595e+40 5.3225e+40 1.709e+40 1.047e+40 2.4253e+41 1.6241e+41
-3.5 0.5 1000.0 -1.4 1.0879e+42 2.8459e+42 3.8492e+41 1.1586e+42 2.9123e+41 1.3174e+40 8.6431e+42 3.8876e+40 4.2215e+41 3.489e+41 1.1237e+39 8.414e+40 4.458e+40 3.177e+42 1.9666e+40 4.8471e+40 1.6803e+40 1.0294e+40 2.2025e+41 1.4749e+41
-3.5 0.5 1000.0 -1.7 8.6999e+41 2.0915e+42 2.9198e+41 8.7886e+41 1.3471e+41 9.9942e+39 6.2702e+42 2.9493e+40 2.2435e+41 1.9807e+41 5.3887e+38 5.612e+40 3.0355e+40 1.8057e+42 1.4532e+40 3.5817e+40 1.3811e+40 8.4627e+39 1.6311e+41 1.0923e+41
-3.5 0.5 1000.0 -2.0 6.5079e+41 1.4604e+42 1.9958e+41 6.0075e+41 6.1284e+40 7.2028e+39 4.3346e+42 2.1255e+40 1.2041e+41 1.1383e+41 1.869e+38 3.2316e+40 1.778e+40 9.2547e+41 9.5785e+39 2.3608e+40 1.0075e+40 6.1748e+39 1.0834e+41 7.256e+40
-3.5 0.5 10000.0 -1.2 6.0215e+41 3.3058e+42 4.0588e+41 1.2217e+42 4.8438e+41 1.5089e+40 1.0093e+43 4.4527e+40 4.7661e+41 4.7329e+41 1.3175e+38 4.6826e+40 2.4185e+40 4.098e+42 1.945e+40 4.7938e+40 1.4394e+40 1.1843e+40 1.9933e+41 1.6316e+41
-3.5 0.5 10000.0 -1.4 5.4999e+41 2.8688e+42 3.6842e+41 1.1089e+42 3.1242e+41 1.3274e+40 8.6681e+42 3.9171e+40 3.1714e+41 3.2603e+41 7.1922e+37 3.4633e+40 1.7937e+40 3.1077e+42 1.7052e+40 4.2029e+40 1.3781e+40 1.1346e+40 1.7511e+41 1.4347e+41
-3.5 0.5 10000.0 -1.7 4.3767e+41 2.1084e+42 2.6539e+41 7.9884e+41 1.4616e+41 1.0087e+40 6.288e+42 2.9768e+40 1.5339e+41 1.7001e+41 1.7412e+37 1.6008e+40 8.2761e+39 1.7498e+42 1.1181e+40 2.7559e+40 1.0486e+40 8.6568e+39 1.187e+41 9.7457e+40
-3.5 0.5 10000.0 -2.0 3.3212e+41 1.4741e+42 1.6224e+41 4.8834e+41 6.8754e+40 7.4068e+39 4.3536e+42 2.1858e+40 7.5412e+40 9.1031e+40 2.7546e+36 5.704e+39 2.9265e+39 8.8107e+41 5.9342e+39 1.4626e+40 6.7594e+39 5.6034e+39 6.91e+40 5.6895e+40
-3.0 0.1 100.0 -1.2 1.486e+42 3.3775e+42 1.1003e+42 3.3118e+42 4.5187e+41 1.0083e+40 1.0389e+43 2.9756e+40 3.5042e+41 2.4931e+41 8.7047e+39 6.7247e+41 3.4355e+41 4.9675e+42 7.7808e+40 1.9176e+41 2.359e+41 1.396e+41 9.8804e+41 6.4712e+41
-3.0 0.1 100.0 -1.4 1.3587e+42 2.8935e+42 1.038e+42 3.1245e+42 2.6973e+41 8.4968e+39 8.7946e+42 2.5074e+40 2.4202e+41 1.7402e+41 7.4925e+39 5.6383e+41 2.8995e+41 3.6995e+42 7.1504e+40 1.7622e+41 2.3917e+41 1.4154e+41 9.0072e+41 5.8994e+41
-3.0 0.1 100.0 -1.7 1.0772e+42 2.0981e+42 8.16e+41 2.4562e+42 1.1233e+41 6.2237e+39 6.282e+42 1.8366e+40 1.3249e+41 9.7032e+40 5.1794e+39 3.6634e+41 1.9135e+41 2.0461e+42 5.3149e+40 1.3099e+41 2.0294e+41 1.2012e+41 6.6575e+41 4.3604e+41
-3.0 0.1 100.0 -2.0 8.0868e+41 1.4554e+42 5.7792e+41 1.7396e+42 4.6e+40 4.4447e+39 4.3095e+42 1.3116e+40 7.4986e+40 5.5882e+40 3.1288e+39 2.1309e+41 1.1419e+41 1.025e+42 3.5106e+40 8.6518e+40 1.5074e+41 8.9252e+40 4.4074e+41 2.8867e+41
-3.0 0.1 1000.0 -1.2 1.2912e+42 3.4091e+42 1.097e+42 3.3019e+42 4.826e+41 1.052e+40 1.045e+43 3.1043e+40 3.447e+41 2.7438e+41 7.0028e+39 6.7551e+41 3.4495e+41 4.9649e+42 7.712e+40 1.9007e+41 2.3092e+41 1.4123e+41 9.7443e+41 6.5181e+41
-3.0 0.1 1000.0 -1.4 1.1751e+42 2.9078e+42 1.0345e+42 3.114e+42 2.8579e+41 8.8012e+39 8.8051e+42 2.5972e+40 2.2383e+41 1.8635e+41 5.2073e+39 5.5753e+41 2.8653e+41 3.6975e+42 7.0703e+40 1.7425e+41 2.3439e+41 1.4336e+41 8.8716e+41 5.9346e+41
-3.0 0.1 1000.0 -1.7 9.2905e+41 2.1071e+42 8.1239e+41 2.4453e+42 1.189e+41 6.3841e+39 6.2837e+42 1.8839e+40 1.1303e+41 1.0196e+41 2.396e+39 3.4048e+41 1.7777e+41 2.0447e+42 5.2175e+40 1.2859e+41 1.9956e+41 1.221e+41 6.5247e+41 4.3652e+41
-3.0 0.1 1000.0 -2.0 6.9904e+41 1.4625e+42 5.7353e+41 1.7263e+42 4.8931e+40 4.5427e+39 4.3128e+42 1.3406e+40 5.9411e+40 5.8177e+40 7.7051e+38 1.7092e+41 9.193e+40 1.0236e+42 3.3915e+40 8.3583e+40 1.4882e+41 9.1103e+40 4.2535e+41 2.8464e+41
-3.0 0.1 10000.0 -1.2 7.3093e+41 3.4512e+42 1.0428e+42 3.139e+42 5.6718e+41 1.2985e+40 1.0544e+43 3.832e+40 3.042e+41 3.0723e+41 4.5889e+38 2.4566e+41 1.2695e+41 4.8194e+42 6.1622e+40 1.5187e+41 2.0434e+41 1.6666e+41 7.2212e+41 5.8794e+41
-3.0 0.1 10000.0 -1.4 6.6268e+41 2.9456e+42 9.4954e+41 2.8581e+42 3.4345e+41 1.0846e+40 8.8924e+42 3.2005e+40 1.8819e+41 1.9865e+41 2.3081e+38 1.6684e+41 8.7417e+40 3.5868e+42 5.2763e+40 1.3004e+41 1.9599e+41 1.6011e+41 6.1862e+41 5.0439e+41
-3.0 0.1 10000.0 -1.7 5.4506e+41 2.14e+42 6.75e+41 2.0318e+42 1.529e+41 8.0563e+39 6.3667e+42 2.3774e+40 8.8812e+40 1.0242e+41 4.7553e+37 6.601e+40 3.5656e+40 1.969e+42 3.2269e+40 7.953e+40 1.4435e+41 1.185e+41 3.9224e+41 3.2093e+41
-3.0 0.1 10000.0 -2.0 4.427e+41 1.4886e+42 3.9794e+41 1.1978e+42 7.0592e+40 6.1254e+39 4.3836e+42 1.8076e+40 4.4837e+40 5.7405e+40 6.4012e+36 2.109e+40 1.1427e+40 9.7198e+41 1.5625e+40 3.851e+40 8.7111e+40 7.1977e+40 2.0987e+41 1.7247e+41
-3.0 0.3 100.0 -1.2 1.2624e+42 3.3957e+42 9.3101e+41 2.8023e+42 4.4458e+41 1.019e+40 1.0467e+43 3.0071e+40 4.1659e+41 2.9507e+41 8.8583e+39 4.9723e+41 2.56e+41 4.9586e+42 6.6949e+40 1.65e+41 1.0594e+41 6.269e+40 7.2811e+41 4.7688e+41
-3.0 0.3 100.0 -1.4 1.1547e+42 2.9047e+42 8.798e+41 2.6482e+42 2.6805e+41 8.5706e+39 8.8472e+42 2.5292e+40 2.8655e+41 2.0478e+41 7.6297e+39 4.2003e+41 2.1796e+41 3.6927e+42 6.1842e+40 1.5242e+41 1.0788e+41 6.3844e+40 6.668e+41 4.3672e+41
-3.0 0.3 100.0 -1.7 9.1699e+41 2.1029e+42 6.9385e+41 2.0885e+42 1.1132e+41 6.2667e+39 6.3098e+42 1.8493e+40 1.511e+41 1.099e+41 5.2678e+39 2.7676e+41 1.4624e+41 2.0422e+42 4.6404e+40 1.1436e+41 9.2266e+40 5.4612e+40 4.9678e+41 3.2537e+41
-3.0 0.3 100.0 -2.0 6.9038e+41 1.4566e+42 4.9334e+41 1.485e+42 4.5035e+40 4.4758e+39 4.3214e+42 1.3208e+40 8.2174e+40 6.0866e+40 3.1714e+39 1.6405e+41 8.9217e+40 1.0231e+42 3.0998e+40 7.6396e+40 6.9167e+40 4.095e+40 3.3195e+41 2.1742e+41
-3.0 0.3 1000.0 -1.2 1.0977e+42 3.43e+42 9.2887e+41 2.7959e+42 4.8355e+41 1.0637e+40 1.0534e+43 3.1389e+40 4.2777e+41 3.3284e+41 7.1401e+39 4.998e+41 2.571e+41 4.9581e+42 6.6368e+40 1.6357e+41 1.0372e+41 6.343e+40 7.1823e+41 4.804e+41
-3.0 0.3 1000.0 -1.4 9.9925e+41 2.9205e+42 8.7758e+41 2.6415e+42 2.8512e+41 8.8826e+39 8.8616e+42 2.6213e+40 2.7141e+41 2.1989e+41 5.3173e+39 4.156e+41 2.1539e+41 3.6925e+42 6.1162e+40 1.5074e+41 1.0576e+41 6.4682e+40 6.5689e+41 4.3939e+41
-3.0 0.3 1000.0 -1.7 7.9124e+41 2.1135e+42 6.914e+41 2.0811e+42 1.1765e+41 6.4335e+39 6.3155e+42 1.8985e+40 1.3205e+41 1.1542e+41 2.4501e+39 2.5752e+41 1.3589e+41 2.0421e+42 4.5549e+40 1.1226e+41 9.0748e+40 5.5514e+40 4.8687e+41 3.2569e+41
-3.0 0.3 1000.0 -2.0 5.9685e+41 1.4648e+42 4.8992e+41 1.4746e+42 4.7786e+40 4.578e+39 4.3276e+42 1.351e+40 6.6651e+40 6.3348e+40 7.8858e+38 1.3186e+41 7.1855e+40 1.0222e+42 2.9913e+40 7.3722e+40 6.8235e+40 4.1762e+40 3.1999e+41 2.1411e+41
-3.0 0.3 10000.0 -1.2 6.227e+41 3.4723e+42 8.8431e+41 2.6618e+42 5.5592e+41 1.3123e+40 1.0627e+43 3.8726e+40 3.7855e+41 3.6726e+41 4.6832e+38 1.8343e+41 9.5339e+40 4.8177e+42 5.2984e+40 1.3059e+41 9.1749e+40 7.4787e+40 5.3171e+41 4.3273e+41
-3.0 0.3 10000.0 -1.4 5.6424e+41 2.9598e+42 8.0643e+41 2.4273e+42 3.3442e+41 1.0956e+40 8.9504e+42 3.2332e+40 2.3059e+41 2.3303e+41 2.3592e+38 1.2576e+41 6.6256e+40 3.5855e+42 4.5547e+40 1.1226e+41 8.8291e+40 7.208e+40 4.5696e+41 3.7241e+41
-3.0 0.3 10000.0 -1.7 4.6432e+41 2.1474e+42 5.747e+41 1.7298e+42 1.4706e+41 8.1336e+39 6.3991e+42 2.4002e+40 1.0584e+41 1.1636e+41 4.864e+37 5.0723e+40 2.7304e+40 1.9684e+42 2.8022e+40 6.9064e+40 6.5333e+40 5.3589e+40 2.911e+41 2.3805e+41
-3.0 0.3 10000.0 -2.0 3.7764e+41 1.4927e+42 3.3955e+41 1.0221e+42 6.691e+40 6.1817e+39 4.4022e+42 1.8242e+40 5.1917e+40 6.3255e+40 6.5412e+36 1.63e+40 8.6948e+39 9.7177e+41 1.3638e+40 3.3612e+40 3.9581e+40 3.2676e+40 1.5637e+41 1.2843e+41
-3.0 0.5 100.0 -1.2 9.6724e+41 3.4094e+42 7.1163e+41 2.142e+42 3.8057e+41 1.0264e+40 1.053e+43 3.0289e+40 4.7342e+41 3.3439e+41 9.0027e+39 3.4343e+41 1.7793e+41 4.9504e+42 5.1985e+40 1.2812e+41 2.6591e+40 1.5736e+40 4.9501e+41 3.2421e+41
-3.0 0.5 100.0 -1.4 8.8554e+41 2.9146e+42 6.7369e+41 2.0278e+42 2.3392e+41 8.6272e+39 8.8943e+42 2.5459e+40 3.2853e+41 2.3381e+41 7.7597e+39 2.9255e+41 1.5301e+41 3.6869e+42 4.8265e+40 1.1895e+41 2.7199e+40 1.6096e+40 4.5539e+41 2.9826e+41
-3.0 0.5 100.0 -1.7 7.046e+41 2.1066e+42 5.3285e+41 1.6039e+42 9.6933e+40 6.3025e+39 6.3333e+42 1.8599e+40 1.6825e+41 1.2177e+41 5.3533e+39 1.9591e+41 1.0468e+41 2.0388e+42 3.6535e+40 9.0046e+40 2.3431e+40 1.3868e+40 3.4182e+41 2.2388e+41
-3.0 0.5 100.0 -2.0 5.3188e+41 1.458e+42 3.8027e+41 1.1446e+42 3.9035e+40 4.5028e+39 4.3338e+42 1.3288e+40 8.9177e+40 6.5725e+40 3.2136e+39 1.1873e+41 6.5562e+40 1.0213e+42 2.467e+40 6.0801e+40 1.7715e+40 1.0488e+40 2.3043e+41 1.5092e+41
-3.0 0.5 1000.0 -1.2 8.4166e+41 3.4439e+42 7.1052e+41 2.1387e+42 4.1686e+41 1.0714e+40 1.0597e+43 3.1618e+40 4.9134e+41 3.7753e+41 7.2648e+39 3.4508e+41 1.7865e+41 4.9519e+42 5.1546e+40 1.2704e+41 2.6045e+40 1.5926e+40 4.8841e+41 3.2667e+41
-3.0 0.5 1000.0 -1.4 7.6645e+41 2.9297e+42 6.7239e+41 2.0239e+42 2.4495e+41 8.9369e+39 8.9061e+42 2.6373e+40 3.0783e+41 2.4552e+41 5.419e+39 2.8931e+41 1.5115e+41 3.688e+42 4.7733e+40 1.1764e+41 2.6667e+40 1.6307e+40 4.4863e+41 3.0006e+41
-3.0 0.5 1000.0 -1.7 6.0818e+41 2.1183e+42 5.3141e+41 1.5996e+42 1.0084e+41 6.4723e+39 6.3416e+42 1.91e+40 1.4701e+41 1.26e+41 2.5008e+39 1.8215e+41 9.7183e+40 2.0397e+42 3.5863e+40 8.8388e+40 2.3051e+40 1.4099e+40 3.3501e+41 2.2409e+41
-3.0 0.5 1000.0 -2.0 4.5996e+41 1.467e+42 3.779e+41 1.1375e+42 4.0629e+40 4.6081e+39 4.3416e+42 1.3599e+40 7.2442e+40 6.7489e+40 8.0582e+38 9.5402e+40 5.2665e+40 1.0212e+42 2.378e+40 5.8608e+40 1.7467e+40 1.0688e+40 2.2189e+41 1.4845e+41
-3.0 0.5 10000.0 -1.2 4.778e+41 3.4832e+42 6.7732e+41 2.0387e+42 4.6289e+41 1.3201e+40 1.0677e+43 3.8956e+40 4.2274e+41 4.0245e+41 4.7739e+38 1.2749e+41 6.6466e+40 4.816e+42 4.1122e+40 1.0135e+41 2.3026e+40 1.8758e+40 3.6131e+41 2.9394e+41
-3.0 0.5 10000.0 -1.4 4.3302e+41 2.9671e+42 6.1855e+41 1.8618e+42 2.7636e+41 1.1018e+40 8.9864e+42 3.2515e+40 2.5404e+41 2.518e+41 2.4082e+38 8.8297e+40 4.6571e+40 3.5844e+42 3.548e+40 8.7447e+40 2.2225e+40 1.8132e+40 3.1144e+41 2.537e+41
-3.0 0.5 10000.0 -1.7 3.5662e+41 2.1523e+42 4.4177e+41 1.3297e+42 1.215e+41 8.1836e+39 6.4228e+42 2.415e+40 1.1667e+41 1.251e+41 4.9705e+37 3.6226e+40 1.928e+40 1.9679e+42 2.1945e+40 5.4088e+40 1.6511e+40 1.3533e+40 1.9922e+41 1.6283e+41
-3.0 0.5 10000.0 -2.0 2.9051e+41 1.4956e+42 2.6152e+41 7.8719e+41 5.5005e+40 6.2228e+39 4.4159e+42 1.8363e+40 5.6645e+40 6.7126e+40 6.6786e+36 1.1599e+40 6.0871e+39 9.7157e+41 1.0728e+40 2.6441e+40 1.0036e+40 8.2783e+39 1.0738e+41 8.8146e+40
-4.5 0.1 100.0 -1.2 1.8851e+42 2.7343e+42 6.3882e+40 1.9229e+41 6.5477e+41 1.6816e+40 8.3661e+42 4.9624e+40 7.7102e+41 5.548e+41 5.6368e+37 7.755e+39 3.9309e+39 1.6354e+42 2.0255e+39 4.9924e+39 2.2199e+40 1.3142e+40 6.1717e+40 4.0423e+40
-4.5 0.1 100.0 -1.4 1.7652e+42 2.5019e+42 5.8021e+40 1.7464e+41 5.1254e+41 1.5415e+40 7.6034e+42 4.5489e+40 6.4394e+41 4.6561e+41 4.9327e+37 7.0094e+39 3.559e+39 1.2597e+42 1.8293e+39 4.5086e+39 2.1512e+40 1.2736e+40 5.5133e+40 3.6111e+40
-4.5 0.1 100.0 -1.7 1.3964e+42 1.9389e+42 4.2659e+40 1.2841e+41 3.1839e+41 1.1899e+40 5.8412e+42 3.5115e+40 4.4052e+41 3.2076e+41 3.4446e+37 5.2278e+39 2.6618e+39 7.2882e+41 1.3315e+39 3.2817e+39 1.7435e+40 1.0323e+40 3.9935e+40 2.6157e+40
-4.5 0.1 100.0 -2.0 1.0135e+42 1.3959e+42 2.8035e+40 8.4385e+40 1.866e+41 8.4875e+39 4.176e+42 2.5047e+40 2.839e+41 2.0811e+41 2.079e+37 3.5944e+39 1.8349e+39 3.7932e+41 8.6413e+38 2.1298e+39 1.2655e+40 7.4932e+39 2.6095e+40 1.7092e+40
-4.5 0.1 1000.0 -1.2 1.6602e+42 2.7729e+42 6.3747e+40 1.9188e+41 7.2499e+41 1.6741e+40 8.4484e+42 4.9402e+40 7.4638e+41 6.3096e+41 4.5697e+37 7.7875e+39 3.947e+39 1.6317e+42 2.0184e+39 4.9748e+39 2.1795e+40 1.3376e+40 6.1608e+40 4.1273e+40
-4.5 0.1 1000.0 -1.4 1.5498e+42 2.5271e+42 5.7883e+40 1.7423e+41 5.6005e+41 1.5329e+40 7.6464e+42 4.5235e+40 6.0129e+41 5.2071e+41 3.4978e+37 6.9479e+39 3.5266e+39 1.2567e+42 1.8213e+39 4.4891e+39 2.1115e+40 1.2961e+40 5.5002e+40 3.6854e+40
-4.5 0.1 1000.0 -1.7 1.2216e+42 1.9516e+42 4.2537e+40 1.2804e+41 3.4119e+41 1.1821e+40 5.8522e+42 3.4884e+40 3.9017e+41 3.5055e+41 1.7004e+37 4.9143e+39 2.4988e+39 7.2679e+41 1.3228e+39 3.2603e+39 1.7104e+40 1.0501e+40 3.9784e+40 2.6664e+40
-4.5 0.1 1000.0 -2.0 8.84e+41 1.4022e+42 2.7922e+40 8.4044e+40 1.964e+41 8.4254e+39 4.1745e+42 2.4863e+40 2.3922e+41 2.2299e+41 6.0274e+36 2.9723e+39 1.5119e+39 3.7799e+41 8.5458e+38 2.1063e+39 1.2392e+40 7.6104e+39 2.5909e+40 1.7368e+40
-4.5 0.1 10000.0 -1.2 8.7559e+41 2.8272e+42 6.1653e+40 1.8558e+41 7.9652e+41 1.5652e+40 8.5612e+42 4.619e+40 5.6197e+41 6.2021e+41 4.0376e+36 3.9188e+39 1.9793e+39 1.6151e+42 1.8868e+39 4.6505e+39 1.8449e+40 1.534e+40 5.4612e+40 4.4775e+40
-4.5 0.1 10000.0 -1.4 8.0516e+41 2.5626e+42 5.553e+40 1.6715e+41 6.0789e+41 1.4286e+40 7.7047e+42 4.2158e+40 4.2756e+41 4.8542e+41 2.2966e+36 3.0382e+39 1.5348e+39 1.2408e+42 1.6642e+39 4.1019e+39 1.7699e+40 1.4734e+40 4.8175e+40 3.9566e+40
-4.5 0.1 10000.0 -1.7 6.2401e+41 1.9684e+42 3.9622e+40 1.1926e+41 3.6393e+41 1.0983e+40 5.8637e+42 3.2412e+40 2.528e+41 3.0124e+41 6.0098e+35 1.5341e+39 7.7473e+38 7.1169e+41 1.1205e+39 2.7617e+39 1.3954e+40 1.164e+40 3.3788e+40 2.7817e+40
-4.5 0.1 10000.0 -2.0 4.4612e+41 1.4109e+42 2.4373e+40 7.3364e+40 2.064e+41 7.8177e+39 4.1718e+42 2.307e+40 1.4105e+41 1.7749e+41 1.0476e+35 6.0907e+38 3.0737e+38 3.639e+41 6.2674e+38 1.5447e+39 9.6836e+39 8.0984e+39 2.0977e+40 1.731e+40
-4.5 0.3 100.0 -1.2 1.6089e+42 2.7505e+42 5.4183e+40 1.6309e+41 6.0347e+41 1.6976e+40 8.4345e+42 5.0096e+40 8.3079e+41 5.9636e+41 5.7227e+37 5.73e+39 2.8984e+39 1.6348e+42 1.7402e+39 4.2891e+39 1.0005e+40 5.9229e+39 4.554e+40 2.9827e+40
-4.5 0.3 100.0 -1.4 1.5079e+42 2.513e+42 4.9255e+40 1.4826e+41 4.6862e+41 1.556e+40 7.6531e+42 4.5918e+40 6.8654e+41 4.9528e+41 5.0103e+37 5.1908e+39 2.6286e+39 1.2593e+42 1.5759e+39 3.8841e+39 9.7214e+39 5.7553e+39 4.0775e+40 2.6707e+40
-4.5 0.3 100.0 -1.7 1.1946e+42 1.9448e+42 3.6265e+40 1.0916e+41 2.8821e+41 1.2015e+40 5.87e+42 3.5455e+40 4.6379e+41 3.3702e+41 3.4949e+37 3.8806e+39 1.9688e+39 7.2853e+41 1.1522e+39 2.8397e+39 7.9127e+39 4.6848e+39 2.9645e+40 1.9417e+40
-4.5 0.3 100.0 -2.0 8.6864e+41 1.3991e+42 2.3869e+40 7.1846e+40 1.6784e+41 8.5757e+39 4.1926e+42 2.5307e+40 2.966e+41 2.1702e+41 2.1035e+37 2.6706e+39 1.3573e+39 3.792e+41 7.5167e+38 1.8526e+39 5.7705e+39 3.4168e+39 1.9452e+40 1.2741e+40
-4.5 0.3 1000.0 -1.2 1.4171e+42 2.7993e+42 5.405e+40 1.6269e+41 6.913e+41 1.6909e+40 8.5483e+42 4.9898e+40 8.4396e+41 7.0016e+41 4.6456e+37 5.752e+39 2.9093e+39 1.6316e+42 1.7323e+39 4.2696e+39 9.8087e+39 6.0196e+39 4.5407e+40 3.0419e+40
-4.5 0.3 1000.0 -1.4 1.3233e+42 2.5443e+42 4.9119e+40 1.4785e+41 5.281e+41 1.5474e+40 7.715e+42 4.5665e+40 6.6972e+41 5.6942e+41 3.5603e+37 5.1444e+39 2.6046e+39 1.2564e+42 1.5675e+39 3.8634e+39 9.5268e+39 5.8473e+39 4.0627e+40 2.7221e+40
-4.5 0.3 1000.0 -1.7 1.044e+42 1.96e+42 3.6138e+40 1.0877e+41 3.1664e+41 1.193e+40 5.8888e+42 3.5205e+40 4.2548e+41 3.7582e+41 1.7333e+37 3.6464e+39 1.8483e+39 7.2666e+41 1.1429e+39 2.8168e+39 7.7457e+39 4.7551e+39 2.9483e+40 1.9759e+40
-4.5 0.3 1000.0 -2.0 7.5678e+41 1.4064e+42 2.376e+40 7.1517e+40 1.7929e+41 8.5078e+39 4.1943e+42 2.5107e+40 2.5547e+41 2.3481e+41 6.1482e+36 2.2064e+39 1.1186e+39 3.7788e+41 7.4229e+38 1.8295e+39 5.6401e+39 3.4633e+39 1.9282e+40 1.2925e+40
-4.5 0.3 10000.0 -1.2 7.4775e+41 2.8488e+42 5.2234e+40 1.5722e+41 7.6282e+41 1.58e+40 8.6447e+42 4.6627e+40 6.5979e+41 6.9957e+41 4.1025e+36 2.8854e+39 1.4561e+39 1.615e+42 1.6158e+39 3.9826e+39 8.2807e+39 6.8823e+39 4.0159e+40 3.2916e+40
-4.5 0.3 10000.0 -1.4 6.8728e+41 2.575e+42 4.7083e+40 1.4172e+41 5.7093e+41 1.441e+40 7.7569e+42 4.2524e+40 4.8796e+41 5.3456e+41 2.336e+36 2.2406e+39 1.1308e+39 1.2405e+42 1.4287e+39 3.5213e+39 7.9627e+39 6.6258e+39 3.5496e+40 2.9144e+40
-4.5 0.3 10000.0 -1.7 5.3273e+41 1.9738e+42 3.3633e+40 1.0123e+41 3.3335e+41 1.1074e+40 5.8899e+42 3.2678e+40 2.7877e+41 3.2254e+41 6.1167e+35 1.1331e+39 5.7178e+38 7.1157e+41 9.6539e+38 2.3794e+39 6.2995e+39 5.2524e+39 2.4969e+40 2.055e+40
-4.5 0.3 10000.0 -2.0 3.8129e+41 1.4136e+42 2.072e+40 6.2366e+40 1.8561e+41 7.8846e+39 4.1862e+42 2.3267e+40 1.5202e+41 1.8664e+41 1.0654e+35 4.5032e+38 2.2711e+38 3.6388e+41 5.4219e+38 1.3363e+39 4.3915e+39 3.6703e+39 1.556e+40 1.2835e+40
-4.5 0.5 100.0 -1.2 1.2365e+42 2.7631e+42 4.1491e+40 1.2489e+41 4.9155e+41 1.7089e+40 8.4875e+42 5.0429e+40 8.8003e+41 6.3055e+41 5.8031e+37 3.9042e+39 1.9712e+39 1.6346e+42 1.3486e+39 3.324e+39 2.5134e+39 1.4879e+39 3.0941e+40 2.0265e+40
-4.5 0.5 100.0 -1.4 1.1592e+42 2.5209e+42 3.774e+40 1.136e+41 3.8017e+41 1.5659e+40 7.6888e+42 4.6209e+40 7.2309e+41 5.2067e+41 5.0834e+37 3.5438e+39 1.7904e+39 1.259e+42 1.224e+39 3.0168e+39 2.4467e+39 1.4485e+39 2.7749e+40 1.8175e+40
-4.5 0.5 100.0 -1.7 9.1935e+41 1.9486e+42 2.7821e+40 8.3742e+40 2.3166e+41 1.2093e+40 5.8897e+42 3.5686e+40 4.8259e+41 3.5014e+41 3.543e+37 2.6552e+39 1.343e+39 7.283e+41 8.9859e+38 2.2148e+39 1.9985e+39 1.1832e+39 2.0239e+40 1.3256e+40
-4.5 0.5 100.0 -2.0 6.6945e+41 1.401e+42 1.8338e+40 5.5197e+40 1.3411e+41 8.6366e+39 4.2035e+42 2.5487e+40 3.0618e+41 2.2374e+41 2.1272e+37 1.8284e+39 9.2581e+38 3.7905e+41 5.8911e+38 1.452e+39 1.4633e+39 8.6642e+38 1.3329e+40 8.7303e+39
-4.5 0.5 1000.0 -1.2 1.089e+42 2.8272e+42 4.1374e+40 1.2454e+41 5.8602e+41 1.703e+40 8.6495e+42 5.0257e+40 9.4173e+41 7.6907e+41 4.7147e+37 3.9176e+39 1.9779e+39 1.6315e+42 1.3411e+39 3.3054e+39 2.4609e+39 1.5102e+39 3.0818e+40 2.0644e+40
-4.5 0.5 1000.0 -1.4 1.017e+42 2.5629e+42 3.7623e+40 1.1325e+41 4.4296e+41 1.5577e+40 7.7845e+42 4.5967e+40 7.3708e+41 6.1696e+41 3.6175e+37 3.5098e+39 1.7731e+39 1.2563e+42 1.2159e+39 2.9969e+39 2.3944e+39 1.4695e+39 2.7615e+40 1.8502e+40
-4.5 0.5 1000.0 -1.7 8.0294e+41 1.9664e+42 2.7712e+40 8.3414e+40 2.592e+41 1.2005e+40 5.9167e+42 3.5427e+40 4.5328e+41 3.9564e+41 1.764e+37 2.4937e+39 1.2607e+39 7.2646e+41 8.9023e+38 2.1942e+39 1.9534e+39 1.1991e+39 2.0103e+40 1.3472e+40
-4.5 0.5 1000.0 -2.0 5.8257e+41 1.4079e+42 1.8244e+40 5.4915e+40 1.4267e+41 8.562e+39 4.2038e+42 2.5266e+40 2.6338e+41 2.4063e+41 6.2605e+36 1.5094e+39 7.6317e+38 3.7777e+41 5.8089e+38 1.4317e+39 1.4274e+39 8.7643e+38 1.3191e+40 8.8413e+39
-4.5 0.5 10000.0 -1.2 5.7421e+41 2.8558e+42 3.9948e+40 1.2024e+41 6.2443e+41 1.5888e+40 8.68e+42 4.6886e+40 7.1153e+41 7.411e+41 4.1635e+36 1.9598e+39 9.8826e+38 1.6146e+42 1.2478e+39 3.0755e+39 2.0716e+39 1.7212e+39 2.7191e+40 2.2282e+40
-4.5 0.5 10000.0 -1.4 5.2771e+41 2.5808e+42 3.6032e+40 1.0846e+41 4.6363e+41 1.4485e+40 7.7857e+42 4.2746e+40 5.2327e+41 5.629e+41 2.3733e+36 1.5239e+39 7.6851e+38 1.2403e+42 1.1056e+39 2.7249e+39 1.9956e+39 1.6599e+39 2.407e+40 1.9758e+40
-4.5 0.5 10000.0 -1.7 4.0911e+41 1.9765e+42 2.5762e+40 7.7545e+40 2.6605e+41 1.113e+40 5.905e+42 3.2845e+40 2.9289e+41 3.3402e+41 6.219e+35 7.7177e+38 3.8914e+38 7.114e+41 7.4926e+38 1.8467e+39 1.5828e+39 1.3192e+39 1.697e+40 1.3963e+40
-4.5 0.5 10000.0 -2.0 2.9302e+41 1.414e+42 1.5889e+40 4.7826e+40 1.4496e+41 7.9259e+39 4.1915e+42 2.3389e+40 1.5495e+41 1.8917e+41 1.0828e+35 3.0692e+38 1.5472e+38 3.6385e+41 4.2222e+38 1.0406e+39 1.1068e+39 9.2461e+38 1.0603e+40 8.7438e+39
-4.0 0.1 100.0 -1.2 2.2733e+42 2.9848e+42 2.5651e+41 7.7211e+41 5.3871e+41 1.7539e+40 9.1478e+42 5.1756e+40 6.116e+41 4.4132e+41 3.1841e+38 4.1225e+40 2.1378e+40 2.985e+42 9.7677e+39 2.4075e+40 6.9137e+40 4.0927e+40 1.9345e+41 1.2671e+41
-4.0 0.1 100.0 -1.4 2.1174e+42 2.671e+42 2.3338e+41 7.0248e+41 3.9023e+41 1.5878e+40 8.12e+42 4.6856e+40 4.9292e+41 3.5807e+41 2.7766e+38 3.6487e+40 1.9077e+40 2.3054e+42 8.8001e+39 2.169e+40 6.6816e+40 3.9555e+40 1.7371e+41 1.1379e+41
-4.0 0.1 100.0 -1.7 1.677e+42 2.0197e+42 1.7267e+41 5.1973e+41 2.176e+41 1.2177e+40 6.0771e+42 3.5934e+40 3.2194e+41 2.3629e+41 1.9337e+38 2.6375e+40 1.3987e+40 1.341e+42 6.396e+39 1.5764e+40 5.384e+40 3.1876e+40 1.2687e+41 8.3104e+40
-4.0 0.1 100.0 -2.0 1.2264e+42 1.4299e+42 1.1447e+41 3.4455e+41 1.164e+41 8.7047e+39 4.2673e+42 2.5688e+40 2.0118e+41 1.4914e+41 1.1655e+38 1.7626e+40 9.4843e+39 7.0251e+41 4.1502e+39 1.0229e+40 3.8735e+40 2.2935e+40 8.3523e+40 5.471e+40
-4.0 0.1 1000.0 -1.2 1.9795e+42 3.0285e+42 2.561e+41 7.7087e+41 5.9072e+41 1.7494e+40 9.243e+42 5.1626e+40 5.8186e+41 4.9453e+41 2.5861e+38 4.1459e+40 2.1487e+40 2.9785e+42 9.7383e+39 2.4002e+40 6.7846e+40 4.1625e+40 1.9246e+41 1.2897e+41
-4.0 0.1 1000.0 -1.4 1.8375e+42 2.6958e+42 2.3291e+41 7.0105e+41 4.1947e+41 1.5814e+40 8.1598e+42 4.6668e+40 4.4458e+41 3.9073e+41 1.9724e+38 3.6278e+40 1.894e+40 2.2998e+42 8.7649e+39 2.1603e+40 6.555e+40 4.022e+40 1.7269e+41 1.1573e+41
-4.0 0.1 1000.0 -1.7 1.4501e+42 2.0301e+42 1.722e+41 5.1832e+41 2.2854e+41 1.2112e+40 6.0799e+42 3.5744e+40 2.7051e+41 2.5061e+41 9.5569e+37 2.5024e+40 1.32e+40 1.3374e+42 6.3519e+39 1.5656e+40 5.2772e+40 3.2385e+40 1.2583e+41 8.434e+40
-4.0 0.1 1000.0 -2.0 1.058e+42 1.4357e+42 1.1406e+41 3.4332e+41 1.2054e+41 8.6545e+39 4.2632e+42 2.554e+40 1.5965e+41 1.557e+41 3.3768e+37 1.4933e+40 7.9157e+39 7.0007e+41 4.1025e+39 1.0111e+40 3.7915e+40 2.3273e+40 8.2475e+40 5.5285e+40
-4.0 0.1 10000.0 -1.2 1.0053e+42 3.0788e+42 2.4769e+41 7.4556e+41 6.5375e+41 1.6613e+40 9.3439e+42 4.9024e+40 4.3814e+41 4.8099e+41 2.3625e+37 2.1284e+40 1.0873e+40 2.9336e+42 9.0476e+39 2.23e+40 5.7156e+40 4.7439e+40 1.6633e+41 1.3673e+41
-4.0 0.1 10000.0 -1.4 9.2009e+41 2.726e+42 2.231e+41 6.7153e+41 4.5873e+41 1.4967e+40 8.2031e+42 4.4169e+40 3.1052e+41 3.5429e+41 1.332e+37 1.6268e+40 8.3198e+39 2.258e+42 7.9354e+39 1.9559e+40 5.4435e+40 4.522e+40 1.4657e+41 1.2063e+41
-4.0 0.1 10000.0 -1.7 7.1676e+41 2.0451e+42 1.5921e+41 4.7923e+41 2.471e+41 1.1444e+40 6.0876e+42 3.3772e+40 1.6895e+41 2.0564e+41 3.451e+36 8.0403e+39 4.1066e+39 1.2991e+42 5.2818e+39 1.3018e+40 4.2016e+40 3.4974e+40 1.017e+41 8.386e+40
-4.0 0.1 10000.0 -2.0 5.2054e+41 1.4453e+42 9.7521e+40 2.9354e+41 1.3009e+41 8.2035e+39 4.2655e+42 2.4208e+40 8.9768e+40 1.1712e+41 5.9557e+35 3.1126e+39 1.5837e+39 6.6638e+41 2.8997e+39 7.147e+39 2.8186e+40 2.3531e+40 6.1776e+40 5.1051e+40
-4.0 0.3 100.0 -1.2 1.9361e+42 3.0024e+42 2.1758e+41 6.5491e+41 5.0762e+41 1.7686e+40 9.2189e+42 5.2191e+40 6.7066e+41 4.8232e+41 3.2334e+38 3.0858e+40 1.5905e+40 2.9837e+42 8.3983e+39 2.0699e+40 3.1088e+40 1.8404e+40 1.4254e+41 9.3363e+40
-4.0 0.3 100.0 -1.4 1.805e+42 2.6831e+42 1.9817e+41 5.9648e+41 3.6643e+41 1.6009e+40 8.1711e+42 4.7243e+40 5.3608e+41 3.8805e+41 2.821e+38 2.7479e+40 1.4251e+40 2.3043e+42 7.5888e+39 1.8704e+40 3.0128e+40 1.7835e+40 1.2833e+41 8.4055e+40
-4.0 0.3 100.0 -1.7 1.4315e+42 2.0263e+42 1.4685e+41 4.4202e+41 2.0322e+41 1.2277e+40 6.1067e+42 3.623e+40 3.4661e+41 2.5344e+41 1.962e+38 2.0047e+40 1.0504e+40 1.3404e+42 5.5427e+39 1.3661e+40 2.438e+40 1.4434e+40 9.4101e+40 6.1638e+40
-4.0 0.3 100.0 -2.0 1.0493e+42 1.4343e+42 9.7535e+40 2.9358e+41 1.0763e+41 8.7842e+39 4.2867e+42 2.5922e+40 2.1383e+41 1.5797e+41 1.1794e+38 1.3512e+40 7.1517e+39 7.0213e+41 3.618e+39 8.9173e+39 1.7631e+40 1.0439e+40 6.2261e+40 4.0783e+40
-4.0 0.3 1000.0 -1.2 1.6859e+42 3.0526e+42 2.1713e+41 6.5357e+41 5.79e+41 1.7653e+40 9.3333e+42 5.2094e+40 6.7694e+41 5.6189e+41 2.6298e+38 3.1014e+40 1.5978e+40 2.9772e+42 8.3639e+39 2.0615e+40 3.0473e+40 1.8695e+40 1.4167e+41 9.4932e+40
-4.0 0.3 1000.0 -1.4 1.5658e+42 2.712e+42 1.9768e+41 5.9502e+41 4.0694e+41 1.5947e+40 8.2227e+42 4.706e+40 5.093e+41 4.3666e+41 2.0083e+38 2.7293e+40 1.4138e+40 2.2988e+42 7.5502e+39 1.8609e+40 2.952e+40 1.8111e+40 1.2743e+41 8.5398e+40
-4.0 0.3 1000.0 -1.7 1.2368e+42 2.0375e+42 1.4637e+41 4.4057e+41 2.1763e+41 1.2208e+40 6.1113e+42 3.6025e+40 3.018e+41 2.7293e+41 9.7454e+37 1.8973e+40 9.8988e+39 1.3367e+42 5.4985e+39 1.3552e+40 2.3862e+40 1.4642e+40 9.3222e+40 6.2478e+40
-4.0 0.3 1000.0 -2.0 9.0422e+41 1.4396e+42 9.7136e+40 2.9238e+41 1.1247e+41 8.7278e+39 4.2811e+42 2.5756e+40 1.736e+41 1.6577e+41 3.4453e+37 1.136e+40 5.9427e+39 6.997e+41 3.5714e+39 8.8024e+39 1.723e+40 1.0575e+40 6.1389e+40 4.1148e+40
-4.0 0.3 10000.0 -1.2 8.5719e+41 3.101e+42 2.0991e+41 6.3183e+41 6.4373e+41 1.6765e+40 9.427e+42 4.9474e+40 5.3572e+41 5.6076e+41 2.4019e+37 1.5784e+40 8.0357e+39 2.9328e+42 7.7561e+39 1.9116e+40 2.5623e+40 2.1258e+40 1.2222e+41 1.0044e+41
-4.0 0.3 10000.0 -1.4 7.8412e+41 2.7399e+42 1.8924e+41 5.6961e+41 4.4499e+41 1.5088e+40 8.2579e+42 4.4525e+40 3.725e+41 4.0509e+41 1.3558e+37 1.2092e+40 6.1599e+39 2.2574e+42 6.8206e+39 1.6811e+40 2.4461e+40 2.031e+40 1.0793e+41 8.8798e+40
-4.0 0.3 10000.0 -1.7 6.1108e+41 2.052e+42 1.3525e+41 4.0712e+41 2.3432e+41 1.1531e+40 6.1167e+42 3.4027e+40 1.9697e+41 2.2871e+41 3.5151e+36 5.9846e+39 3.045e+39 1.2988e+42 4.5592e+39 1.1237e+40 1.8953e+40 1.5767e+40 7.5159e+40 6.1949e+40
-4.0 0.3 10000.0 -2.0 4.4426e+41 1.4488e+42 8.2951e+40 2.4968e+41 1.2079e+41 8.2668e+39 4.2814e+42 2.4395e+40 1.0188e+41 1.2715e+41 6.0641e+35 2.3148e+39 1.1744e+39 6.6619e+41 2.5131e+39 6.1942e+39 1.2763e+40 1.0648e+40 4.5812e+40 3.7843e+40
-4.0 0.5 100.0 -1.2 1.4866e+42 3.0167e+42 1.6668e+41 5.0172e+41 4.205e+41 1.7796e+40 9.2767e+42 5.2515e+40 7.2047e+41 5.1688e+41 3.2797e+38 2.1308e+40 1.091e+40 2.9826e+42 6.5174e+39 1.6064e+40 7.8069e+39 4.6215e+39 9.686e+40 6.3444e+40
-4.0 0.5 100.0 -1.4 1.3867e+42 2.6923e+42 1.5193e+41 4.573e+41 3.0293e+41 1.6105e+40 8.2108e+42 4.7527e+40 5.7189e+41 4.1291e+41 2.8632e+38 1.908e+40 9.8097e+39 2.3033e+42 5.9038e+39 1.4551e+40 7.5812e+39 4.488e+39 8.7381e+40 5.7236e+40
-4.0 0.5 100.0 -1.7 1.1015e+42 2.0321e+42 1.1278e+41 3.3947e+41 1.6812e+41 1.2356e+40 6.1322e+42 3.6462e+40 3.6813e+41 2.684e+41 1.9901e+38 1.4038e+40 7.2665e+39 1.3397e+42 4.3341e+39 1.0682e+40 6.1608e+39 3.6473e+39 6.4339e+40 4.2144e+40
-4.0 0.5 100.0 -2.0 8.0872e+41 1.4371e+42 7.5041e+40 2.2587e+41 8.8698e+40 8.8452e+39 4.3003e+42 2.6102e+40 2.2511e+41 1.6582e+41 1.1929e+38 9.5229e+39 4.961e+39 7.0179e+41 2.8448e+39 7.0115e+39 4.476e+39 2.6502e+39 4.2761e+40 2.8009e+40
-4.0 0.5 1000.0 -1.2 1.2946e+42 3.0815e+42 1.6628e+41 5.0051e+41 5.0245e+41 1.7776e+40 9.4366e+42 5.2456e+40 7.7535e+41 6.3114e+41 2.6696e+38 2.1397e+40 1.0952e+40 2.9764e+42 6.4828e+39 1.5978e+40 7.6431e+39 4.6887e+39 9.6174e+40 6.4442e+40
-4.0 0.5 1000.0 -1.4 1.2028e+42 2.7288e+42 1.5153e+41 4.561e+41 3.5007e+41 1.6049e+40 8.2859e+42 4.736e+40 5.7375e+41 4.8211e+41 2.0416e+38 1.8929e+40 9.7243e+39 2.2981e+42 5.8681e+39 1.4463e+40 7.421e+39 4.5527e+39 8.6697e+40 5.8096e+40
-4.0 0.5 1000.0 -1.7 9.5108e+41 2.0445e+42 1.1235e+41 3.3816e+41 1.8346e+41 1.2283e+40 6.1404e+42 3.6247e+40 3.297e+41 2.9274e+41 9.9184e+37 1.3243e+40 6.8341e+39 1.3362e+42 4.2925e+39 1.058e+40 6.0208e+39 3.6941e+39 6.3654e+40 4.2659e+40
-4.0 0.5 1000.0 -2.0 6.9626e+41 1.4427e+42 7.4684e+40 2.248e+41 9.2945e+40 8.7841e+39 4.2952e+42 2.5922e+40 1.8496e+41 1.7394e+41 3.5097e+37 7.9477e+39 4.1065e+39 6.9941e+41 2.803e+39 6.9087e+39 4.3661e+39 2.6794e+39 4.2092e+40 2.8212e+40
-4.0 0.5 10000.0 -1.2 6.5795e+41 3.1088e+42 1.6061e+41 4.8345e+41 5.3694e+41 1.6858e+40 9.4638e+42 4.9749e+40 5.9035e+41 6.048e+41 2.4393e+37 1.0796e+40 5.4771e+39 2.932e+42 5.998e+39 1.4783e+40 6.4115e+39 5.3172e+39 8.2797e+40 6.8026e+40
-4.0 0.5 10000.0 -1.4 6.0187e+41 2.7466e+42 1.4492e+41 4.3622e+41 3.6924e+41 1.5167e+40 8.2885e+42 4.4759e+40 4.0952e+41 4.3487e+41 1.3784e+37 8.2855e+39 4.2051e+39 2.257e+42 5.2868e+39 1.303e+40 6.1325e+39 5.0896e+39 7.3249e+40 6.0246e+40
-4.0 0.5 10000.0 -1.7 4.6922e+41 2.0554e+42 1.0369e+41 3.1212e+41 1.923e+41 1.1588e+40 6.1338e+42 3.4198e+40 2.1435e+41 2.4279e+41 3.5766e+36 4.1044e+39 2.0812e+39 1.2985e+42 3.5461e+39 8.7401e+39 4.7652e+39 3.9623e+39 5.1147e+40 4.2143e+40
-4.0 0.5 10000.0 -2.0 3.4147e+41 1.4504e+42 6.3694e+40 1.9172e+41 9.7714e+40 8.3109e+39 4.2905e+42 2.4525e+40 1.0902e+41 1.3301e+41 6.1676e+35 1.5865e+39 8.029e+38 6.6611e+41 1.9627e+39 4.8375e+39 3.2202e+39 2.685e+39 3.1276e+40 2.5826e+40
-5.0 0.1 100.0 -1.2 1.2997e+42 2.484e+42 1.2432e+40 3.7421e+40 8.2918e+41 1.3856e+40 7.563e+42 4.0889e+40 9.3333e+41 6.661e+41 9.997e+36 1.3764e+39 6.9331e+38 6.7292e+41 3.5798e+38 8.8231e+38 5.7146e+39 3.3829e+39 1.6802e+40 1.1003e+40
-5.0 0.1 100.0 -1.4 1.2278e+42 2.3247e+42 1.1308e+40 3.4037e+40 6.82e+41 1.2871e+40 7.0411e+42 3.7982e+40 8.0152e+41 5.7387e+41 8.7572e+36 1.252e+39 6.3074e+38 5.1165e+41 3.2469e+38 8.0027e+38 5.5683e+39 3.2964e+39 1.4964e+40 9.7995e+39
-5.0 0.1 100.0 -1.7 9.7943e+41 1.8479e+42 8.3236e+39 2.5054e+40 4.517e+41 1.0065e+40 5.5598e+42 2.9701e+40 5.6495e+41 4.0638e+41 6.1218e+36 9.4193e+38 4.747e+38 2.8958e+41 2.3768e+38 5.8581e+38 4.5555e+39 2.697e+39 1.0784e+40 7.0624e+39
-5.0 0.1 100.0 -2.0 7.1386e+41 1.3541e+42 5.4708e+39 1.6467e+40 2.7909e+41 7.2283e+39 4.0523e+42 2.1331e+40 3.7086e+41 2.6796e+41 3.6963e+36 6.5219e+38 3.2881e+38 1.4716e+41 1.5497e+38 3.8196e+38 3.3399e+39 1.9775e+39 7.0081e+39 4.5898e+39
-5.0 0.1 1000.0 -1.2 1.1694e+42 2.5284e+42 1.2404e+40 3.7337e+40 9.3832e+41 1.3823e+40 7.673e+42 4.0791e+40 9.4637e+41 7.7649e+41 8.0981e+36 1.3816e+39 6.9593e+38 6.726e+41 3.5673e+38 8.7925e+38 5.618e+39 3.4448e+39 1.6841e+40 1.1269e+40
-5.0 0.1 1000.0 -1.4 1.101e+42 2.3567e+42 1.1281e+40 3.3954e+40 7.646e+41 1.2825e+40 7.113e+42 3.7848e+40 7.9361e+41 6.6198e+41 6.2032e+36 1.2399e+39 6.2467e+38 5.1127e+41 3.2338e+38 7.9703e+38 5.4727e+39 3.3565e+39 1.4989e+40 1.0033e+40
-5.0 0.1 1000.0 -1.7 8.7479e+41 1.8651e+42 8.2981e+39 2.4977e+40 4.9885e+41 1.0017e+40 5.59e+42 2.956e+40 5.3889e+41 4.61e+41 3.0184e+36 8.8258e+38 4.4473e+38 2.8917e+41 2.361e+38 5.8193e+38 4.474e+39 2.7449e+39 1.0787e+40 7.2228e+39
-5.0 0.1 1000.0 -2.0 6.3571e+41 1.3631e+42 5.4488e+39 1.6401e+40 3.0386e+41 7.1891e+39 4.0624e+42 2.1215e+40 3.4111e+41 2.9933e+41 1.0701e+36 5.3519e+38 2.697e+38 1.4682e+41 1.5328e+38 3.778e+38 3.277e+39 2.0111e+39 6.9946e+39 4.6847e+39
-5.0 0.1 10000.0 -1.2 6.6902e+41 2.565e+42 1.2013e+40 3.616e+40 1.0202e+42 1.2975e+40 7.7365e+42 3.8289e+40 7.1581e+41 7.7761e+41 7.0251e+35 6.8427e+38 3.4474e+38 6.6806e+41 3.3369e+38 8.2244e+38 4.7862e+39 3.9497e+39 1.5197e+40 1.2333e+40
-5.0 0.1 10000.0 -1.4 6.2048e+41 2.3817e+42 1.0847e+40 3.2651e+40 8.1943e+41 1.2005e+40 7.1426e+42 3.5428e+40 5.7144e+41 6.37e+41 4.0027e+35 5.3245e+38 2.6825e+38 5.0691e+41 2.9582e+38 7.2912e+38 4.628e+39 3.8261e+39 1.341e+40 1.0908e+40
-5.0 0.1 10000.0 -1.7 4.8409e+41 1.8781e+42 7.774e+39 2.34e+40 5.2324e+41 9.348e+39 5.591e+42 2.7586e+40 3.5921e+41 4.1779e+41 1.0467e+35 2.6982e+38 1.3594e+38 2.8514e+41 2.0075e+38 4.9478e+38 3.7108e+39 3.0758e+39 9.4474e+39 7.7086e+39
-5.0 0.1 10000.0 -2.0 3.4691e+41 1.3705e+42 4.8197e+39 1.4507e+40 3.1447e+41 6.6966e+39 4.0556e+42 1.9762e+40 2.1306e+41 2.5822e+41 1.8181e+34 1.0746e+38 5.4142e+37 1.432e+41 1.1339e+38 2.7946e+38 2.6379e+39 2.192e+39 5.9307e+39 4.8522e+39
-5.0 0.3 100.0 -1.2 1.1143e+42 2.5012e+42 1.0546e+40 3.1745e+40 7.5786e+41 1.4035e+40 7.6388e+42 4.1418e+40 9.9753e+41 7.1082e+41 1.0149e+37 1.0132e+39 5.1013e+38 6.7302e+41 3.075e+38 7.5791e+38 2.5863e+39 1.531e+39 1.2444e+40 8.1489e+39
-5.0 0.3 100.0 -1.4 1.0535e+42 2.3368e+42 9.6004e+39 2.8897e+40 6.2217e+41 1.3038e+40 7.0974e+42 3.8476e+40 8.5472e+41 6.1095e+41 8.8948e+36 9.228e+38 4.6465e+38 5.1164e+41 2.7963e+38 6.892e+38 2.5269e+39 1.4959e+39 1.1105e+40 7.2727e+39
-5.0 0.3 100.0 -1.7 8.4165e+41 1.8539e+42 7.0754e+39 2.1297e+40 4.0896e+41 1.02e+40 5.5908e+42 3.01e+40 5.9674e+41 4.2861e+41 6.2106e+36 6.9481e+38 3.4992e+38 2.8948e+41 2.0555e+38 5.0663e+38 2.0764e+39 1.2293e+39 8.031e+39 5.2596e+39
-5.0 0.3 100.0 -2.0 6.1452e+41 1.3571e+42 4.657e+39 1.4018e+40 2.5149e+41 7.3312e+39 4.0693e+42 2.1635e+40 3.8912e+41 2.8078e+41 3.7399e+36 4.8085e+38 2.4222e+38 1.4707e+41 1.347e+38 3.3199e+38 1.5296e+39 9.0567e+38 5.2392e+39 3.4313e+39
-5.0 0.3 1000.0 -1.2 1.0023e+42 2.5553e+42 1.0518e+40 3.1659e+40 8.881e+41 1.4005e+40 7.7798e+42 4.133e+40 1.0571e+42 8.5501e+41 8.2324e+36 1.0168e+39 5.1193e+38 6.7276e+41 3.0607e+38 7.5438e+38 2.5373e+39 1.5557e+39 1.2451e+40 8.3314e+39
-5.0 0.3 1000.0 -1.4 9.4391e+41 2.3738e+42 9.572e+39 2.8812e+40 7.1335e+41 1.2987e+40 7.1856e+42 3.8326e+40 8.7064e+41 7.1692e+41 6.3147e+36 9.1378e+38 4.6012e+38 5.113e+41 2.7814e+38 6.8554e+38 2.4778e+39 1.5195e+39 1.1104e+40 7.4317e+39
-5.0 0.3 1000.0 -1.7 7.5071e+41 1.8725e+42 7.0498e+39 2.122e+40 4.5499e+41 1.0142e+40 5.6259e+42 2.9929e+40 5.7497e+41 4.871e+41 3.0765e+36 6.5132e+38 3.28e+38 2.8914e+41 2.0393e+38 5.0264e+38 2.034e+39 1.2478e+39 8.0174e+39 5.3678e+39
-5.0 0.3 1000.0 -2.0 5.4623e+41 1.3663e+42 4.6354e+39 1.3953e+40 2.7315e+41 7.2813e+39 4.0802e+42 2.1487e+40 3.5772e+41 3.1161e+41 1.0918e+36 3.9505e+38 1.9896e+38 1.4678e+41 1.3304e+38 3.2791e+38 1.4964e+39 9.1826e+38 5.2168e+39 3.4937e+39
-5.0 0.3 10000.0 -1.2 5.7276e+41 2.5725e+42 1.0178e+40 3.0636e+40 9.2164e+41 1.3109e+40 7.7816e+42 3.8685e+40 7.6329e+41 8.168e+41 7.1368e+35 5.0294e+38 2.5334e+38 6.6784e+41 2.8567e+38 7.0409e+38 2.155e+39 1.7774e+39 1.1208e+40 9.092e+39
-5.0 0.3 10000.0 -1.4 5.3124e+41 2.3888e+42 9.1967e+39 2.7682e+40 7.3854e+41 1.2129e+40 7.1827e+42 3.5792e+40 6.1067e+41 6.695e+41 4.0706e+35 3.9191e+38 1.9741e+38 5.0676e+41 2.5382e+38 6.2561e+38 2.0885e+39 1.7257e+39 9.9071e+39 8.0553e+39
-5.0 0.3 10000.0 -1.7 4.1479e+41 1.8825e+42 6.5988e+39 1.9862e+40 4.6717e+41 9.4462e+39 5.6164e+42 2.7876e+40 3.8084e+41 4.3593e+41 1.0652e+35 1.9897e+38 1.0023e+38 2.8512e+41 1.729e+38 4.2614e+38 1.6811e+39 1.3926e+39 7.0005e+39 5.7094e+39
-5.0 0.3 10000.0 -2.0 2.975e+41 1.3726e+42 4.0962e+39 1.233e+40 2.7804e+41 6.7701e+39 4.0694e+42 1.9979e+40 2.2298e+41 2.6688e+41 1.8492e+34 7.9336e+37 3.9969e+37 1.4317e+41 9.8019e+37 2.4159e+38 1.1999e+39 9.9643e+38 4.4083e+39 3.6049e+39
-5.0 0.5 100.0 -1.2 8.5808e+41 2.5149e+42 8.0741e+39 2.4303e+40 6.1122e+41 1.4149e+40 7.6983e+42 4.1753e+40 1.046e+42 7.4457e+41 1.0291e+37 6.8799e+38 3.4626e+38 6.7329e+41 2.3813e+38 5.8693e+38 6.5072e+38 3.852e+38 8.4646e+39 5.5432e+39
-5.0 0.5 100.0 -1.4 8.117e+41 2.3472e+42 7.3546e+39 2.2137e+40 5.0008e+41 1.3146e+40 7.1439e+42 3.8795e+40 8.9256e+41 6.3732e+41 9.0245e+36 6.2738e+38 3.1575e+38 5.1173e+41 2.1705e+38 5.3496e+38 6.3707e+38 3.7713e+38 7.567e+39 4.9555e+39
-5.0 0.5 100.0 -1.7 6.4912e+41 1.8599e+42 5.4267e+39 1.6334e+40 3.276e+41 1.0287e+40 5.6189e+42 3.0358e+40 6.2072e+41 4.4534e+41 6.296e+36 4.7286e+38 2.38e+38 2.8953e+41 1.6022e+38 3.9489e+38 5.2529e+38 3.1098e+38 5.4875e+39 3.5938e+39
-5.0 0.5 100.0 -2.0 4.7447e+41 1.3601e+42 3.5762e+39 1.0764e+40 2.0039e+41 7.3969e+39 4.0847e+42 2.1828e+40 4.0225e+41 2.8997e+41 3.7816e+36 3.2713e+38 1.6467e+38 1.471e+41 1.0547e+38 2.5996e+38 3.8836e+38 2.2993e+38 3.5907e+39 2.3516e+39
-5.0 0.5 1000.0 -1.2 7.7126e+41 2.5625e+42 8.049e+39 2.4227e+40 7.1619e+41 1.4109e+40 7.8203e+42 4.1637e+40 1.1045e+42 8.8887e+41 8.355e+36 6.9014e+38 3.4736e+38 6.7259e+41 2.3677e+38 5.8358e+38 6.3734e+38 3.9075e+38 8.459e+39 5.6598e+39
-5.0 0.5 1000.0 -1.4 7.2655e+41 2.379e+42 7.3294e+39 2.2061e+40 5.7098e+41 1.3082e+40 7.2166e+42 3.8605e+40 9.0396e+41 7.4083e+41 6.4162e+36 6.2096e+38 3.1254e+38 5.112e+41 2.1559e+38 5.3136e+38 6.2355e+38 3.8238e+38 7.5548e+39 5.0561e+39
-5.0 0.5 1000.0 -1.7 5.7823e+41 1.875e+42 5.4042e+39 1.6267e+40 3.6031e+41 1.0217e+40 5.6433e+42 3.015e+40 5.9103e+41 4.9886e+41 3.1307e+36 4.4335e+38 2.2315e+38 2.8903e+41 1.5874e+38 3.9125e+38 5.1352e+38 3.15e+38 5.4694e+39 3.6617e+39
-5.0 0.5 1000.0 -2.0 4.212e+41 1.3676e+42 3.5575e+39 1.0708e+40 2.1509e+41 7.3391e+39 4.0903e+42 2.1658e+40 3.6583e+41 3.1769e+41 1.1116e+36 2.6893e+38 1.3537e+38 1.4673e+41 1.04e+38 2.5633e+38 3.7907e+38 2.3259e+38 3.569e+39 2.39e+39
-5.0 0.5 10000.0 -1.2 4.4024e+41 2.5753e+42 7.783e+39 2.3427e+40 7.2763e+41 1.3185e+40 7.8062e+42 3.8908e+40 7.869e+41 8.3606e+41 7.2419e+35 3.4107e+38 1.7178e+38 6.677e+41 2.205e+38 5.4347e+38 5.3974e+38 4.4501e+38 7.5968e+39 6.1606e+39
-5.0 0.5 10000.0 -1.4 4.0827e+41 2.3885e+42 7.0363e+39 2.1179e+40 5.7508e+41 1.2196e+40 7.1946e+42 3.5989e+40 6.1771e+41 6.7585e+41 4.135e+35 2.6611e+38 1.3403e+38 5.0658e+41 1.9629e+38 4.8379e+38 5.2397e+38 4.3277e+38 6.7238e+39 5.4654e+39
-5.0 0.5 10000.0 -1.7 3.1899e+41 1.8833e+42 5.053e+39 1.521e+40 3.6447e+41 9.503e+39 5.6272e+42 2.8043e+40 3.8768e+41 4.419e+41 1.0826e+35 1.353e+38 6.8147e+37 2.8501e+41 1.3407e+38 3.3046e+38 4.2281e+38 3.501e+38 4.7606e+39 3.8814e+39
-5.0 0.5 10000.0 -2.0 2.2894e+41 1.3726e+42 3.1398e+39 9.4507e+39 2.1526e+41 6.8128e+39 4.0743e+42 2.0105e+40 2.2468e+41 2.6871e+41 1.8789e+34 5.4005e+37 2.7205e+37 1.4313e+41 7.6252e+37 1.8794e+38 3.0266e+38 2.5122e+38 3.0045e+39 2.4562e+39
-1.0 0.1 100.0 -1.2 1.1283e+41 3.1466e+42 2.6525e+42 7.984e+42 1.6025e+41 2.4122e+39 9.2434e+42 7.1185e+39 1.0046e+41 7.0117e+40 1.647e+41 6.389e+42 3.3909e+42 5.7997e+42 6.7775e+41 1.6626e+42 1.5221e+41 9.0212e+40 1.1559e+42 7.5683e+41
-1.0 0.1 100.0 -1.4 8.2974e+40 2.5936e+42 2.5275e+42 7.6077e+42 8.1919e+40 1.3626e+39 7.502e+42 4.0211e+39 5.7704e+40 4.0338e+40 1.3703e+41 6.0303e+42 3.1878e+42 4.1214e+42 5.625e+41 1.3793e+42 1.378e+41 8.1766e+40 1.1008e+42 7.2078e+41
-1.0 0.1 100.0 -1.7 5.6391e+40 1.8906e+42 1.9943e+42 6.0028e+42 2.5258e+40 6.0368e+38 5.3829e+42 1.7815e+39 2.1817e+40 1.535e+40 8.7448e+40 4.4643e+42 2.3189e+42 2.1809e+42 3.4928e+41 8.5631e+41 1.1243e+41 6.6872e+40 8.9411e+41 5.8549e+41
-1.0 0.1 100.0 -2.0 4.2231e+40 1.3595e+42 1.4069e+42 4.2349e+42 7.0441e+39 3.0934e+38 3.8398e+42 9.1285e+38 7.9861e+39 5.7109e+39 4.7733e+40 2.7102e+42 1.3982e+42 1.0648e+42 1.9387e+41 4.7542e+41 9.6935e+40 5.7832e+40 6.8702e+41 4.4991e+41
-1.0 0.1 1000.0 -1.2 2.4442e+41 3.7793e+42 2.5578e+42 7.6989e+42 3.1048e+41 7.9297e+39 1.1397e+43 2.3401e+40 1.751e+41 1.3105e+41 9.7544e+40 6.196e+42 3.1602e+42 5.8064e+42 4.8765e+41 1.1996e+42 2.501e+41 1.5242e+41 2.2315e+42 1.4863e+42
-1.0 0.1 1000.0 -1.4 2.0135e+41 3.0891e+42 2.357e+42 7.0947e+42 1.7629e+41 4.9803e+39 9.1394e+42 1.4697e+40 1.1003e+41 8.3185e+40 5.7848e+40 4.9069e+42 2.5004e+42 4.1607e+42 3.7998e+41 9.3509e+41 2.7656e+41 1.6866e+41 2.1059e+42 1.4036e+42
-1.0 0.1 1000.0 -1.7 1.6944e+41 2.1894e+42 1.7533e+42 5.2773e+42 6.7321e+40 2.4348e+39 6.3456e+42 7.1851e+39 4.9836e+40 3.9229e+40 1.8573e+40 2.3902e+42 1.2194e+42 2.2067e+42 2.152e+41 5.2987e+41 2.7642e+41 1.6877e+41 1.5333e+42 1.0231e+42
-1.0 0.1 1000.0 -2.0 1.5739e+41 1.5202e+42 1.1616e+42 3.4966e+42 2.44e+40 1.3625e+39 4.3583e+42 4.0207e+39 2.2697e+40 1.9524e+40 3.9596e+39 8.5551e+41 4.4108e+41 1.0758e+42 1.0903e+41 2.6851e+41 2.3781e+41 1.4538e+41 9.3359e+41 6.2362e+41
-1.0 0.1 10000.0 -1.2 5.6754e+41 3.84e+42 1.4365e+42 4.324e+42 7.3374e+41 2.0275e+40 1.1717e+43 5.9832e+40 3.6153e+41 3.5482e+41 1.0569e+39 4.7152e+41 2.4169e+41 5.2413e+42 1.02e+41 2.5136e+41 2.6427e+41 2.1373e+41 1.0663e+42 8.6292e+41
-1.0 0.1 10000.0 -1.4 5.0144e+41 3.1784e+42 1.2885e+42 3.8784e+42 4.2252e+41 1.3836e+40 9.5238e+42 4.083e+40 2.1855e+41 2.1823e+41 4.739e+38 2.9467e+41 1.5299e+41 3.8201e+42 8.3175e+40 2.0498e+41 2.5472e+41 2.0663e+41 8.7839e+41 7.1271e+41
-1.0 0.1 10000.0 -1.7 4.3996e+41 2.2468e+42 8.7028e+41 2.6195e+42 1.7089e+41 8.209e+39 6.6093e+42 2.4225e+40 9.4308e+40 1.0116e+41 7.9907e+37 9.8246e+40 5.3042e+40 2.0426e+42 4.5513e+40 1.1217e+41 1.7988e+41 1.4703e+41 5.1019e+41 4.1623e+41
-1.0 0.1 10000.0 -2.0 3.9493e+41 1.5342e+42 4.8326e+41 1.4546e+42 7.2144e+40 5.7946e+39 4.4878e+42 1.71e+40 4.3614e+40 5.2959e+40 9.1489e+36 2.7413e+40 1.5222e+40 9.8856e+41 1.9898e+40 4.904e+40 1.0205e+41 8.4124e+40 2.5165e+41 2.0649e+41
-1.0 0.3 100.0 -1.2 9.3768e+40 2.6795e+42 1.6735e+42 5.0372e+42 1.5573e+41 2.2586e+39 8.0192e+42 6.6651e+39 1.1378e+41 7.9308e+40 1.543e+41 2.8853e+42 1.6737e+42 5.5198e+42 4.6541e+41 1.143e+42 5.474e+40 3.243e+40 6.517e+41 4.2671e+41
-1.0 0.3 100.0 -1.4 6.6942e+40 2.165e+42 1.6852e+42 5.0725e+42 8.1991e+40 1.2072e+39 6.3683e+42 3.5625e+39 6.691e+40 4.6688e+40 1.3349e+41 2.8472e+42 1.656e+42 3.9628e+42 4.1669e+41 1.0232e+42 5.3829e+40 3.1918e+40 6.8751e+41 4.5017e+41
-1.0 0.3 100.0 -1.7 4.4982e+40 1.5758e+42 1.4431e+42 4.3437e+42 2.6525e+40 5.0801e+38 4.5431e+42 1.4991e+39 2.6118e+40 1.8312e+40 8.8873e+40 2.2269e+42 1.2854e+42 2.1276e+42 2.8625e+41 7.0286e+41 4.81e+40 2.8579e+40 6.2703e+41 4.1058e+41
-1.0 0.3 100.0 -2.0 3.4147e+40 1.1624e+42 1.0824e+42 3.2581e+42 7.8196e+39 2.6981e+38 3.3125e+42 7.9622e+38 9.7331e+39 6.9107e+39 4.9381e+40 1.458e+42 8.197e+41 1.0486e+42 1.6917e+41 4.155e+41 4.3647e+40 2.6003e+40 5.1136e+41 3.3486e+41
-1.0 0.3 1000.0 -1.2 2.0854e+41 3.6985e+42 2.1066e+42 6.3409e+42 2.8474e+41 7.0828e+39 1.1242e+43 2.0901e+40 1.9675e+41 1.4621e+41 1.0012e+41 3.8158e+42 2.1466e+42 5.7637e+42 4.1735e+41 1.0268e+42 1.0889e+41 6.6347e+40 1.6298e+42 1.0853e+42
-1.0 0.3 1000.0 -1.4 1.7161e+41 3.0174e+42 1.9626e+42 5.9074e+42 1.6466e+41 4.5401e+39 9.0001e+42 1.3398e+40 1.2561e+41 9.4122e+40 5.9778e+40 3.1163e+42 1.7107e+42 4.1369e+42 3.317e+41 8.1637e+41 1.2348e+41 7.5278e+40 1.5694e+42 1.0458e+42
-1.0 0.3 1000.0 -1.7 1.4435e+41 2.1409e+42 1.482e+42 4.4607e+42 6.4692e+40 2.3253e+39 6.2495e+42 6.8619e+39 5.7897e+40 4.4898e+40 1.9155e+40 1.6405e+42 8.7346e+41 2.1984e+42 1.9201e+41 4.7288e+41 1.2701e+41 7.7514e+40 1.1658e+42 7.7768e+41
-1.0 0.3 1000.0 -2.0 1.3428e+41 1.4942e+42 9.9254e+41 2.9875e+42 2.4062e+40 1.3611e+39 4.3054e+42 4.0167e+39 2.6346e+40 2.2098e+40 4.0659e+39 6.236e+41 3.3425e+41 1.0731e+42 9.8519e+40 2.4267e+41 1.1102e+41 6.7843e+40 7.1687e+41 4.7875e+41
-1.0 0.3 10000.0 -1.2 4.8331e+41 3.8359e+42 1.2183e+42 3.6672e+42 6.8193e+41 1.9802e+40 1.1761e+43 5.8435e+40 4.1957e+41 4.0152e+41 1.08e+39 3.5057e+41 1.8126e+41 5.2382e+42 8.7822e+40 2.1644e+41 1.1875e+41 9.5977e+40 7.8601e+41 6.3578e+41
-1.0 0.3 10000.0 -1.4 4.2699e+41 3.1751e+42 1.0947e+42 3.2952e+42 3.9824e+41 1.3836e+40 9.5542e+42 4.0831e+40 2.5689e+41 2.4919e+41 4.8498e+38 2.2141e+41 1.1598e+41 3.8185e+42 7.1929e+40 1.7727e+41 1.1488e+41 9.3122e+40 6.4979e+41 5.2695e+41
-1.0 0.3 10000.0 -1.7 3.7477e+41 2.2479e+42 7.4143e+41 2.2317e+42 1.6357e+41 8.3674e+39 6.6309e+42 2.4692e+40 1.1238e+41 1.1586e+41 8.1786e+37 7.5532e+40 4.1015e+40 2.0421e+42 3.9591e+40 9.7574e+40 8.1508e+40 6.6563e+40 3.7919e+41 3.0917e+41
-1.0 0.3 10000.0 -2.0 3.3686e+41 1.5382e+42 4.1267e+41 1.2422e+42 6.8564e+40 5.8981e+39 4.5028e+42 1.7405e+40 5.0641e+40 5.8733e+40 9.352e+36 2.1459e+40 1.1724e+40 9.8836e+41 1.7391e+40 4.2862e+40 4.6414e+40 3.8225e+40 1.8773e+41 1.5395e+41
-1.0 0.5 100.0 -1.2 7.1306e+40 2.4227e+42 1.0091e+42 3.0374e+42 1.2933e+41 2.2771e+39 7.3485e+42 6.7197e+39 1.2156e+41 8.468e+40 1.457e+41 1.6801e+42 1.0057e+42 5.2827e+42 2.9571e+41 7.2694e+41 1.1108e+40 6.5791e+39 3.4923e+41 2.2866e+41
-1.0 0.5 100.0 -1.4 4.9745e+40 1.9252e+42 1.0588e+42 3.187e+42 6.9701e+40 1.1724e+39 5.7366e+42 3.4599e+39 7.2954e+40 5.0862e+40 1.308e+41 1.7335e+42 1.0897e+42 3.8264e+42 2.8118e+41 6.9118e+41 1.1786e+40 6.9858e+39 3.9947e+41 2.6156e+41
-1.0 0.5 100.0 -1.7 3.3081e+40 1.383e+42 9.711e+41 2.923e+42 2.3434e+40 4.6432e+38 4.0293e+42 1.3702e+39 2.9366e+40 2.0552e+40 9.0923e+40 1.4272e+42 9.2913e+41 2.0799e+42 2.1337e+41 5.2458e+41 1.1629e+40 6.904e+39 4.09e+41 2.6781e+41
-1.0 0.5 100.0 -2.0 2.5372e+40 1.029e+42 7.7046e+41 2.3191e+42 7.2247e+39 2.4502e+38 2.9554e+42 7.2305e+38 1.1258e+40 7.9604e+39 5.1372e+40 9.5986e+41 6.2211e+41 1.0338e+42 1.3575e+41 3.3387e+41 1.1225e+40 6.6793e+39 3.5774e+41 2.3425e+41
-1.0 0.5 1000.0 -1.2 1.6021e+41 3.6357e+42 1.57e+42 4.7257e+42 2.2831e+41 6.4994e+39 1.1135e+43 1.918e+40 2.0882e+41 1.5463e+41 1.027e+41 2.7135e+42 1.5288e+42 5.724e+42 3.2256e+41 7.937e+41 2.6475e+40 1.6128e+40 1.0954e+42 7.2934e+41
-1.0 0.5 1000.0 -1.4 1.3188e+41 2.9632e+42 1.4788e+42 4.4513e+42 1.3405e+41 4.1991e+39 8.9032e+42 1.2392e+40 1.356e+41 1.0112e+41 6.1701e+40 2.2058e+42 1.2428e+42 4.1142e+42 2.6139e+41 6.4347e+41 3.0808e+40 1.8776e+40 1.0768e+42 7.174e+41
-1.0 0.5 1000.0 -1.7 1.11e+41 2.1028e+42 1.1332e+42 3.411e+42 5.3887e+40 2.2145e+39 6.1783e+42 6.5351e+39 6.3624e+40 4.8919e+40 1.9736e+40 1.1648e+42 6.4166e+41 2.1905e+42 1.5473e+41 3.8116e+41 3.264e+40 1.9913e+40 8.1778e+41 5.4542e+41
-1.0 0.5 1000.0 -2.0 1.0345e+41 1.4718e+42 7.6659e+41 2.3074e+42 2.0405e+40 1.3421e+39 4.2621e+42 3.9606e+39 2.9051e+40 2.4003e+40 4.172e+39 4.5522e+41 2.4661e+41 1.0705e+42 8.0382e+40 1.9803e+41 2.8977e+40 1.77e+40 5.0803e+41 3.3921e+41
-1.0 0.5 10000.0 -1.2 3.7046e+41 3.8231e+42 9.3336e+41 2.8094e+42 5.4467e+41 1.9166e+40 1.1786e+43 5.6557e+40 4.4379e+41 4.2051e+41 1.1023e+39 2.4365e+41 1.2647e+41 5.237e+42 6.8245e+40 1.682e+41 2.9834e+40 2.4096e+40 5.3466e+41 4.3228e+41
-1.0 0.5 10000.0 -1.4 3.276e+41 3.1682e+42 8.3984e+41 2.5279e+42 3.2302e+41 1.3638e+40 9.5765e+42 4.0247e+40 2.7801e+41 2.6599e+41 4.9546e+38 1.5529e+41 8.1801e+40 3.8171e+42 5.6099e+40 1.3826e+41 2.8946e+40 2.3447e+40 4.4332e+41 3.5934e+41
-1.0 0.5 10000.0 -1.7 2.8789e+41 2.2453e+42 5.7039e+41 1.7169e+42 1.3356e+41 8.4124e+39 6.6431e+42 2.4825e+40 1.2175e+41 1.2342e+41 8.3652e+37 5.4231e+40 2.9446e+40 2.0415e+42 3.1068e+40 7.6571e+40 2.0636e+40 1.6838e+40 2.5998e+41 2.1185e+41
-1.0 0.5 10000.0 -2.0 2.5912e+41 1.54e+42 3.18e+41 9.5718e+41 5.6321e+40 5.9593e+39 4.5132e+42 1.7586e+40 5.531e+40 6.2528e+40 9.5429e+36 1.5502e+40 8.3004e+39 9.882e+41 1.3689e+40 3.3739e+40 1.1775e+40 9.689e+39 1.2901e+41 1.0573e+41
-1.5 0.1 100.0 -1.2 2.3295e+41 3.5318e+42 2.6067e+42 7.8462e+42 2.6276e+41 3.3577e+39 1.055e+43 9.9087e+39 1.7412e+41 1.2152e+41 1.4668e+41 5.9567e+42 3.0798e+42 5.7249e+42 5.665e+41 1.3944e+42 2.5233e+41 1.4939e+41 1.7779e+42 1.1641e+42
-1.5 0.1 100.0 -1.4 1.7853e+41 2.8668e+42 2.4279e+42 7.308e+42 1.3096e+41 1.8931e+39 8.4083e+42 5.5865e+39 9.5455e+40 6.6874e+40 1.1598e+41 5.4665e+42 2.8204e+42 4.104e+42 4.6303e+41 1.1394e+42 2.526e+41 1.4963e+41 1.6604e+42 1.0872e+42
-1.5 0.1 100.0 -1.7 1.2071e+41 2.0215e+42 1.8756e+42 5.6454e+42 3.8876e+40 8.6165e+38 5.8131e+42 2.5427e+39 3.4762e+40 2.4627e+40 7.2316e+40 3.7857e+42 1.9539e+42 2.1764e+42 2.8859e+41 7.0979e+41 2.1081e+41 1.2504e+41 1.2353e+42 8.0888e+41
-1.5 0.1 100.0 -2.0 8.435e+40 1.4099e+42 1.3146e+42 3.9569e+42 1.0394e+40 4.6994e+38 4.0139e+42 1.3868e+39 1.2706e+40 9.1943e+39 4.0732e+40 2.1845e+42 1.1297e+42 1.0623e+42 1.6356e+41 4.0212e+41 1.616e+41 9.6039e+40 8.3282e+41 5.4538e+41
-1.5 0.1 1000.0 -1.2 2.8791e+41 3.767e+42 2.3996e+42 7.2227e+42 3.4056e+41 7.0305e+39 1.1379e+43 2.0747e+40 2.0916e+41 1.5572e+41 8.6071e+40 5.478e+42 2.7875e+42 5.7621e+42 4.2238e+41 1.0402e+42 2.5419e+41 1.5496e+41 2.2179e+42 1.4777e+42
-1.5 0.1 1000.0 -1.4 2.3694e+41 3.0796e+42 2.2436e+42 6.7534e+42 1.835e+41 4.4373e+39 9.1282e+42 1.3094e+40 1.2082e+41 9.1407e+40 5.2886e+40 4.3894e+42 2.2337e+42 4.1393e+42 3.4279e+41 8.4412e+41 2.8133e+41 1.716e+41 2.0731e+42 1.382e+42
-1.5 0.1 1000.0 -1.7 1.9179e+41 2.1802e+42 1.6991e+42 5.1143e+42 6.6327e+40 2.2682e+39 6.3329e+42 6.6933e+39 5.0324e+40 4.0029e+40 1.7579e+40 2.211e+42 1.1277e+42 2.2007e+42 2.029e+41 4.9965e+41 2.7677e+41 1.6899e+41 1.5038e+42 1.0035e+42
-1.5 0.1 1000.0 -2.0 1.7003e+41 1.5124e+42 1.1395e+42 3.4299e+42 2.3884e+40 1.3522e+39 4.3471e+42 3.9904e+39 2.2642e+40 1.9758e+40 3.8226e+39 8.1428e+41 4.2004e+41 1.0742e+42 1.0546e+41 2.5974e+41 2.3574e+41 1.4412e+41 9.182e+41 6.1337e+41
-1.5 0.1 10000.0 -1.2 5.6549e+41 3.8128e+42 1.4339e+42 4.316e+42 7.0316e+41 1.9028e+40 1.1633e+43 5.6153e+40 3.4481e+41 3.3876e+41 1.0579e+39 4.7116e+41 2.4152e+41 5.2542e+42 1.0165e+41 2.505e+41 2.64e+41 2.1353e+41 1.0642e+42 8.6129e+41
-1.5 0.1 10000.0 -1.4 5.0135e+41 3.1628e+42 1.2871e+42 3.8741e+42 4.0659e+41 1.3276e+40 9.4803e+42 3.9176e+40 2.0737e+41 2.0817e+41 4.7505e+38 2.9478e+41 1.5306e+41 3.8294e+42 8.3008e+40 2.0457e+41 2.5457e+41 2.0652e+41 8.7754e+41 7.1204e+41
-1.5 0.1 10000.0 -1.7 4.4045e+41 2.2427e+42 8.7002e+41 2.6188e+42 1.6766e+41 8.1047e+39 6.6016e+42 2.3917e+40 9.1817e+40 9.9012e+40 8.0182e+37 9.8385e+40 5.3118e+40 2.0473e+42 4.5489e+40 1.1211e+41 1.7989e+41 1.4703e+41 5.1014e+41 4.162e+41
-1.5 0.1 10000.0 -2.0 3.9519e+41 1.5328e+42 4.8324e+41 1.4546e+42 7.1706e+40 5.7825e+39 4.4867e+42 1.7064e+40 4.3268e+40 5.268e+40 9.1789e+36 2.7459e+40 1.5244e+40 9.9085e+41 1.9899e+40 4.9043e+40 1.0207e+41 8.4137e+40 2.5167e+41 2.0651e+41
-1.5 0.3 100.0 -1.2 1.923e+41 3.2777e+42 1.9424e+42 5.8468e+42 2.5568e+41 3.3328e+39 9.9e+42 9.8352e+39 2.0721e+41 1.4432e+41 1.4456e+41 3.4237e+42 1.9486e+42 5.569e+42 4.4425e+41 1.0938e+42 9.7556e+40 5.7752e+40 1.182e+42 7.7395e+41
-1.5 0.3 100.0 -1.4 1.4594e+41 2.627e+42 1.8456e+42 5.5553e+42 1.3024e+41 1.8508e+39 7.7893e+42 5.4617e+39 1.1462e+41 8.0069e+40 1.1669e+41 3.1198e+42 1.7782e+42 4.0082e+42 3.7746e+41 9.2926e+41 1.0261e+41 6.0772e+40 1.1487e+42 7.5217e+41
-1.5 0.3 100.0 -1.7 9.8306e+40 1.834e+42 1.4721e+42 4.4309e+42 4.0036e+40 8.2601e+38 5.3218e+42 2.4376e+39 4.1799e+40 2.9461e+40 7.4327e+40 2.2087e+42 1.2429e+42 2.1386e+42 2.4871e+41 6.1206e+41 9.1519e+40 5.4263e+40 9.0223e+41 5.9079e+41
-1.5 0.3 100.0 -2.0 6.903e+40 1.2837e+42 1.0609e+42 3.1932e+42 1.1161e+40 4.5069e+38 3.6774e+42 1.33e+39 1.5058e+40 1.0803e+40 4.2143e+40 1.3364e+42 7.3885e+41 1.0495e+42 1.4677e+41 3.6109e+41 7.3254e+40 4.3512e+40 6.3122e+41 4.1335e+41
-1.5 0.3 1000.0 -1.2 2.4524e+41 3.7073e+42 1.9854e+42 5.976e+42 3.2407e+41 6.6452e+39 1.1276e+43 1.961e+40 2.4739e+41 1.8254e+41 8.8384e+40 3.4663e+42 1.928e+42 5.7231e+42 3.6215e+41 8.9205e+41 1.1097e+41 6.7638e+40 1.6247e+42 1.0823e+42
-1.5 0.3 1000.0 -1.4 2.0161e+41 3.0237e+42 1.8732e+42 5.6382e+42 1.767e+41 4.2434e+39 9.0261e+42 1.2522e+40 1.4356e+41 1.0737e+41 5.4637e+40 2.8527e+42 1.5563e+42 4.117e+42 2.9914e+41 7.3678e+41 1.256e+41 7.6585e+40 1.545e+42 1.0297e+42
-1.5 0.3 1000.0 -1.7 1.6321e+41 2.1405e+42 1.4376e+42 4.327e+42 6.4815e+40 2.2243e+39 6.2557e+42 6.5638e+39 5.9609e+40 4.6552e+40 1.813e+40 1.5327e+42 8.1605e+41 2.1926e+42 1.809e+41 4.4557e+41 1.27e+41 7.7517e+40 1.142e+42 7.6193e+41
-1.5 0.3 1000.0 -2.0 1.4499e+41 1.4903e+42 9.7345e+41 2.9301e+42 2.3668e+40 1.3589e+39 4.3018e+42 4.0101e+39 2.6371e+40 2.2386e+40 3.927e+39 5.9564e+41 3.1918e+41 1.0716e+42 9.5164e+40 2.3442e+41 1.0987e+41 6.7142e+40 7.0423e+41 4.7033e+41
-1.5 0.3 10000.0 -1.2 4.8161e+41 3.8128e+42 1.2161e+42 3.6604e+42 6.5727e+41 1.8766e+40 1.1684e+43 5.5379e+40 4.0493e+41 3.871e+41 1.0812e+39 3.5032e+41 1.8115e+41 5.2513e+42 8.7518e+40 2.1569e+41 1.1863e+41 9.5885e+40 7.8446e+41 6.3457e+41
-1.5 0.3 10000.0 -1.4 4.2692e+41 3.1642e+42 1.0936e+42 3.2917e+42 3.8502e+41 1.3327e+40 9.5208e+42 3.9329e+40 2.4726e+41 2.4038e+41 4.8628e+38 2.2153e+41 1.1606e+41 3.8278e+42 7.1795e+40 1.7694e+41 1.1484e+41 9.3092e+40 6.4926e+41 5.2654e+41
-1.5 0.3 10000.0 -1.7 3.7515e+41 2.245e+42 7.4108e+41 2.2306e+42 1.606e+41 8.2544e+39 6.6248e+42 2.4359e+40 1.1001e+41 1.1378e+41 8.202e+37 7.5594e+40 4.1049e+40 2.0468e+42 3.9551e+40 9.7476e+40 8.1479e+40 6.6542e+40 3.7901e+41 3.0903e+41
-1.5 0.3 10000.0 -2.0 3.3705e+41 1.5369e+42 4.1261e+41 1.2419e+42 6.8148e+40 5.8834e+39 4.5017e+42 1.7362e+40 5.0263e+40 5.8438e+40 9.3795e+36 2.1486e+40 1.1736e+40 9.9065e+41 1.7387e+40 4.2853e+40 4.6409e+40 3.8221e+40 1.8771e+41 1.5393e+41
-1.5 0.5 100.0 -1.2 1.4388e+41 3.0963e+42 1.3256e+42 3.9902e+42 2.1548e+41 3.3332e+39 9.4407e+42 9.8363e+39 2.3135e+41 1.6099e+41 1.4289e+41 2.2728e+42 1.2892e+42 5.4281e+42 3.1576e+41 7.7767e+41 2.1187e+40 1.2541e+40 7.2675e+41 4.7585e+41
-1.5 0.5 100.0 -1.4 1.084e+41 2.4562e+42 1.2818e+42 3.8581e+42 1.1205e+41 1.8292e+39 7.3534e+42 5.398e+39 1.2997e+41 9.0655e+40 1.1776e+41 2.1114e+42 1.237e+42 3.9204e+42 2.7768e+41 6.8392e+41 2.3308e+40 1.3802e+40 7.3238e+41 4.7954e+41
-1.5 0.5 100.0 -1.7 7.2856e+40 1.6955e+42 1.0532e+42 3.17e+42 3.5443e+40 8.0026e+38 4.9623e+42 2.3616e+39 4.7805e+40 3.3593e+40 7.6691e+40 1.5115e+42 9.2135e+41 2.1035e+42 1.9354e+41 4.7657e+41 2.2242e+40 1.3183e+40 6.0842e+41 3.9839e+41
