# Created: 2023 Aug 10, D.Kashino
# Kashino et al. 2019, ApJS, 241, 10, Figure 35
# Sample-HJ
# index is 0-origin index in the FMOS-COSMOS master catalog (inc. 5484 sources).
# class=1 LQ S/N(Halpha)>3 S/N(others)>1.5
# class=2 HQ S/N(Halpha)>5 S/N(others)>3.0
# class=3 S2 detected, O3 upper limit
# class=4 S2 detected, O3 lower limit
# class=5 S2 upper limit, O3 detected
# class=6 S2 upper limit, O3 upper limit
# class=7 S2 upper limit, O3 lower limit
# N2 = log10([NII]6584/Halpha)
# S2 = log10([SII]6717+6731/Halpha)
# O3 = log10([OIII]5007/Hbeta)
# [IMPORTANT]
# The values of O3 provided here are already corrected for the Hbeta absorption (see Equations 14-15) so that they better represent the intrinsic values. 
# The "uncorrected" values can be obtained by O3uncor = O3 + Hb_corr.
# index class mass S2 S2_err S2_uplim O3 O3_err O3_uplim O3_lolim
          41     10.9490004      6            NaN            NaN     -0.1187931            NaN            NaN     -0.6387368            NaN      0.0639524
         122     10.0466995      7            NaN            NaN     -0.6610962            NaN            NaN            NaN     -0.0463498      0.0254240
         174     10.4928999      5            NaN            NaN     -0.1899071      0.3496204      0.1832241            NaN            NaN      0.0518267
         193     10.8487997      1     -0.4765437      0.1055980            NaN      0.5962023      0.2302520            NaN            NaN      0.1083505
         194     10.4708004      1     -0.6938642      0.1478709            NaN      0.0394651      0.1112353            NaN            NaN      0.0345709
         241      9.8531799      5            NaN            NaN     -0.2918405      0.1047501      0.1714623            NaN            NaN      0.0379942
         266     10.3288002      6            NaN            NaN     -0.6361976            NaN            NaN     -0.0432276            NaN      0.0456713
         288      9.9930296      5            NaN            NaN     -0.0695962      0.2790126      0.2085638            NaN            NaN      0.0424356
         296      9.7151604      7            NaN            NaN     -0.5613829            NaN            NaN            NaN      0.6848508      0.0153469
         315     10.5136995      2     -0.6456576      0.1091725            NaN     -0.2978429      0.1719033            NaN            NaN      0.0596265
         331     10.0412998      5            NaN            NaN     -0.7541201      0.3759434      0.2028243            NaN            NaN      0.0370275
         339      9.6416798      5            NaN            NaN     -0.3020079      0.0432625      0.3176934            NaN            NaN      0.0338684
         348     11.0052996      1     -0.7727550      0.0988036            NaN      0.2117278      0.1868993            NaN            NaN      0.0135042
         382      9.3332396      5            NaN            NaN     -0.8834419      0.5366012      0.1763875            NaN            NaN      0.0150281
         393      9.6455002      7            NaN            NaN     -0.1219802            NaN            NaN            NaN      0.0686482      0.0221906
         396      9.6823397      7            NaN            NaN     -0.0600902            NaN            NaN            NaN      0.2304740      0.0275142
         493      9.9862604      5            NaN            NaN     -0.6571490      0.5714541      0.1895581            NaN            NaN      0.0095251
         542      9.7424498      6            NaN            NaN     -0.4166809            NaN            NaN     -0.0275443            NaN      0.0546427
         547     10.0405998      7            NaN            NaN     -0.6448861            NaN            NaN            NaN      0.0679730      0.0365065
         562     10.6904001      6            NaN            NaN     -0.6060127            NaN            NaN     -0.0081563            NaN      0.0672064
         568      9.4627895      7            NaN            NaN     -0.2955234            NaN            NaN            NaN     -0.0552146      0.0266303
         611      9.9409199      7            NaN            NaN      0.1015815            NaN            NaN            NaN      0.1372193      0.0485580
         612     10.9271002      6            NaN            NaN     -0.1215219            NaN            NaN      0.3447418            NaN      0.1125559
         630      9.5170603      7            NaN            NaN     -0.1127130            NaN            NaN            NaN      0.1283566      0.0234007
         657     10.1452999      5            NaN            NaN     -0.5105919      0.1444529      0.1690234            NaN            NaN      0.0852178
         664      9.9032402      5            NaN            NaN     -0.2389030     -0.4993391      0.2983511            NaN            NaN      0.0397468
         672      9.8105698      7            NaN            NaN     -0.5515848            NaN            NaN            NaN      0.5095121      0.0268679
         682     10.5464001      1     -0.2948354      0.0807699            NaN     -0.1309071      0.1876395            NaN            NaN      0.0639895
         767      9.4720201      7            NaN            NaN     -0.2372800            NaN            NaN            NaN      0.1176722      0.0150945
         772     10.3662996      5            NaN            NaN     -0.4803274      0.3305564      0.2387206            NaN            NaN      0.0730813
         802     10.7865000      1     -0.5202758      0.0898597            NaN     -0.3407272      0.2707058            NaN            NaN      0.0801184
         814      8.9925299      7            NaN            NaN     -0.5139194            NaN            NaN            NaN      0.5160431      0.0106574
         821      9.7494602      7            NaN            NaN     -0.4117193            NaN            NaN            NaN      0.3474015      0.0472369
         854      9.9920998      6            NaN            NaN     -0.7707741            NaN            NaN     -0.2649586            NaN      0.0301741
         865      9.5219402      7            NaN            NaN     -0.1565852            NaN            NaN            NaN     -0.0090855      0.0239121
         878      9.9329100      7            NaN            NaN      0.1192772            NaN            NaN            NaN      0.5434587      0.0459145
         929     10.1975002      7            NaN            NaN     -0.5624549            NaN            NaN            NaN      0.3947586      0.0490888
        1022      9.6833897      7            NaN            NaN     -0.1627484            NaN            NaN            NaN      0.2033290      0.0315791
        1034     10.0403004      2     -0.6199560      0.0744423            NaN      0.4714866      0.0321947            NaN            NaN      0.0171926
        1044     10.2378998      5            NaN            NaN     -0.4840333      0.0952825      0.2465492            NaN            NaN      0.0673151
        1059     10.3254995      5            NaN            NaN     -0.5970629      0.2172339      0.2559070            NaN            NaN      0.0478772
        1062      9.8178301      5            NaN            NaN     -0.2860737     -0.5110475      0.3047156            NaN            NaN      0.0367166
        1091      9.7324495      1      0.3987884      0.1016073            NaN      0.7260671      0.1153483            NaN            NaN      0.0296446
        1093      9.5386600      5            NaN            NaN     -0.2000093      0.5267169      0.2657157            NaN            NaN      0.0073823
        1102     10.2707005      5            NaN            NaN     -0.1891744      0.3082355      0.2285696            NaN            NaN      0.0402837
        1115     10.3465996      5            NaN            NaN      0.2283194     -0.2277049      0.2220314            NaN            NaN      0.0503018
        1138      9.8881998      3     -0.1365079      0.1027256            NaN            NaN            NaN     -0.3703323            NaN      0.0236286
        1144      9.6910400      7            NaN            NaN      0.0533385            NaN            NaN            NaN      0.2643287      0.0292460
        1188      9.8711100      7            NaN            NaN     -0.4634103            NaN            NaN            NaN      0.2940425      0.0379520
        1194     11.2524996      5            NaN            NaN     -0.2143889     -0.1013583      0.2709152            NaN            NaN      0.2068164
        1196     10.2156000      5            NaN            NaN     -0.1893917      0.3135802      0.2294761            NaN            NaN      0.0471776
        1221      9.8516598      5            NaN            NaN     -0.6032073      0.4376089      0.1587930            NaN            NaN      0.0341769
        1222     10.8999996      7            NaN            NaN      0.1029879            NaN            NaN            NaN     -0.2363124      0.0494108
        1229      9.7735100      5            NaN            NaN     -0.3643208      0.3852102      0.2320986            NaN            NaN      0.0388230
        1236     10.7809000      3     -0.3535208      0.1455239            NaN            NaN            NaN     -0.4231431            NaN      0.1268126
        1244     10.5242004      7            NaN            NaN     -0.2021987            NaN            NaN            NaN      0.0750110      0.0915691
        1265      9.7082996      7            NaN            NaN     -0.3663506            NaN            NaN            NaN     -0.2610233      0.0210047
        1266     10.3336000      6            NaN            NaN     -0.4426003            NaN            NaN      0.0215422            NaN      0.1061227
        1309     10.1554003      7            NaN            NaN     -0.7222108            NaN            NaN            NaN      0.2493199      0.0435757
        1334     10.3823004      4     -0.5639265      0.0521027            NaN            NaN            NaN            NaN     -0.0874530      0.0160750
        1385      9.6226101      7            NaN            NaN     -0.7927033            NaN            NaN            NaN      0.4534945      0.0144617
        1399     10.0530005      5            NaN            NaN     -0.4775830      0.0033540      0.1798194            NaN            NaN      0.0614870
        1402      9.8836203      7            NaN            NaN     -0.2686380            NaN            NaN            NaN     -0.0512105      0.0307284
        1414     10.1206999      7            NaN            NaN     -0.7558683            NaN            NaN            NaN      0.2285297      0.0526203
        1415      9.7102604      7            NaN            NaN     -0.5791740            NaN            NaN            NaN      0.1907124      0.0241489
        1438     10.2508001      7            NaN            NaN     -0.4256057            NaN            NaN            NaN      0.1346032      0.0308133
        1473      9.6945200      6            NaN            NaN     -0.6008685            NaN            NaN      0.1720766            NaN      0.0266068
        1481      9.2422895      5            NaN            NaN     -0.5939987      0.6510113      0.1884966            NaN            NaN      0.0060651
        1492     10.0577002      5            NaN            NaN     -0.4884500      0.0656709      0.2152897            NaN            NaN      0.0768897
        1496      9.9332705      7            NaN            NaN     -0.4687498            NaN            NaN            NaN      0.6710992      0.0536203
        1645     10.0684996      7            NaN            NaN      0.0411399            NaN            NaN            NaN      0.3109406      0.0587004
        1731      9.8684702      5            NaN            NaN     -0.2360264      0.4383175      0.1615741            NaN            NaN      0.0225912
        1733      9.4809103      6            NaN            NaN      0.0927586            NaN            NaN     -0.2128627            NaN      0.0264789
        1768     10.3030996      7            NaN            NaN      0.3968675            NaN            NaN            NaN      0.0232451      0.1220887
        1772      9.8945303      7            NaN            NaN     -0.5233068            NaN            NaN            NaN      0.1401185      0.0348831
        1784     11.1627998      5            NaN            NaN     -0.4635737      0.1243151      0.2307130            NaN            NaN      0.2346723
        1789     10.2279997      7            NaN            NaN     -0.2763570            NaN            NaN            NaN     -0.0585862      0.0365838
        1793     10.3248997      1     -0.5375143      0.0832834            NaN     -0.0605264      0.2290295            NaN            NaN      0.0452983
        1816     10.4583998      1     -0.7763624      0.1143981            NaN     -0.2012913      0.1934010            NaN            NaN      0.0517623
        1831     10.8649998      6            NaN            NaN     -0.4914948            NaN            NaN     -0.5216274            NaN      0.2226559
        1844      9.7128201      5            NaN            NaN     -0.4225176      0.4148105      0.1920597            NaN            NaN      0.0287842
        1861     10.8587999      7            NaN            NaN     -0.2407102            NaN            NaN            NaN     -0.0796073      0.1489567
        1867      9.7388601      7            NaN            NaN     -0.9953243            NaN            NaN            NaN      0.5397402      0.0160487
        1873     10.5706997      4     -0.2925663      0.1347804            NaN            NaN            NaN            NaN     -0.1699916      0.1088741
        1883      9.6073303      5            NaN            NaN     -0.3174285     -0.1385778      0.2484631            NaN            NaN      0.0186876
        1908     10.5549002      5            NaN            NaN     -0.3771946     -0.0307080      0.1974488            NaN            NaN      0.0476920
        1922      9.7575903      2     -0.3946050      0.0787656            NaN      0.4690688      0.0694081            NaN            NaN      0.0295012
        1926      9.9174500      5            NaN            NaN     -0.0389341      0.3534344      0.2038636            NaN            NaN      0.0371425
        1931      9.9665499      1     -0.7051532      0.0962289            NaN      0.4020655      0.1121075            NaN            NaN      0.0304357
        1940     10.3971004      1     -0.4680044      0.1604819            NaN     -0.0568671      0.1060966            NaN            NaN      0.0286158
        1957      9.8637505      7            NaN            NaN     -0.1348436            NaN            NaN            NaN      0.3067887      0.0134205
        1958     10.6499996      6            NaN            NaN     -0.3815287            NaN            NaN      0.0922990            NaN      0.0323728
        1983      9.8849602      7            NaN            NaN     -0.1671379            NaN            NaN            NaN      0.1191713      0.0445368
        1994      9.8417597      7            NaN            NaN     -0.3170963            NaN            NaN            NaN      0.1557396      0.0415892
        2011     10.1942997      3     -0.3400132      0.1116363            NaN            NaN            NaN     -0.0737606            NaN      0.0509852
        2026      9.9289703      2     -0.4791052      0.0809662            NaN      0.4420710      0.0531103            NaN            NaN      0.0197870
        2039     10.3690996      2     -0.4322325      0.0622526            NaN     -0.0885160      0.1407564            NaN            NaN      0.0388418
        2108     10.5600004      2     -0.4133008      0.0684651            NaN     -0.4122666      0.0979595            NaN            NaN      0.0649234
        2157     10.2607002      6            NaN            NaN     -0.2501387            NaN            NaN     -0.4729438            NaN      0.0397598
        2189     10.3760004      6            NaN            NaN     -0.6095074            NaN            NaN     -0.7194023            NaN      0.0435516
        2209     10.5662003      1     -0.5079785      0.1377462            NaN     -0.0261856      0.1659696            NaN            NaN      0.0839198
        2228     10.0993996      5            NaN            NaN     -0.0647992      0.2021189      0.3104318            NaN            NaN      0.0491354
        2258      9.9602900      5            NaN            NaN     -0.8295808      0.1407002      0.1539019            NaN            NaN      0.0155689
        2267     10.0818005      5            NaN            NaN     -0.3509809      0.3821936      0.2173322            NaN            NaN      0.0243453
        2327     10.3906002      6            NaN            NaN     -0.5628536            NaN            NaN     -0.6361887            NaN      0.0462178
        2330      9.9684896      1     -0.8021847      0.0500222            NaN      0.5044042      0.1617080            NaN            NaN      0.0242420
        2375     10.8083000      6            NaN            NaN     -0.3405162            NaN            NaN     -0.3801330            NaN      0.0729368
        2452      9.9235096      6            NaN            NaN     -0.2612418            NaN            NaN     -0.1682543            NaN      0.0617907
        2587      9.9058199      4     -0.6376935      0.0592983            NaN            NaN            NaN            NaN      0.4655797      0.0165302
        3668      9.8651896      5            NaN            NaN     -0.2016051      0.2661046      0.1712481            NaN            NaN      0.0211808
        4033      9.8999796      5            NaN            NaN     -0.2358289      0.2954479      0.3908663            NaN            NaN      0.0312831
        4174      9.7126198      5            NaN            NaN     -0.8960934      0.8250536      0.1976604            NaN            NaN      0.0312122
        4236     10.2538004      5            NaN            NaN     -0.5957624      0.3920926      0.2952511            NaN            NaN      0.0398082
        4243     11.0008001      6            NaN            NaN     -0.0058418            NaN            NaN     -0.0104238            NaN      0.0301990
        4477     10.0475998      5            NaN            NaN     -0.3479713      0.3102432      0.1711209            NaN            NaN      0.0354151
        4534      9.2350197      1     -0.8759974      0.1196281            NaN      0.7957991      0.0347142            NaN            NaN      0.0110084
        4538      9.7375002      5            NaN            NaN      0.1191572      0.3891822      0.1652765            NaN            NaN      0.0384935
        4546     10.5345001      6            NaN            NaN     -0.5055042            NaN            NaN     -0.1850551            NaN      0.0909029
        4555      9.9890900      5            NaN            NaN     -0.2550237     -0.1982915      0.3677852            NaN            NaN      0.0818314
        4562      9.9679403      4     -0.7580249      0.1409358            NaN            NaN            NaN            NaN      0.4526680      0.0523090
        4629      9.3715801      6            NaN            NaN     -0.3431077            NaN            NaN      0.1017465            NaN      0.0324214
        4635     10.5895004      6            NaN            NaN     -0.2789436            NaN            NaN     -0.0402226            NaN      0.0767152
