# log(Us)  xid nh alpha [OII]3727 Hbeta [OIII]4959 [OIII]5007 [OI]6300 [NII]6548 Halpha [NII]6584 [SII]6717 [SII]6731 NV1240 CIV1548 CIV1551 HeII1640 OIII]1661 OIII]1666 [SiIII]1883 SiIII]1888 [CIII]1907 CIII]1910 
-1.0 0.1 100.0 -1.2 1.2841e+41 3.7593e+41 2.1441e+42 6.4536e+42 2.6119e+40 9.6047e+40 1.0877e+42 2.8343e+41 5.2037e+40 3.9146e+40 1.1257e+42 6.6986e+41 4.5308e+41 2.9977e+42 1.2152e+40 2.7912e+40 5.4236e+39 3.4033e+39 1.6051e+41 1.0522e+41
-1.0 0.1 100.0 -1.4 7.2351e+40 3.7989e+41 1.7626e+42 5.3055e+42 3.6248e+39 4.2965e+40 1.113e+42 1.2679e+41 2.3697e+40 1.8439e+40 6.0509e+41 3.7494e+41 2.5559e+41 2.5227e+42 5.7349e+39 1.2954e+40 1.9397e+39 1.5452e+39 7.8425e+40 5.1463e+40
-1.0 0.1 100.0 -1.7 5.241e+40 4.0742e+41 9.5048e+41 2.8609e+42 8.381e+38 2.0354e+40 1.2381e+42 6.0066e+40 1.0581e+40 8.4264e+39 1.3465e+41 1.3095e+41 7.7495e+40 1.7628e+42 1.6885e+39 3.6958e+39 2.83e+38 1.1456e+39 1.8463e+40 1.2297e+40
-1.0 0.1 100.0 -2.0 4.989e+40 4.349e+41 2.6772e+41 8.0583e+41 4.7028e+38 1.1546e+40 1.3822e+42 3.4072e+40 5.7761e+39 4.6108e+39 3.0146e+40 4.0425e+40 2.7705e+40 1.0757e+42 5.1539e+38 1.0826e+39 4.8038e+37 1.7921e+39 2.3264e+39 1.9258e+39
-1.0 0.1 1000.0 -1.2 8.8428e+41 1.5348e+42 1.2525e+43 3.7701e+43 1.3897e+41 6.7316e+41 4.5537e+42 1.9865e+42 2.4768e+41 2.7846e+41 1.1297e+41 6.1132e+41 3.0294e+41 5.0321e+42 4.2483e+40 9.7366e+40 3.0388e+40 2.0496e+40 7.0557e+41 4.7826e+41
-1.0 0.1 1000.0 -1.4 5.5086e+41 1.4601e+42 7.1436e+42 2.1502e+43 3.1175e+40 4.0807e+41 4.3891e+42 1.2042e+42 1.1929e+41 1.4955e+41 3.0005e+40 1.1146e+41 6.1743e+40 3.7241e+42 9.3942e+39 2.1487e+40 1.0657e+40 8.8082e+39 1.9258e+41 1.3109e+41
-1.0 0.1 1000.0 -1.7 2.9028e+41 1.2546e+42 2.1677e+42 6.5248e+42 7.4061e+39 2.3894e+41 3.8523e+42 7.0513e+41 5.6292e+40 7.726e+40 2.1077e+40 3.2353e+40 2.3048e+40 2.0641e+42 7.3417e+38 1.6907e+39 1.6076e+39 3.8336e+39 1.7026e+40 1.1908e+40
-1.0 0.1 1000.0 -2.0 1.4955e+41 1.0118e+42 4.594e+41 1.3828e+42 2.0395e+39 1.3165e+41 3.1579e+42 3.885e+41 2.7758e+40 3.9399e+40 1.5497e+40 1.8241e+40 1.4714e+40 1.0362e+42 1.6602e+38 3.8714e+38 1.3778e+38 3.022e+39 7.9083e+38 7.909e+38
-1.0 0.1 10000.0 -1.2 2.7425e+42 2.7457e+42 1.4178e+43 4.2677e+43 7.0286e+41 4.516e+42 8.2119e+42 1.3327e+43 5.0077e+41 9.3666e+41 1.5933e+40 5.4513e+40 3.3346e+40 4.6408e+42 1.5826e+40 3.8474e+40 7.6435e+40 7.4681e+40 3.8695e+41 3.5482e+41
-1.0 0.1 10000.0 -1.4 1.796e+42 2.4076e+42 9.119e+42 2.7448e+43 2.2632e+41 3.2532e+42 7.2189e+42 9.6003e+42 2.8582e+41 5.6664e+41 1.494e+40 2.7273e+40 1.9666e+40 3.4098e+42 5.7526e+39 1.4014e+40 3.4707e+40 3.4999e+40 1.5526e+41 1.4378e+41
-1.0 0.1 10000.0 -1.7 1.0007e+42 1.826e+42 3.8982e+42 1.1734e+43 6.8247e+40 2.2367e+42 5.4975e+42 6.6004e+42 1.6795e+41 3.4942e+41 1.0059e+40 1.5237e+40 1.3246e+40 1.8497e+42 1.0215e+39 2.4967e+39 7.6953e+39 8.548e+39 3.1969e+40 3.0032e+40
-1.0 0.1 10000.0 -2.0 5.4664e+41 1.3135e+42 1.392e+42 4.1899e+42 3.2454e+40 1.531e+42 3.9724e+42 4.5178e+42 1.1463e+41 2.4087e+41 3.2156e+39 1.1133e+40 9.8515e+39 9.0128e+41 1.6057e+38 3.939e+38 1.2432e+39 1.7548e+39 5.7765e+39 5.5101e+39
-1.0 0.3 100.0 -1.2 1.9815e+42 2.0528e+41 1.861e+42 5.6016e+42 5.759e+41 1.062e+42 6.0172e+41 3.1339e+42 2.7311e+41 1.9813e+41 1.2389e+42 6.5936e+41 4.5759e+41 1.6705e+42 6.7743e+40 1.6353e+41 1.3787e+40 8.1707e+39 6.7126e+41 4.398e+41
-1.0 0.3 100.0 -1.4 8.4255e+41 1.7675e+41 1.5636e+42 4.7064e+42 3.1244e+41 5.5569e+41 5.077e+41 1.6398e+42 1.7215e+41 1.251e+41 6.6921e+41 4.3253e+41 3.0301e+41 1.4809e+42 3.2372e+40 7.7646e+40 6.8266e+39 4.0589e+39 3.4384e+41 2.2532e+41
-1.0 0.3 100.0 -1.7 1.7e+41 1.6114e+41 1.0876e+42 3.2738e+42 7.1024e+40 1.4899e+41 4.6601e+41 4.3968e+41 7.1432e+40 5.2416e+40 2.1003e+41 1.6779e+41 1.2027e+41 1.1313e+42 8.27e+39 1.956e+40 1.617e+39 1.0231e+39 9.681e+40 6.3474e+40
-1.0 0.3 100.0 -2.0 5.2765e+40 1.6942e+41 5.6438e+41 1.6988e+42 6.5704e+39 4.407e+40 5.07e+41 1.3005e+41 2.3187e+40 1.7696e+40 4.0672e+40 3.8462e+40 2.9578e+40 7.9359e+41 1.2142e+39 2.8187e+39 2.3229e+38 3.6718e+38 1.5023e+40 9.9076e+39
-1.0 0.3 1000.0 -1.2 2.5868e+42 9.0791e+41 1.028e+43 3.0944e+43 1.2803e+42 2.2202e+42 2.6415e+42 6.5518e+42 8.4767e+41 8.1579e+41 2.7317e+41 6.7622e+41 3.4332e+41 4.314e+42 9.3537e+40 2.2293e+41 2.7385e+40 1.7232e+40 1.2077e+42 8.1587e+41
-1.0 0.3 1000.0 -1.4 1.2052e+42 8.6168e+41 6.9605e+42 2.0951e+43 4.8289e+41 1.116e+42 2.5322e+42 3.2933e+42 4.6152e+41 4.6116e+41 5.9168e+40 1.9555e+41 1.0382e+41 3.3193e+42 2.7985e+40 6.6483e+40 1.171e+40 7.6537e+39 4.4743e+41 3.031e+41
-1.0 0.3 1000.0 -1.7 5.0037e+41 7.7683e+41 2.9229e+42 8.7979e+42 7.3125e+40 4.8614e+41 2.3292e+42 1.4346e+42 1.6162e+41 1.8601e+41 2.3996e+40 2.8623e+40 2.1523e+40 1.9279e+42 2.619e+39 6.2183e+39 2.5584e+39 2.2632e+39 5.9188e+40 4.0354e+40
-1.0 0.3 1000.0 -2.0 2.6517e+41 6.6858e+41 9.5796e+41 2.8834e+42 1.7654e+40 3.0091e+41 2.0449e+42 8.8799e+41 7.7413e+40 1.0096e+41 1.776e+40 1.6468e+40 1.442e+40 9.9475e+41 2.3666e+38 5.6436e+38 4.1928e+38 1.167e+39 5.5751e+39 3.9129e+39
-1.0 0.3 10000.0 -1.2 3.9927e+42 2.2627e+42 1.293e+43 3.8918e+43 2.3586e+42 6.9924e+42 6.6777e+42 2.0635e+43 1.2672e+42 2.101e+42 1.6534e+40 5.287e+40 3.4666e+40 4.6054e+42 2.2914e+40 5.5939e+40 3.9799e+40 3.8168e+40 4.3952e+41 3.981e+41
-1.0 0.3 10000.0 -1.4 2.5292e+42 2.0149e+42 8.6007e+42 2.5888e+43 9.2855e+41 4.7837e+42 5.9688e+42 1.4117e+43 6.8939e+41 1.2072e+42 1.5079e+40 2.6137e+40 1.9783e+40 3.4055e+42 8.6464e+39 2.1127e+40 1.8821e+40 1.849e+40 1.8327e+41 1.6783e+41
-1.0 0.3 10000.0 -1.7 1.4239e+42 1.5781e+42 3.8832e+42 1.1688e+43 2.5636e+41 3.1585e+42 4.7056e+42 9.3208e+42 3.2943e+41 6.3119e+41 9.9667e+39 1.4664e+40 1.2642e+40 1.8612e+42 1.5864e+39 3.8857e+39 4.4146e+39 4.6261e+39 4.0172e+40 3.732e+40
-1.0 0.3 10000.0 -2.0 8.4696e+41 1.1714e+42 1.4982e+42 4.5096e+42 1.0748e+41 2.266e+42 3.5116e+42 6.687e+42 2.0881e+41 4.1896e+41 3.1474e+39 1.062e+40 9.4078e+39 9.1101e+41 2.655e+38 6.519e+38 8.0273e+38 9.7015e+38 8.2337e+39 7.7476e+39
-1.0 0.5 100.0 -1.2 2.4774e+42 1.7226e+41 1.1534e+42 3.4718e+42 6.5844e+41 1.5337e+42 5.3196e+41 4.5259e+42 3.725e+41 2.68e+41 1.4549e+42 5.9307e+41 4.2984e+41 1.1905e+42 7.2087e+40 1.7584e+41 6.7768e+39 4.0127e+39 7.1321e+41 4.6723e+41
-1.0 0.5 100.0 -1.4 1.2706e+42 1.3314e+41 1.0188e+42 3.0665e+42 4.0801e+41 9.0872e+41 3.9251e+41 2.6816e+42 2.3779e+41 1.7111e+41 8.3875e+41 4.2155e+41 3.0971e+41 1.0773e+42 4.174e+40 1.0166e+41 4.3713e+39 2.5902e+39 4.3674e+41 2.8615e+41
-1.0 0.5 100.0 -1.7 3.3761e+41 1.0611e+41 8.0788e+41 2.4317e+42 1.425e+41 3.1149e+41 3.0324e+41 9.1921e+41 1.1127e+41 8.0647e+40 2.9099e+41 1.9702e+41 1.4777e+41 8.6177e+41 1.4768e+40 3.5788e+40 1.6916e+39 1.0089e+39 1.6362e+41 1.0724e+41
-1.0 0.5 100.0 -2.0 8.6665e+40 1.0021e+41 5.5399e+41 1.6675e+42 2.7892e+40 9.251e+40 2.9075e+41 2.73e+41 4.7142e+40 3.4867e+40 7.6022e+40 6.8637e+40 5.2763e+40 6.1661e+41 4.0024e+39 9.6209e+39 4.7153e+38 3.0676e+38 4.9053e+40 3.217e+40
-1.0 0.5 1000.0 -1.2 3.2552e+42 6.5627e+41 7.3555e+42 2.214e+43 1.6081e+42 3.1979e+42 1.8947e+42 9.437e+42 1.1e+42 1.0092e+42 4.7529e+41 6.5097e+41 4.725e+41 3.7712e+42 1.3056e+41 3.1674e+41 1.8556e+40 1.153e+40 1.4794e+42 9.9721e+41
-1.0 0.5 1000.0 -1.4 1.5787e+42 6.0751e+41 5.6032e+42 1.6866e+43 7.5774e+41 1.689e+42 1.7599e+42 4.9843e+42 6.6618e+41 6.2881e+41 1.4708e+41 2.7886e+41 1.9425e+41 2.9777e+42 5.3535e+40 1.296e+41 9.4971e+39 5.9617e+39 7.0231e+41 4.7444e+41
-1.0 0.5 1000.0 -1.7 6.2082e+41 5.5069e+41 2.9611e+42 8.9128e+42 1.6148e+41 7.146e+41 1.621e+42 2.1088e+42 2.7733e+41 2.9008e+41 3.1899e+40 5.2502e+40 3.7983e+40 1.7969e+42 8.7231e+39 2.108e+40 3.0706e+39 2.0484e+39 1.5611e+41 1.0587e+41
-1.0 0.5 1000.0 -2.0 3.2702e+41 4.8996e+41 1.254e+42 3.7744e+42 3.5723e+40 4.3053e+41 1.4696e+42 1.2705e+42 1.2919e+41 1.5614e+41 2.0471e+40 1.8873e+40 1.7106e+40 9.5215e+41 1.0338e+39 2.5009e+39 8.5084e+38 7.4887e+38 2.4654e+40 1.6818e+40
-1.0 0.5 10000.0 -1.2 4.052e+42 1.8931e+42 1.0873e+43 3.2727e+43 2.8484e+42 8.3058e+42 5.536e+42 2.451e+43 1.7956e+42 2.7669e+42 1.8265e+40 7.25e+40 4.6242e+40 4.5267e+42 3.3318e+40 8.1627e+40 2.3346e+40 2.195e+40 5.3689e+41 4.8014e+41
-1.0 0.5 10000.0 -1.4 2.5867e+42 1.7113e+42 7.3769e+42 2.2204e+43 1.2496e+42 5.7868e+42 5.0236e+42 1.7077e+43 1.0403e+42 1.6886e+42 1.5582e+40 3.1841e+40 2.2789e+40 3.3684e+42 1.2967e+40 3.1783e+40 1.1444e+40 1.0968e+40 2.3069e+41 2.0867e+41
-1.0 0.5 10000.0 -1.7 1.4431e+42 1.3797e+42 3.3967e+42 1.0224e+43 3.8239e+41 3.7888e+42 4.0806e+42 1.1181e+43 4.8982e+41 8.8181e+41 9.9632e+39 1.4724e+40 1.2381e+40 1.8555e+42 2.369e+39 5.8149e+39 2.7442e+39 2.7487e+39 5.1187e+40 4.6991e+40
-1.0 0.5 10000.0 -2.0 8.5606e+41 1.0531e+42 1.3239e+42 3.9851e+42 1.6372e+41 2.698e+42 3.1362e+42 7.9618e+42 3.081e+41 5.8156e+41 3.0602e+39 1.0182e+40 8.9318e+39 9.1327e+41 3.7396e+38 9.1939e+38 4.8976e+38 5.3738e+38 1.0346e+40 9.6164e+39
-2.5 0.1 100.0 -1.2 4.1605e+41 1.6453e+42 2.7862e+42 8.3865e+42 3.3015e+40 4.0127e+41 5.1347e+42 1.1841e+42 1.5899e+41 1.245e+41 7.1755e+41 5.9268e+41 3.338e+41 4.796e+42 4.1464e+39 9.87e+39 3.0065e+39 2.5974e+39 1.1594e+41 7.6111e+40
-2.5 0.1 100.0 -1.4 2.3909e+41 1.4572e+42 1.073e+42 3.2297e+42 1.1512e+40 1.8854e+41 4.6196e+42 5.5639e+41 7.6399e+40 6.0439e+40 3.3224e+41 2.8596e+41 1.64e+41 3.6312e+42 1.1185e+39 2.6571e+39 7.3136e+38 1.5303e+39 3.2496e+40 2.1438e+40
-2.5 0.1 100.0 -1.7 1.3434e+41 1.1485e+42 2.3341e+41 7.0257e+41 3.1969e+39 5.9796e+40 3.7436e+42 1.7646e+41 2.6687e+40 2.1175e+40 7.8497e+40 8.6407e+40 5.4609e+40 2.0862e+42 2.1897e+38 5.1374e+38 7.6838e+37 6.502e+38 3.6828e+39 2.5206e+39
-2.5 0.1 100.0 -2.0 8.6783e+40 8.7101e+41 4.1325e+40 1.2439e+41 6.3144e+38 1.6077e+40 2.9088e+42 4.7443e+40 7.6147e+39 6.0919e+39 2.6475e+40 3.3285e+40 2.3004e+40 1.0852e+42 1.2552e+38 2.9097e+38 4.0204e+36 4.2721e+38 6.9237e+37 1.3214e+38
-2.5 0.1 1000.0 -1.2 1.2009e+42 2.023e+42 8.9276e+42 2.6872e+43 8.397e+40 1.0974e+42 6.1501e+42 3.2383e+42 2.7453e+41 3.4993e+41 8.0192e+40 3.5446e+41 1.8301e+41 4.9536e+42 1.4859e+40 3.5205e+40 1.914e+40 1.3255e+40 3.6316e+41 2.4664e+41
-2.5 0.1 1000.0 -1.4 6.9266e+41 1.8009e+42 4.9078e+42 1.4772e+43 2.9815e+40 6.9656e+41 5.5101e+42 2.0555e+42 1.6299e+41 2.1967e+41 2.8448e+40 7.6218e+40 4.5253e+40 3.6783e+42 3.5286e+39 8.3338e+39 6.6104e+39 5.8952e+39 9.6857e+40 6.6075e+40
-2.5 0.1 1000.0 -1.7 3.1251e+41 1.4175e+42 1.5215e+42 4.5799e+42 9.3551e+39 3.4429e+41 4.3893e+42 1.016e+42 7.8766e+40 1.0922e+41 2.024e+40 2.9204e+40 2.1121e+40 2.047e+42 3.8622e+38 9.1292e+38 1.066e+39 2.979e+39 9.719e+39 6.8337e+39
-2.5 0.1 1000.0 -2.0 1.5104e+41 1.0768e+42 3.5047e+41 1.0549e+42 2.4987e+39 1.6133e+41 3.3732e+42 4.761e+41 3.4993e+40 4.9894e+40 1.4376e+40 1.7259e+40 1.4075e+40 1.0348e+42 1.1477e+38 2.7206e+38 9.8419e+37 2.5356e+39 5.258e+38 5.4144e+38
-2.5 0.1 10000.0 -1.2 2.6765e+42 2.774e+42 1.3587e+43 4.0896e+43 5.6299e+41 4.441e+42 8.3295e+42 1.3105e+43 4.4699e+41 8.5512e+41 1.5117e+40 5.2505e+40 3.1738e+40 4.6504e+42 1.5049e+40 3.6626e+40 7.2924e+40 7.1266e+40 3.6931e+41 3.3882e+41
-2.5 0.1 10000.0 -1.4 1.7798e+42 2.4218e+42 8.8116e+42 2.6523e+43 2.0386e+41 3.2951e+42 7.2755e+42 9.7239e+42 2.7767e+41 5.5761e+41 1.4453e+40 2.5585e+40 1.8338e+40 3.4272e+42 5.5401e+39 1.3501e+40 3.344e+40 3.3708e+40 1.498e+41 1.3877e+41
-2.5 0.1 10000.0 -1.7 9.9136e+41 1.8318e+42 3.8202e+42 1.1499e+43 6.953e+40 2.2556e+42 5.5175e+42 6.6562e+42 1.7085e+41 3.5577e+41 9.8829e+39 1.3981e+40 1.2189e+40 1.8679e+42 1e+39 2.4452e+39 7.5431e+39 8.3616e+39 3.1298e+40 2.9407e+40
-2.5 0.1 10000.0 -2.0 5.3985e+41 1.3193e+42 1.382e+42 4.1598e+42 3.297e+40 1.5288e+42 3.9914e+42 4.5115e+42 1.1557e+41 2.4284e+41 3.217e+39 1.042e+40 9.4876e+39 9.1483e+41 1.5888e+38 3.898e+38 1.235e+39 1.7376e+39 5.7018e+39 5.4397e+39
-2.5 0.3 100.0 -1.2 1.8619e+42 8.5962e+41 4.4086e+42 1.327e+43 6.5558e+41 1.6509e+42 2.5872e+42 4.8719e+42 6.5211e+41 4.825e+41 7.5905e+41 5.4136e+41 3.5586e+41 3.5961e+42 1.9545e+40 4.7323e+40 7.5979e+39 4.5979e+39 3.7238e+41 2.4414e+41
-2.5 0.3 100.0 -1.4 8.0829e+41 7.2383e+41 2.425e+42 7.2991e+42 2.1435e+41 8.0058e+41 2.1925e+42 2.3625e+42 3.3828e+41 2.5418e+41 3.9061e+41 2.8303e+41 1.9091e+41 2.7822e+42 5.6843e+39 1.3729e+40 2.3557e+39 1.5395e+39 1.2337e+41 8.0923e+40
-2.5 0.3 100.0 -1.7 2.7013e+41 5.548e+41 7.1468e+41 2.1512e+42 3.5344e+40 2.9186e+41 1.7139e+42 8.6128e+41 1.2458e+41 9.6069e+40 1.2548e+41 9.8428e+40 6.9329e+40 1.6784e+42 8.5359e+38 2.0527e+39 3.2597e+38 4.446e+38 1.9746e+40 1.3002e+40
-2.5 0.3 100.0 -2.0 1.2179e+41 4.3972e+41 1.8695e+41 5.6271e+41 1.1563e+40 1.2806e+41 1.3957e+42 3.779e+41 5.7124e+40 4.4431e+40 3.6147e+40 3.172e+40 2.5315e+40 9.3089e+41 1.44e+38 3.4325e+38 5.0287e+37 4.2347e+38 2.4879e+39 1.7077e+39
-2.5 0.3 1000.0 -1.2 2.5186e+42 1.2745e+42 8.7891e+42 2.6455e+43 8.266e+41 2.3182e+42 3.7891e+42 6.8411e+42 7.9068e+41 8.2088e+41 2.0041e+41 4.8418e+41 2.5333e+41 4.4082e+42 4.0667e+40 9.8082e+40 1.8247e+40 1.1601e+40 7.1197e+41 4.8192e+41
-2.5 0.3 1000.0 -1.4 1.3609e+42 1.1369e+42 5.6606e+42 1.7039e+43 2.7865e+41 1.3381e+42 3.3988e+42 3.9486e+42 4.2477e+41 4.7562e+41 4.992e+40 1.4193e+41 7.8714e+40 3.3525e+42 1.272e+40 3.0598e+40 7.918e+39 5.2915e+39 2.626e+41 1.7819e+41
-2.5 0.3 1000.0 -1.7 6.1487e+41 9.2931e+41 2.3536e+42 7.0845e+42 5.7878e+40 6.8744e+41 2.8154e+42 2.0286e+42 1.8485e+41 2.3238e+41 2.3141e+40 2.6009e+40 2.0033e+40 1.9273e+42 1.4772e+39 3.5456e+39 1.8376e+39 1.7283e+39 3.8459e+40 2.6264e+40
-2.5 0.3 1000.0 -2.0 3.0386e+41 7.4311e+41 7.9885e+41 2.4045e+42 2.2114e+40 3.9688e+41 2.2836e+42 1.1712e+42 1.0232e+41 1.3435e+41 1.6669e+40 1.604e+40 1.3999e+40 9.9564e+41 1.7154e+38 4.1224e+38 3.2567e+38 9.7035e+38 4.1299e+39 2.909e+39
-2.5 0.3 10000.0 -1.2 3.8534e+42 2.2874e+42 1.2489e+43 3.7593e+43 1.94e+42 6.7211e+42 6.7678e+42 1.9834e+43 1.0758e+42 1.8319e+42 1.5708e+40 5.0792e+40 3.3086e+40 4.6165e+42 2.1892e+40 5.3479e+40 3.8238e+40 3.6688e+40 4.2055e+41 3.8133e+41
-2.5 0.3 10000.0 -1.4 2.5112e+42 2.0321e+42 8.3576e+42 2.5156e+43 8.1194e+41 4.7748e+42 6.0294e+42 1.409e+43 6.2821e+41 1.1267e+42 1.4617e+40 2.4488e+40 1.8399e+40 3.4231e+42 8.3274e+39 2.0358e+40 1.8186e+40 1.7869e+40 1.7691e+41 1.6209e+41
-2.5 0.3 10000.0 -1.7 1.4271e+42 1.5876e+42 3.8168e+42 1.1489e+43 2.5009e+41 3.2001e+42 4.7358e+42 9.4434e+42 3.2785e+41 6.3343e+41 9.811e+39 1.3384e+40 1.186e+40 1.8792e+42 1.5519e+39 3.8023e+39 4.3272e+39 4.5312e+39 3.9326e+40 3.6544e+40
-2.5 0.3 10000.0 -2.0 8.4616e+41 1.1792e+42 1.4907e+42 4.4871e+42 1.0887e+41 2.2803e+42 3.5351e+42 6.729e+42 2.1118e+41 4.2443e+41 3.1565e+39 1.0115e+40 9.1422e+39 9.2458e+41 2.6278e+38 6.4526e+38 7.969e+38 9.619e+38 8.137e+39 7.6582e+39
-2.5 0.5 100.0 -1.2 2.7259e+42 5.5193e+41 3.6857e+42 1.1094e+43 1.0627e+42 2.5474e+42 1.6304e+42 7.5173e+42 9.5812e+41 6.9715e+41 9.9336e+41 5.7434e+41 4.1158e+41 2.8196e+42 4.3163e+40 1.0545e+41 8.0445e+39 4.7819e+39 6.3384e+41 4.1544e+41
-2.5 0.5 100.0 -1.4 1.2958e+42 4.4939e+41 2.464e+42 7.4165e+42 4.5597e+41 1.3194e+42 1.3273e+42 3.8935e+42 5.3686e+41 3.9527e+41 5.396e+41 3.3283e+41 2.3598e+41 2.2219e+42 1.737e+40 4.2381e+40 3.586e+39 2.1473e+39 2.8233e+41 1.8508e+41
-2.5 0.5 100.0 -1.7 4.1824e+41 3.3149e+41 1.105e+42 3.3262e+42 9.3755e+40 4.8959e+41 9.8888e+41 1.4448e+42 2.1342e+41 1.6086e+41 1.8616e+41 1.3133e+41 9.5031e+40 1.3747e+42 3.6529e+39 8.8896e+39 8.2297e+38 5.2709e+38 6.8908e+40 4.5196e+40
-2.5 0.5 100.0 -2.0 1.6472e+41 2.5556e+41 4.1168e+41 1.2392e+42 2.1346e+40 2.1591e+41 7.777e+41 6.3715e+41 9.5169e+40 7.3195e+40 5.7303e+40 4.831e+40 3.7381e+40 7.7892e+41 7.7821e+38 1.8868e+39 1.8965e+38 1.8186e+38 1.6059e+40 1.0558e+40
-2.5 0.5 1000.0 -1.2 3.0858e+42 9.0171e+41 7.1129e+42 2.141e+43 1.2917e+42 3.2323e+42 2.6378e+42 9.5385e+42 1.1809e+42 1.1334e+42 3.5203e+41 5.0983e+41 3.6817e+41 3.9539e+42 7.0782e+40 1.7248e+41 1.4144e+40 8.8323e+39 1.0005e+42 6.7564e+41
-2.5 0.5 1000.0 -1.4 1.6716e+42 8.0108e+41 5.0926e+42 1.5329e+43 5.3315e+41 1.8646e+42 2.3519e+42 5.5025e+42 6.6949e+41 6.8312e+41 1.1562e+41 2.1956e+41 1.5382e+41 3.0636e+42 2.9696e+40 7.2248e+40 7.309e+39 4.6203e+39 4.7523e+41 3.2151e+41
-2.5 0.5 1000.0 -1.7 7.4144e+41 6.6725e+41 2.5866e+42 7.7858e+42 1.1932e+41 9.287e+41 1.9829e+42 2.7406e+42 2.9058e+41 3.3416e+41 2.9933e+40 4.5608e+40 3.3799e+40 1.812e+42 5.6237e+39 1.3656e+40 2.464e+39 1.6665e+39 1.1402e+41 7.7392e+40
-2.5 0.5 1000.0 -2.0 3.8015e+41 5.5217e+41 1.1074e+42 3.3332e+42 3.8976e+40 5.5523e+41 1.6656e+42 1.6385e+42 1.5899e+41 1.9752e+41 1.9394e+40 1.8261e+40 1.6337e+40 9.5567e+41 7.9119e+38 1.9212e+39 7.1724e+38 6.4271e+38 1.9955e+40 1.3621e+40
-2.5 0.5 10000.0 -1.2 3.9082e+42 1.9142e+42 1.0527e+43 3.1685e+43 2.4124e+42 8.0374e+42 5.6057e+42 2.3718e+43 1.5701e+42 2.4796e+42 1.7376e+40 6.9698e+40 4.4355e+40 4.5374e+42 3.1734e+40 7.7776e+40 2.243e+40 2.1104e+40 5.1213e+41 4.5862e+41
-2.5 0.5 10000.0 -1.4 2.5606e+42 1.7287e+42 7.189e+42 2.1639e+43 1.1022e+42 5.7636e+42 5.0794e+42 1.7008e+43 9.3165e+41 1.5602e+42 1.5105e+40 3.0242e+40 2.1449e+40 3.3857e+42 1.2523e+40 3.0703e+40 1.1105e+40 1.0646e+40 2.2313e+41 2.0197e+41
-2.5 0.5 10000.0 -1.7 1.4459e+42 1.3902e+42 3.3431e+42 1.0063e+43 3.7053e+41 3.8302e+42 4.1136e+42 1.1303e+43 4.8361e+41 8.7961e+41 9.8306e+39 1.362e+40 1.1816e+40 1.8726e+42 2.3226e+39 5.702e+39 2.6968e+39 2.7007e+39 5.0183e+40 4.6083e+40
-2.5 0.5 10000.0 -2.0 8.5628e+41 1.0609e+42 1.3188e+42 3.9695e+42 1.6405e+41 2.715e+42 3.1598e+42 8.0119e+42 3.0981e+41 5.8674e+41 3.0772e+39 9.8168e+39 8.7406e+39 9.2659e+41 3.716e+38 9.1363e+38 4.8798e+38 5.3502e+38 1.0251e+40 9.5303e+39
-2.0 0.1 100.0 -1.2 3.1047e+41 8.8769e+41 3.8727e+42 1.1657e+43 3.5911e+40 2.5258e+41 2.6712e+42 7.4535e+41 1.1776e+41 9.0482e+40 1.0252e+42 7.1874e+41 4.4107e+41 4.1165e+42 1.1313e+40 2.6384e+40 6.0335e+39 4.1882e+39 2.1228e+41 1.3923e+41
-2.0 0.1 100.0 -1.4 1.5933e+41 8.065e+41 1.9761e+42 5.9481e+42 6.966e+39 1.1414e+41 2.4617e+42 3.3682e+41 5.1782e+40 4.0839e+40 5.0358e+41 3.6015e+41 2.2421e+41 3.1707e+42 3.5793e+39 8.2726e+39 1.4874e+39 1.8104e+39 7.0673e+40 4.6454e+40
-2.0 0.1 100.0 -1.7 9.1414e+40 7.0042e+41 5.769e+41 1.7365e+42 2.0975e+39 4.2059e+40 2.2037e+42 1.2412e+41 1.9693e+40 1.5659e+40 1.1018e+41 1.1571e+41 7.0014e+40 1.946e+42 7.9194e+38 1.7931e+39 2.1113e+38 1.5655e+39 1.2085e+40 8.1459e+39
-2.0 0.1 100.0 -2.0 6.6486e+40 6.0636e+41 1.5624e+41 4.7027e+41 7.2198e+38 1.6117e+40 1.9735e+42 4.7561e+40 7.5644e+39 6.0273e+39 2.945e+40 3.8885e+40 2.6777e+40 1.0795e+42 2.9341e+38 6.4727e+38 3.17e+37 7.7113e+38 1.1223e+39 9.1428e+38
-2.0 0.1 1000.0 -1.2 9.8623e+41 1.6826e+42 1.1442e+43 3.4441e+43 1.1285e+41 7.7767e+41 5.0326e+42 2.2949e+42 2.4644e+41 2.9025e+41 1.035e+41 5.3195e+41 2.6639e+41 5.0099e+42 3.2007e+40 7.4185e+40 2.6461e+40 1.8019e+40 5.9564e+41 4.0395e+41
-2.0 0.1 1000.0 -1.4 5.9955e+41 1.5588e+42 6.4692e+42 1.9472e+43 2.7687e+40 4.84e+41 4.7117e+42 1.4283e+42 1.2637e+41 1.6434e+41 2.9634e+40 1.0093e+41 5.7034e+40 3.7123e+42 7.3534e+39 1.7e+40 9.2466e+39 7.8489e+39 1.6259e+41 1.1073e+41
-2.0 0.1 1000.0 -1.7 2.9781e+41 1.2979e+42 1.9828e+42 5.9681e+42 7.9343e+39 2.6673e+41 3.9952e+42 7.8713e+41 6.1898e+40 8.5235e+40 2.0993e+40 3.1519e+40 2.2547e+40 2.0609e+42 6.3366e+38 1.4698e+39 1.4455e+39 3.612e+39 1.501e+40 1.0507e+40
-2.0 0.1 1000.0 -2.0 1.5001e+41 1.0274e+42 4.3083e+41 1.2968e+42 2.1348e+39 1.3882e+41 3.2094e+42 4.0965e+41 2.9349e+40 4.1715e+40 1.544e+40 1.8057e+40 1.4615e+40 1.0348e+42 1.526e+38 3.5738e+38 1.2776e+38 2.9132e+39 7.2372e+38 7.2733e+38
-2.0 0.1 10000.0 -1.2 2.7231e+42 2.7537e+42 1.4074e+43 4.2361e+43 6.6835e+41 4.4878e+42 8.2431e+42 1.3244e+43 4.86e+41 9.1381e+41 1.5325e+40 5.3997e+40 3.2508e+40 4.6566e+42 1.5658e+40 3.8073e+40 7.5643e+40 7.3921e+40 3.8341e+41 3.5164e+41
-2.0 0.1 10000.0 -1.4 1.7893e+42 2.4118e+42 9.0654e+42 2.7287e+43 2.2024e+41 3.256e+42 7.2344e+42 9.6086e+42 2.8303e+41 5.6285e+41 1.466e+40 2.6419e+40 1.8772e+40 3.4235e+42 5.7089e+39 1.3902e+40 3.443e+40 3.4723e+40 1.5418e+41 1.428e+41
-2.0 0.1 10000.0 -1.7 9.9777e+41 1.8292e+42 3.8914e+42 1.1713e+43 6.8389e+40 2.2389e+42 5.5078e+42 6.6069e+42 1.6839e+41 3.5043e+41 1.0044e+40 1.4292e+40 1.2362e+40 1.8604e+42 1.0193e+39 2.4916e+39 7.6838e+39 8.5325e+39 3.1897e+40 2.9967e+40
-2.0 0.1 10000.0 -2.0 5.4472e+41 1.3163e+42 1.3938e+42 4.1954e+42 3.2521e+40 1.5299e+42 3.9811e+42 4.5146e+42 1.1478e+41 2.4119e+41 3.2367e+39 1.0519e+40 9.5613e+39 9.0779e+41 1.6065e+38 3.941e+38 1.2457e+39 1.7574e+39 5.7705e+39 5.5048e+39
-2.0 0.3 100.0 -1.2 2.0953e+42 4.0195e+41 3.5491e+42 1.0683e+43 8.1148e+41 1.487e+42 1.1801e+42 4.3881e+42 4.8403e+41 3.5222e+41 1.0899e+42 7.0306e+41 4.7195e+41 2.5048e+42 5.2619e+40 1.27e+41 1.3873e+40 8.2511e+39 6.8202e+41 4.4698e+41
-2.0 0.3 100.0 -1.4 8.2044e+41 3.341e+41 2.4314e+42 7.3184e+42 3.325e+41 6.7196e+41 9.7921e+41 1.983e+42 2.6049e+41 1.9087e+41 5.6816e+41 4.0124e+41 2.761e+41 2.0283e+42 2.0664e+40 4.9664e+40 5.712e+39 3.4404e+39 2.9352e+41 1.924e+41
-2.0 0.3 100.0 -1.7 1.9426e+41 2.6877e+41 1.1557e+42 3.4785e+42 4.9229e+40 1.817e+41 7.9831e+41 5.3618e+41 8.6172e+40 6.4654e+40 1.7607e+41 1.3832e+41 9.9466e+40 1.3468e+42 3.8226e+39 9.1038e+39 1.0276e+39 7.4477e+38 6.1694e+40 4.0479e+40
-2.0 0.3 100.0 -2.0 7.4455e+40 2.4007e+41 4.1653e+41 1.2538e+42 6.4144e+39 6.8555e+40 7.3454e+41 2.0231e+41 3.1218e+40 2.4255e+40 3.9144e+40 3.5771e+40 2.7912e+40 8.4391e+41 5.7965e+38 1.3605e+39 1.4404e+38 3.9674e+38 8.856e+39 5.8764e+39
-2.0 0.3 1000.0 -1.2 2.4889e+42 1.001e+42 9.924e+42 2.9871e+43 1.134e+42 2.1857e+42 2.9319e+42 6.4501e+42 8.2327e+41 8.0465e+41 2.5529e+41 6.2743e+41 3.2048e+41 4.3352e+42 7.557e+40 1.808e+41 2.446e+40 1.5433e+40 1.0612e+42 7.1728e+41
-2.0 0.3 1000.0 -1.4 1.2162e+42 9.2832e+41 6.627e+42 1.9947e+43 4.0303e+41 1.1313e+42 2.7416e+42 3.3383e+42 4.3442e+41 4.4746e+41 5.7058e+40 1.8188e+41 9.7475e+40 3.3258e+42 2.3101e+40 5.5087e+40 1.0549e+40 6.9343e+39 3.9443e+41 2.6731e+41
-2.0 0.3 1000.0 -1.7 5.2595e+41 8.113e+41 2.7823e+42 8.3747e+42 6.4514e+40 5.2564e+41 2.4392e+42 1.5512e+42 1.6093e+41 1.9115e+41 2.3938e+40 2.8077e+40 2.1276e+40 1.9268e+42 2.3102e+39 5.501e+39 2.3621e+39 2.1224e+39 5.387e+40 3.6741e+40
-2.0 0.3 1000.0 -2.0 2.7385e+41 6.8435e+41 9.2127e+41 2.773e+42 1.8476e+40 3.2116e+41 2.0955e+42 9.4775e+41 8.212e+40 1.0746e+41 1.7725e+40 1.6424e+40 1.44e+40 9.9388e+41 2.2152e+38 5.2922e+38 3.9746e+38 1.123e+39 5.2469e+39 3.6848e+39
-2.0 0.3 10000.0 -1.2 3.9542e+42 2.2688e+42 1.2863e+43 3.8719e+43 2.2535e+42 6.9149e+42 6.6994e+42 2.0406e+43 1.2154e+42 2.0272e+42 1.5911e+40 5.2053e+40 3.3857e+40 4.621e+42 2.2784e+40 5.5627e+40 3.9588e+40 3.7969e+40 4.3705e+41 3.9596e+41
-2.0 0.3 10000.0 -1.4 2.522e+42 2.019e+42 8.5576e+42 2.5758e+43 9.0091e+41 4.7743e+42 5.9832e+42 1.4089e+43 6.7271e+41 1.1847e+42 1.4793e+40 2.514e+40 1.8763e+40 3.4192e+42 8.5718e+39 2.0946e+40 1.8673e+40 1.8348e+40 1.8192e+41 1.6662e+41
-2.0 0.3 10000.0 -1.7 1.4234e+42 1.5812e+42 3.8775e+42 1.1671e+43 2.5458e+41 3.1644e+42 4.7152e+42 9.3383e+42 3.286e+41 6.308e+41 9.9573e+39 1.3608e+40 1.1995e+40 1.8717e+42 1.5817e+39 3.8744e+39 4.4044e+39 4.6153e+39 4.0059e+40 3.7219e+40
-2.0 0.3 10000.0 -2.0 8.4628e+41 1.174e+42 1.5008e+42 4.5174e+42 1.0764e+41 2.268e+42 3.5195e+42 6.6928e+42 2.0914e+41 4.198e+41 3.1696e+39 1.0201e+40 9.2106e+39 9.1745e+41 2.6553e+38 6.5205e+38 8.0371e+38 9.7124e+38 8.2263e+39 7.7415e+39
-2.0 0.5 100.0 -1.2 2.7893e+42 2.7459e+41 2.231e+42 6.7153e+42 9.9664e+41 2.158e+42 8.1582e+41 6.3684e+42 6.2887e+41 4.5203e+41 1.3373e+42 6.5139e+41 4.7807e+41 1.7732e+42 7.1346e+40 1.7418e+41 9.0281e+39 5.3508e+39 8.2409e+41 5.3998e+41
-2.0 0.5 100.0 -1.4 1.2957e+42 2.143e+41 1.7093e+42 5.145e+42 5.058e+41 1.1126e+42 6.2431e+41 3.2832e+42 3.6003e+41 2.6018e+41 7.4743e+41 4.1546e+41 3.0579e+41 1.4827e+42 3.5623e+40 8.6819e+40 4.892e+39 2.9041e+39 4.3444e+41 2.847e+41
-2.0 0.5 100.0 -1.7 3.4467e+41 1.6067e+41 1.0287e+42 3.0963e+42 1.3184e+41 3.4642e+41 4.6583e+41 1.0223e+42 1.4436e+41 1.0585e+41 2.5744e+41 1.7766e+41 1.32e+41 1.0368e+42 1.0297e+40 2.4992e+40 1.5133e+39 9.1211e+38 1.3681e+41 8.9682e+40
-2.0 0.5 100.0 -2.0 1.0585e+41 1.3628e+41 5.4787e+41 1.6491e+42 2.1297e+40 1.1798e+41 4.0165e+41 3.4815e+41 5.5571e+40 4.1923e+40 7.0495e+40 6.2011e+40 4.7585e+40 6.6775e+41 2.465e+39 5.9451e+39 3.7077e+38 2.6007e+38 3.6481e+40 2.3936e+40
-2.0 0.5 1000.0 -1.2 3.137e+42 7.1339e+41 7.3307e+42 2.2065e+43 1.5185e+42 3.1442e+42 2.0668e+42 9.2784e+42 1.1135e+42 1.0297e+42 4.4714e+41 6.1755e+41 4.4705e+41 3.8146e+42 1.1239e+41 2.7301e+41 1.7293e+40 1.0758e+40 1.3481e+42 9.0918e+41
-2.0 0.5 1000.0 -1.4 1.5681e+42 6.5044e+41 5.4911e+42 1.6528e+43 6.8542e+41 1.6862e+42 1.891e+42 4.976e+42 6.5737e+41 6.3106e+41 1.4114e+41 2.6721e+41 1.8562e+41 2.9944e+42 4.6627e+40 1.1303e+41 8.8939e+39 5.5923e+39 6.4223e+41 4.3401e+41
-2.0 0.5 1000.0 -1.7 6.4356e+41 5.7509e+41 2.8765e+42 8.6582e+42 1.4399e+41 7.503e+41 1.6967e+42 2.2141e+42 2.7062e+41 2.9137e+41 3.1641e+40 5.1323e+40 3.7271e+40 1.7991e+42 7.9399e+39 1.9211e+40 2.9221e+39 1.9554e+39 1.4604e+41 9.9062e+40
-2.0 0.5 1000.0 -2.0 3.3813e+41 5.0247e+41 1.2219e+42 3.6781e+42 3.5724e+40 4.5522e+41 1.509e+42 1.3434e+42 1.3398e+41 1.6341e+41 2.043e+40 1.8809e+40 1.7058e+40 9.5201e+41 9.7871e+38 2.3697e+39 8.2089e+38 7.2545e+38 2.362e+40 1.6114e+40
-2.0 0.5 10000.0 -1.2 4.0147e+42 1.8975e+42 1.0812e+43 3.2545e+43 2.7451e+42 8.2346e+42 5.5506e+42 2.43e+43 1.738e+42 2.6928e+42 1.7602e+40 7.1369e+40 4.5352e+40 4.5408e+42 3.3033e+40 8.0934e+40 2.3177e+40 2.1796e+40 5.3256e+41 4.7643e+41
-2.0 0.5 10000.0 -1.4 2.5778e+42 1.7153e+42 7.347e+42 2.2114e+43 1.2147e+42 5.7742e+42 5.0365e+42 1.704e+43 1.0115e+42 1.6541e+42 1.5272e+40 3.0869e+40 2.1796e+40 3.382e+42 1.2889e+40 3.1594e+40 1.1383e+40 1.0911e+40 2.2945e+41 2.0758e+41
-2.0 0.5 10000.0 -1.7 1.4424e+42 1.3825e+42 3.3922e+42 1.0211e+43 3.7974e+41 3.7945e+42 4.0893e+42 1.1198e+43 4.8792e+41 8.8043e+41 9.9604e+39 1.3803e+40 1.1935e+40 1.8651e+42 2.3649e+39 5.805e+39 2.7407e+39 2.7452e+39 5.1082e+40 4.69e+40
-2.0 0.5 10000.0 -2.0 8.5527e+41 1.0559e+42 1.3272e+42 3.9948e+42 1.6356e+41 2.6996e+42 3.1449e+42 7.9666e+42 3.0812e+41 5.8205e+41 3.0889e+39 9.89e+39 8.8078e+39 9.2032e+41 3.7473e+38 9.2129e+38 4.9123e+38 5.3896e+38 1.0348e+40 9.6191e+39
-3.5 0.1 100.0 -1.2 3.7907e+41 2.6001e+42 1.6471e+41 4.9576e+41 2.6187e+40 4.5173e+41 8.4656e+42 1.3331e+42 2.332e+41 1.8475e+41 1.0667e+41 9.8575e+40 5.661e+40 4.6102e+42 2.0789e+38 5.0924e+38 5.8205e+37 2.8016e+38 6.688e+39 4.409e+39
-3.5 0.1 100.0 -1.4 2.8097e+41 2.2925e+42 2.9591e+40 8.9069e+40 1.137e+40 2.1511e+41 7.5266e+42 6.3478e+41 1.2088e+41 9.5971e+40 5.9937e+40 5.2558e+40 3.4167e+40 3.5117e+42 6.2352e+37 1.527e+38 1.0849e+37 2.3771e+38 1.686e+39 1.1271e+39
-3.5 0.1 100.0 -1.7 1.8353e+41 1.7372e+42 2.4743e+39 7.4478e+39 2.6121e+39 6.4081e+40 5.7888e+42 1.891e+41 3.9292e+40 3.1456e+40 3.3444e+40 2.7609e+40 2.1279e+40 1.9994e+42 2.0786e+37 5.0848e+37 1.0558e+36 1.7794e+38 1.6359e+38 1.2431e+38
-3.5 0.1 100.0 -2.0 1.1811e+41 1.2472e+42 2.3321e+38 7.0197e+38 4.7424e+38 1.6832e+40 4.2115e+42 4.9671e+40 1.0802e+40 8.7639e+39 1.7616e+40 1.6132e+40 1.3119e+40 1.0262e+42 9.8949e+36 2.446e+37 1.4722e+33 2.3061e+37 8.726e+34 5.1654e+36
-3.5 0.1 1000.0 -1.2 1.3535e+42 2.6603e+42 2.8086e+42 8.454e+42 9.714e+40 2.2029e+42 8.3577e+42 6.5007e+42 5.9664e+41 8.0616e+41 2.8701e+40 6.2671e+40 3.7586e+40 4.3864e+42 8.6016e+38 2.1068e+39 4.0979e+39 2.9297e+39 3.5983e+40 2.4545e+40
-3.5 0.1 1000.0 -1.4 7.5568e+41 2.3232e+42 1.5087e+42 4.5411e+42 5.1066e+40 1.3975e+42 7.2851e+42 4.1239e+42 3.9357e+41 5.3927e+41 2.089e+40 2.6664e+40 1.9474e+40 3.3238e+42 1.6148e+38 3.9537e+38 1.2222e+39 1.2261e+39 7.7911e+39 5.361e+39
-3.5 0.1 1000.0 -1.7 3.1544e+41 1.7496e+42 4.7597e+41 1.4327e+42 1.7635e+40 6.2112e+41 5.499e+42 1.8329e+42 1.8249e+41 2.5498e+41 1.5726e+40 1.6577e+40 1.3621e+40 1.8906e+42 2.9503e+37 7.2208e+37 1.4896e+38 6.8386e+38 6.5929e+38 4.9197e+38
-3.5 0.1 1000.0 -2.0 1.4807e+41 1.2571e+42 1.2469e+41 3.7532e+41 5.722e+39 2.5951e+41 3.9717e+42 7.6582e+41 7.8489e+40 1.1166e+41 1.1576e+40 1.2014e+40 1.0582e+40 9.6898e+41 1.9617e+37 4.8011e+37 1.2887e+37 6.7136e+38 4.7521e+37 7.1211e+37
-3.5 0.1 10000.0 -1.2 2.5334e+42 2.7684e+42 7.503e+42 2.2584e+43 3.8639e+41 5.2442e+42 8.4273e+42 1.5476e+43 4.8812e+41 9.9205e+41 1.2363e+40 3.0541e+40 1.9906e+40 4.1586e+42 7.0942e+39 1.7407e+40 3.7471e+40 3.6705e+40 1.8172e+41 1.6738e+41
-3.5 0.1 10000.0 -1.4 1.732e+42 2.4229e+42 5.1553e+42 1.5517e+43 2.2807e+41 4.0246e+42 7.3464e+42 1.1877e+43 3.6839e+41 7.5722e+41 1.1651e+40 1.8303e+40 1.4081e+40 3.1192e+42 2.9609e+39 7.2663e+39 1.8451e+40 1.8513e+40 8.2337e+40 7.6454e+40
-3.5 0.1 10000.0 -1.7 9.2881e+41 1.8296e+42 2.4423e+42 7.3514e+42 1.0166e+41 2.5354e+42 5.5416e+42 7.4821e+42 2.2777e+41 4.7302e+41 7.0631e+39 1.2139e+40 1.0733e+40 1.734e+42 6.2497e+38 1.5349e+39 4.6217e+39 4.9954e+39 1.9894e+40 1.8699e+40
-3.5 0.1 10000.0 -2.0 4.8504e+41 1.3137e+42 9.625e+41 2.8971e+42 4.6104e+40 1.5538e+42 3.9862e+42 4.5853e+42 1.3699e+41 2.8667e+41 1.8798e+39 9.4964e+39 8.5668e+39 8.603e+41 1.0886e+38 2.6764e+38 8.2873e+38 1.0982e+39 4.0121e+39 3.8238e+39
-3.5 0.3 100.0 -1.2 1.6629e+42 2.2098e+42 7.1557e+41 2.1539e+42 3.1525e+41 2.5357e+42 6.9956e+42 7.4828e+42 1.3004e+42 1.0002e+42 1.5526e+41 1.1618e+41 6.688e+40 4.4371e+42 6.0086e+38 1.4742e+39 1.8142e+38 1.8681e+38 1.6954e+40 1.1131e+40
-3.5 0.3 100.0 -1.4 1.0031e+42 1.9572e+42 2.4009e+41 7.2268e+41 1.8156e+41 1.619e+42 6.2378e+42 4.7776e+42 8.9171e+41 6.8721e+41 8.8037e+40 6.3241e+40 4.0036e+40 3.3943e+42 1.9375e+38 4.7526e+38 3.8896e+37 1.2612e+38 5.2867e+39 3.4855e+39
-3.5 0.3 100.0 -1.7 4.6767e+41 1.4969e+42 4.6518e+40 1.4002e+41 7.5122e+40 7.8042e+41 4.8372e+42 2.303e+42 4.7061e+41 3.6361e+41 4.265e+40 3.0484e+40 2.3078e+40 1.9471e+42 4.3079e+37 1.0562e+38 5.5353e+36 1.0237e+38 8.766e+38 5.9236e+38
-3.5 0.3 100.0 -2.0 2.2016e+41 1.0818e+42 1.165e+40 3.5067e+40 2.8191e+40 3.6601e+41 3.5423e+42 1.0801e+42 2.3303e+41 1.8105e+41 2.6065e+40 1.9698e+40 1.6627e+40 1.0068e+42 1.5944e+37 3.9054e+37 8.0744e+35 8.0364e+37 9.6772e+37 7.7119e+37
-3.5 0.3 1000.0 -1.2 3.3908e+42 2.2339e+42 3.5366e+42 1.0645e+43 5.0358e+41 4.6363e+42 6.8606e+42 1.3682e+43 1.4633e+42 1.8046e+42 5.4841e+40 1.1046e+41 6.2473e+40 4.287e+42 2.8991e+39 7.1125e+39 4.0476e+39 2.6518e+39 8.5136e+40 5.7852e+40
-3.5 0.3 1000.0 -1.4 2.1647e+42 1.971e+42 2.1827e+42 6.5698e+42 3.0015e+41 3.3531e+42 6.0597e+42 9.8951e+42 1.0825e+42 1.362e+42 2.6826e+40 4.0286e+40 2.6899e+40 3.252e+42 8.4573e+38 2.0742e+39 1.6404e+39 1.1756e+39 2.9524e+40 2.0119e+40
-3.5 0.3 1000.0 -1.7 1.0303e+42 1.4989e+42 8.9353e+41 2.6895e+42 1.3423e+41 1.8784e+42 4.6293e+42 5.5432e+42 6.3063e+41 8.0811e+41 1.8397e+40 1.7002e+40 1.4468e+40 1.854e+42 1.0592e+38 2.5968e+38 3.4358e+38 4.0596e+38 4.438e+39 3.0567e+39
-3.5 0.3 1000.0 -2.0 4.8777e+41 1.0859e+42 3.2575e+41 9.8051e+41 5.6861e+40 1.0129e+42 3.3708e+42 2.9892e+42 3.4619e+41 4.5193e+41 1.3415e+40 1.264e+40 1.1407e+40 9.5666e+41 2.5085e+37 6.1496e+37 6.0924e+37 2.5937e+38 6.291e+38 4.5615e+38
-3.5 0.3 10000.0 -1.2 3.8801e+42 2.4133e+42 7.2787e+42 2.1909e+43 1.1664e+42 7.7533e+42 7.2229e+42 2.288e+43 1.0031e+42 1.8869e+42 1.2771e+40 3.098e+40 2.0625e+40 4.168e+42 1.003e+40 2.4636e+40 1.9553e+40 1.8867e+40 2.0505e+41 1.8699e+41
-3.5 0.3 10000.0 -1.4 2.7507e+42 2.1449e+42 5.1349e+42 1.5456e+43 6.9314e+41 6.0787e+42 6.4134e+42 1.7938e+43 7.3623e+41 1.4206e+42 1.1862e+40 1.8049e+40 1.4056e+40 3.1356e+42 4.3408e+39 1.0663e+40 1.0009e+40 9.8429e+39 9.6899e+40 8.9082e+40
-3.5 0.3 10000.0 -1.7 1.5664e+42 1.6506e+42 2.545e+42 7.6605e+42 3.2564e+41 3.9995e+42 4.9418e+42 1.1803e+43 4.5637e+41 9.0263e+41 7.0964e+39 1.1744e+40 1.0432e+40 1.7499e+42 9.6304e+38 2.3669e+39 2.674e+39 2.7682e+39 2.5306e+40 2.3537e+40
-3.5 0.3 10000.0 -2.0 8.8358e+41 1.2059e+42 1.0753e+42 3.2366e+42 1.5785e+41 2.594e+42 3.6213e+42 7.6548e+42 2.8608e+41 5.7398e+41 1.8813e+39 9.2071e+39 8.2148e+39 8.7118e+41 1.8311e+38 4.5041e+38 5.4591e+38 6.3816e+38 5.9059e+39 5.5545e+39
-3.5 0.5 100.0 -1.2 2.6313e+42 1.8382e+42 1.3901e+42 4.1842e+42 5.9805e+41 4.2189e+42 5.6889e+42 1.245e+43 2.2465e+42 1.7048e+42 2.1658e+41 1.3508e+41 8.0157e+40 4.2078e+42 1.6241e+39 3.9908e+39 5.2421e+38 3.3558e+38 4.3637e+40 2.862e+40
-3.5 0.5 100.0 -1.4 1.6365e+42 1.6339e+42 6.7205e+41 2.0229e+42 3.5223e+41 2.8863e+42 5.0902e+42 8.5174e+42 1.6191e+42 1.2338e+42 1.2518e+41 7.7319e+40 4.8743e+40 3.2189e+42 5.8115e+38 1.4278e+39 1.6791e+38 1.3182e+38 1.644e+40 1.0791e+40
-3.5 0.5 100.0 -1.7 7.8028e+41 1.2555e+42 1.8318e+41 5.5137e+41 1.6027e+41 1.5039e+42 3.9596e+42 4.4381e+42 9.1571e+41 6.9968e+41 5.6701e+40 3.6623e+40 2.6836e+40 1.8536e+42 1.3396e+38 3.2904e+38 3.2325e+37 6.1425e+37 3.7536e+39 2.4753e+39
-3.5 0.5 100.0 -2.0 3.7383e+41 9.1537e+41 5.1825e+40 1.5599e+41 7.149e+40 7.6732e+41 2.9258e+42 2.2644e+42 4.9875e+41 3.8196e+41 3.1031e+40 2.1912e+40 1.8349e+40 9.6387e+41 3.6336e+37 8.921e+37 7.9078e+36 4.7693e+37 8.608e+38 5.7764e+38
-3.5 0.5 1000.0 -1.2 4.0042e+42 1.8808e+42 3.593e+42 1.0815e+43 8.0774e+41 6.0672e+42 5.6844e+42 1.7904e+43 2.1615e+42 2.4969e+42 9.8268e+40 1.5388e+41 9.3155e+40 4.1511e+42 6.826e+39 1.6773e+40 3.8525e+39 2.446e+39 1.5711e+41 1.0652e+41
-3.5 0.5 1000.0 -1.4 2.6726e+42 1.6738e+42 2.4058e+42 7.2414e+42 4.81e+41 4.5048e+42 5.0721e+42 1.3294e+43 1.6094e+42 1.9109e+42 4.2951e+40 7.1214e+40 4.5715e+40 3.1569e+42 2.8641e+39 7.0364e+39 1.9751e+39 1.2827e+39 7.3374e+40 4.9815e+40
-3.5 0.5 1000.0 -1.7 1.3571e+42 1.2861e+42 1.1395e+42 3.4299e+42 2.2384e+41 2.6507e+42 3.9211e+42 7.8224e+42 9.6725e+41 1.1783e+42 2.1719e+40 2.3326e+40 1.8639e+40 1.8072e+42 6.3152e+38 1.5511e+39 6.5551e+38 4.7048e+38 1.9347e+40 1.3174e+40
-3.5 0.5 1000.0 -2.0 6.7719e+41 9.3912e+41 4.9051e+41 1.4764e+42 1.0409e+41 1.5031e+42 2.8825e+42 4.4356e+42 5.6076e+41 6.9441e+41 1.5449e+40 1.4089e+40 1.283e+40 9.3666e+41 1.2673e+38 3.1123e+38 1.9483e+38 1.9232e+38 4.2711e+39 2.927e+39
-3.5 0.5 10000.0 -1.2 3.8773e+42 2.1134e+42 6.2523e+42 1.8819e+43 1.5207e+42 9.1852e+42 6.2552e+42 2.7105e+43 1.4419e+42 2.5562e+42 1.364e+40 3.9168e+40 2.4928e+40 4.1329e+42 1.4089e+40 3.4644e+40 1.1334e+40 1.0749e+40 2.4426e+41 2.2023e+41
-3.5 0.5 10000.0 -1.4 2.7749e+42 1.9032e+42 4.4749e+42 1.347e+43 9.1908e+41 7.2223e+42 5.6389e+42 2.1313e+43 1.0564e+42 1.9276e+42 1.2251e+40 2.0684e+40 1.5316e+40 3.1205e+42 6.2957e+39 1.5482e+40 6.0162e+39 5.7938e+39 1.1908e+41 1.0823e+41
-3.5 0.5 10000.0 -1.7 1.601e+42 1.4899e+42 2.2476e+42 6.7652e+42 4.3785e+41 4.7837e+42 4.4288e+42 1.4117e+43 6.5034e+41 1.2235e+42 7.1664e+39 1.1789e+40 1.0281e+40 1.7504e+42 1.3977e+39 3.4382e+39 1.6436e+39 1.6419e+39 3.1612e+40 2.9066e+40
-3.5 0.5 10000.0 -2.0 9.1578e+41 1.1053e+42 9.5636e+41 2.8786e+42 2.1769e+41 3.132e+42 3.2993e+42 9.2426e+42 4.0847e+41 7.8167e+41 1.8695e+39 8.8867e+39 7.7949e+39 8.7489e+41 2.5461e+38 6.2667e+38 3.3221e+38 3.5926e+38 7.3721e+39 6.8496e+39
-3.0 0.1 100.0 -1.2 4.2292e+41 2.347e+42 8.9376e+41 2.6902e+42 3.1217e+40 4.7444e+41 7.5531e+42 1.4001e+42 1.9328e+41 1.5264e+41 3.316e+41 3.0389e+41 1.6427e+41 4.9714e+42 8.2813e+38 2.0101e+39 5.2711e+38 8.5519e+38 2.8062e+40 1.8459e+40
-3.0 0.1 100.0 -1.4 2.7312e+41 2.0452e+42 2.4466e+41 7.3644e+41 1.314e+40 2.2409e+41 6.6658e+42 6.613e+41 9.9285e+40 7.8628e+40 1.5312e+41 1.4195e+41 8.1225e+40 3.7563e+42 2.3523e+38 5.7059e+38 7.0741e+37 5.1348e+38 7.0535e+39 4.6816e+39
-3.0 0.1 100.0 -1.7 1.6406e+41 1.5458e+42 2.273e+40 6.8416e+40 2.9875e+39 6.5066e+40 5.1417e+42 1.9201e+41 3.2399e+40 2.5827e+40 4.9136e+40 5.04e+40 3.4976e+40 2.1186e+42 6.7631e+37 1.6331e+38 4.4779e+36 3.9803e+38 7.2384e+38 5.2459e+38
-3.0 0.1 100.0 -2.0 1.0546e+41 1.1165e+42 1.5892e+39 4.7835e+39 4.6263e+38 1.6228e+40 3.7795e+42 4.7888e+40 8.4494e+39 6.8375e+39 2.1457e+40 2.3486e+40 1.8033e+40 1.0802e+42 2.7593e+37 6.8888e+37 6.0322e+33 3.2831e+38 3.2319e+35 4.0747e+37
-3.0 0.1 1000.0 -1.2 1.3721e+42 2.4575e+42 5.444e+42 1.6387e+43 8.0672e+40 1.6788e+42 7.6248e+42 4.9543e+42 3.9047e+41 5.2368e+41 4.9293e+40 1.6609e+41 9.0552e+40 4.7918e+42 3.7149e+39 8.9939e+39 1.0539e+40 7.4035e+39 1.2836e+41 8.7386e+40
-3.0 0.1 1000.0 -1.4 7.5732e+41 2.1295e+42 2.8836e+42 8.6797e+42 3.8962e+40 1.0559e+42 6.6159e+42 3.116e+42 2.5303e+41 3.4586e+41 2.5203e+40 4.7335e+40 3.0672e+40 3.5863e+42 7.868e+38 1.902e+39 3.4269e+39 3.22e+39 3.0593e+40 2.0959e+40
-3.0 0.1 1000.0 -1.7 3.1829e+41 1.6081e+42 8.8888e+41 2.6755e+42 1.2376e+40 4.7803e+41 5.0224e+42 1.4107e+42 1.1734e+41 1.6397e+41 1.8011e+40 2.3666e+40 1.7683e+40 2.0111e+42 1.1859e+38 2.8608e+38 4.9695e+38 1.7373e+39 3.0188e+39 2.1698e+39
-3.0 0.1 1000.0 -2.0 1.5045e+41 1.1707e+42 2.2055e+41 6.6385e+41 3.6068e+39 2.059e+41 3.6867e+42 6.0762e+41 5.0542e+40 7.2205e+40 1.3127e+40 1.5057e+40 1.2453e+40 1.0192e+42 5.6703e+37 1.3699e+38 4.5191e+37 1.6239e+39 1.9964e+38 2.3632e+38
-3.0 0.1 10000.0 -1.2 2.6234e+42 2.7974e+42 1.1577e+43 3.4847e+43 4.052e+41 4.6211e+42 8.4588e+42 1.3637e+43 4.1331e+41 8.2009e+41 1.4283e+40 4.6182e+40 2.8341e+40 4.5268e+42 1.2331e+40 3.0111e+40 6.1502e+40 6.0136e+40 3.0649e+41 2.8155e+41
-3.0 0.1 10000.0 -1.4 1.776e+42 2.4298e+42 7.6797e+42 2.3116e+43 1.8952e+41 3.5293e+42 7.3294e+42 1.0415e+43 2.8924e+41 5.9124e+41 1.3637e+40 2.354e+40 1.7161e+40 3.3575e+42 4.7388e+39 1.1579e+40 2.895e+40 2.913e+40 1.2906e+41 1.1964e+41
-3.0 0.1 10000.0 -1.7 9.7757e+41 1.8289e+42 3.4419e+42 1.036e+43 7.6834e+40 2.3454e+42 5.5191e+42 6.9211e+42 1.8457e+41 3.8456e+41 9.2363e+39 1.3496e+40 1.1802e+40 1.8424e+42 8.9912e+38 2.2016e+39 6.7662e+39 7.4419e+39 2.8223e+40 2.6521e+40
-3.0 0.1 10000.0 -2.0 5.2676e+41 1.3157e+42 1.2821e+42 3.859e+42 3.5876e+40 1.5385e+42 3.9844e+42 4.5401e+42 1.2046e+41 2.5289e+41 2.8888e+39 1.0165e+40 9.1949e+39 9.0652e+41 1.4695e+38 3.6072e+38 1.1391e+39 1.5777e+39 5.2984e+39 5.0538e+39
-3.0 0.3 100.0 -1.2 1.662e+42 1.6249e+42 2.3094e+42 6.9512e+42 3.5473e+41 1.9356e+42 5.0551e+42 5.7118e+42 8.168e+41 6.2188e+41 4.051e+41 2.992e+41 1.7956e+41 4.3935e+42 2.8652e+39 6.9867e+39 1.448e+39 9.879e+38 7.9149e+40 5.1924e+40
-3.0 0.3 100.0 -1.4 8.868e+41 1.4051e+42 9.243e+41 2.7821e+42 1.4572e+41 1.1189e+42 4.4107e+42 3.3018e+42 4.8662e+41 3.7438e+41 2.1306e+41 1.5555e+41 9.5859e+40 3.3503e+42 8.3033e+38 2.0233e+39 3.2921e+38 3.7313e+38 2.3284e+40 1.5304e+40
-3.0 0.3 100.0 -1.7 3.8156e+41 1.0726e+42 1.9031e+41 5.7282e+41 5.0307e+40 4.9707e+41 3.4369e+42 1.4669e+42 2.3289e+41 1.8032e+41 7.5645e+40 5.8695e+40 4.0417e+40 1.9344e+42 1.6092e+38 3.9151e+38 3.2542e+37 2.2454e+38 3.6792e+39 2.454e+39
-3.0 0.3 100.0 -2.0 1.7387e+41 7.9081e+41 3.8341e+40 1.1541e+41 1.9194e+40 2.218e+41 2.5859e+42 6.5454e+41 1.1398e+41 8.8439e+40 3.1014e+40 2.6035e+40 2.1339e+40 1.0079e+42 4.5257e+37 1.0969e+38 3.6775e+36 1.6299e+38 3.9948e+38 2.96e+38
-3.0 0.3 1000.0 -1.2 2.8975e+42 1.7922e+42 6.2742e+42 1.8885e+43 5.1307e+41 3.1182e+42 5.4359e+42 9.2017e+42 8.9996e+41 1.0515e+42 1.1983e+41 2.7413e+41 1.4848e+41 4.4824e+42 1.1937e+40 2.908e+40 1.0162e+40 6.5553e+39 2.8663e+41 1.9445e+41
-3.0 0.3 1000.0 -1.4 1.7357e+42 1.5628e+42 3.8668e+42 1.1639e+43 2.1784e+41 2.097e+42 4.7526e+42 6.1882e+42 5.7799e+41 7.1432e+41 3.7933e+40 8.3947e+40 4.9836e+40 3.3834e+42 3.6217e+39 8.813e+39 4.3085e+39 2.9753e+39 1.0201e+41 6.9377e+40
-3.0 0.3 1000.0 -1.7 7.9816e+41 1.2016e+42 1.564e+42 4.7075e+42 7.9841e+40 1.1375e+42 3.685e+42 3.3567e+42 3.1248e+41 4.0324e+41 2.0861e+40 2.2119e+40 1.7483e+40 1.9235e+42 4.6351e+38 1.1264e+39 9.7777e+38 1.0179e+39 1.5549e+40 1.066e+40
-3.0 0.3 1000.0 -2.0 3.7562e+41 8.9653e+41 5.4963e+41 1.6544e+42 3.2887e+40 6.1363e+41 2.7727e+42 1.8108e+42 1.7282e+41 2.2686e+41 1.5213e+40 1.4705e+40 1.2765e+40 9.9027e+41 8.0467e+37 1.9552e+38 1.7851e+38 6.1895e+38 1.9872e+39 1.4162e+39
-3.0 0.3 10000.0 -1.2 3.759e+42 2.3404e+42 1.0857e+43 3.268e+43 1.3984e+42 6.7107e+42 6.9633e+42 1.9803e+43 9.0845e+41 1.6237e+42 1.4842e+40 4.5413e+40 2.9573e+40 4.5082e+42 1.7846e+40 4.3687e+40 3.2306e+40 3.105e+40 3.481e+41 3.1635e+41
-3.0 0.3 10000.0 -1.4 2.5582e+42 2.0695e+42 7.4077e+42 2.2297e+43 6.6699e+41 5.0457e+42 6.1615e+42 1.489e+43 5.9429e+41 1.1085e+42 1.3838e+40 2.2795e+40 1.7229e+40 3.3605e+42 7.0863e+39 1.7354e+40 1.5762e+40 1.549e+40 1.5225e+41 1.3966e+41
-3.0 0.3 10000.0 -1.7 1.4639e+42 1.6041e+42 3.4818e+42 1.048e+43 2.5254e+41 3.4018e+42 4.791e+42 1.0039e+43 3.447e+41 6.7657e+41 9.2144e+39 1.2964e+40 1.1467e+40 1.8554e+42 1.3943e+39 3.4196e+39 3.8938e+39 4.0634e+39 3.5565e+40 3.306e+40
-3.0 0.3 10000.0 -2.0 8.5535e+41 1.1854e+42 1.3948e+42 4.1982e+42 1.1777e+41 2.3546e+42 3.555e+42 6.9486e+42 2.2486e+41 4.5298e+41 2.8534e+39 9.8491e+39 8.8443e+39 9.166e+41 2.4415e+38 5.9978e+38 7.3874e+38 8.8442e+38 7.6116e+39 7.163e+39
-3.0 0.5 100.0 -1.2 2.5629e+42 1.1622e+42 3.1826e+42 9.5796e+42 7.0871e+41 3.0662e+42 3.5183e+42 9.0484e+42 1.3353e+42 9.9925e+41 5.4272e+41 3.3205e+41 2.1635e+41 3.8871e+42 8.9523e+39 2.1926e+40 2.7055e+39 1.635e+39 1.9762e+41 1.2958e+41
-3.0 0.5 100.0 -1.4 1.4018e+42 9.9487e+41 1.7535e+42 5.2781e+42 3.0746e+41 1.8807e+42 3.0321e+42 5.5501e+42 8.458e+41 6.403e+41 2.9916e+41 1.8531e+41 1.2087e+41 2.9774e+42 3.0233e+39 7.3998e+39 9.5739e+38 6.1e+38 7.4231e+40 4.8689e+40
-3.0 0.5 100.0 -1.7 5.8357e+41 7.4996e+41 5.5732e+41 1.6775e+42 9.6576e+40 8.8613e+41 2.3225e+42 2.615e+42 4.1632e+41 3.1895e+41 1.1056e+41 7.5544e+40 5.2044e+40 1.7284e+42 6.1351e+38 1.5001e+39 1.8672e+38 1.7273e+38 1.613e+40 1.0601e+40
-3.0 0.5 100.0 -2.0 2.6599e+41 5.5767e+41 1.6851e+41 5.0722e+41 3.9997e+40 4.2984e+41 1.7607e+42 1.2685e+42 2.1661e+41 1.6649e+41 4.231e+40 3.3183e+40 2.6782e+40 9.1021e+41 1.4525e+38 3.5464e+38 4.2219e+37 1.0856e+38 3.6064e+39 2.3929e+39
-3.0 0.5 1000.0 -1.2 3.4175e+42 1.3515e+42 5.8758e+42 1.7686e+43 8.9449e+41 4.0902e+42 4.0237e+42 1.207e+43 1.3524e+42 1.4524e+42 2.2061e+41 3.3276e+41 2.2504e+41 4.1787e+42 2.5572e+40 6.2596e+40 8.8246e+39 5.5543e+39 4.7771e+41 3.2334e+41
-3.0 0.5 1000.0 -1.4 2.0915e+42 1.1851e+42 3.9822e+42 1.1986e+43 3.9944e+41 2.7596e+42 3.5405e+42 8.1436e+42 8.685e+41 9.9019e+41 7.8394e+40 1.463e+41 9.7833e+40 3.1826e+42 1.0725e+40 2.6234e+40 4.5613e+39 2.9194e+39 2.2392e+41 1.5179e+41
-3.0 0.5 1000.0 -1.7 9.9867e+41 9.2502e+41 1.9166e+42 5.7689e+42 1.3335e+41 1.5367e+42 2.7877e+42 4.5347e+42 4.6257e+41 5.6325e+41 2.5929e+40 3.5369e+40 2.646e+40 1.8353e+42 2.2804e+39 5.5725e+39 1.5574e+39 1.0812e+39 5.7398e+40 3.9024e+40
-3.0 0.5 1000.0 -2.0 4.921e+41 7.0543e+41 8.221e+41 2.4745e+42 5.7953e+40 8.7498e+41 2.1488e+42 2.5821e+42 2.6642e+41 3.338e+41 1.7562e+40 1.6489e+40 1.4629e+40 9.5704e+41 4.0359e+38 9.8586e+38 4.6788e+38 4.3577e+38 1.1597e+40 7.9288e+39
-3.0 0.5 10000.0 -1.2 3.7839e+42 1.9773e+42 9.2335e+42 2.7793e+43 1.8091e+42 8.0136e+42 5.8136e+42 2.3648e+43 1.3196e+42 2.2053e+42 1.6281e+40 6.1099e+40 3.8598e+40 4.4437e+42 2.5728e+40 6.3132e+40 1.8941e+40 1.7866e+40 4.2223e+41 3.7916e+41
-3.0 0.5 10000.0 -1.4 2.5864e+42 1.7793e+42 6.4118e+42 1.93e+43 9.1582e+41 6.0287e+42 5.2441e+42 1.7791e+43 8.6123e+41 1.5123e+42 1.4318e+40 2.7686e+40 1.976e+40 3.3303e+42 1.0584e+40 2.5977e+40 9.6069e+39 9.2224e+39 1.9107e+41 1.7322e+41
-3.0 0.5 10000.0 -1.7 1.4817e+42 1.4156e+42 3.0626e+42 9.2185e+42 3.6228e+41 4.0502e+42 4.1946e+42 1.1952e+43 5.003e+41 9.2739e+41 9.26e+39 1.3161e+40 1.139e+40 1.8513e+42 2.0773e+39 5.1028e+39 2.4246e+39 2.4263e+39 4.5235e+40 4.156e+40
-3.0 0.5 10000.0 -2.0 8.6899e+41 1.0711e+42 1.2359e+42 3.7202e+42 1.7121e+41 2.8069e+42 3.1921e+42 8.2831e+42 3.2454e+41 6.1915e+41 2.7989e+39 9.5244e+39 8.4532e+39 9.1913e+41 3.4409e+38 8.4622e+38 4.5175e+38 4.9364e+38 9.567e+39 8.894e+39
-4.5 0.1 100.0 -1.2 3.0016e+41 2.4443e+42 2.144e+40 6.4534e+40 3.8152e+39 1.3811e+41 8.0697e+42 4.0755e+41 9.5605e+40 7.7294e+40 1.9708e+40 1.3757e+40 1.0623e+40 2.1726e+42 9.2651e+36 2.2826e+37 3.7487e+36 1.6996e+37 2.8856e+38 1.9105e+38
-4.5 0.1 100.0 -1.4 2.5896e+41 2.2588e+42 3.4761e+39 1.0463e+40 1.4229e+39 5.559e+40 7.4877e+42 1.6405e+41 4.1754e+40 3.3966e+40 1.8834e+40 1.2834e+40 1.044e+40 1.6687e+42 2.9415e+36 7.247e+36 5.2328e+35 1.9316e+37 6.7691e+37 4.6604e+37
-4.5 0.1 100.0 -1.7 1.8579e+41 1.7815e+42 1.7355e+38 5.2237e+38 2.6011e+38 1.2249e+40 5.9538e+42 3.6147e+40 1.002e+40 8.2342e+39 1.567e+40 1.1213e+40 9.3464e+39 9.577e+41 1.2688e+36 3.1258e+36 4.3144e+34 9.7238e+36 6.2153e+36 4.7234e+36
-4.5 0.1 100.0 -2.0 1.2256e+41 1.3035e+42 1.0501e+37 3.1607e+37 3.9259e+37 2.4235e+39 4.3937e+42 7.1519e+39 2.0855e+39 1.7356e+39 9.3695e+39 8.0155e+39 7.0068e+39 4.9211e+41 1.0517e+36 2.5909e+36 5.8398e+31 1.3004e+36 3.3851e+33 1.8197e+35
-4.5 0.1 1000.0 -1.2 6.8398e+41 2.4631e+42 3.5535e+41 1.0696e+42 6.5657e+40 1.3925e+42 7.8607e+42 4.1093e+42 5.5522e+41 7.4781e+41 1.3349e+40 1.2119e+40 9.838e+39 2.1613e+42 6.9334e+37 1.7082e+38 4.1925e+38 2.8556e+38 3.0446e+39 2.0788e+39
-4.5 0.1 1000.0 -1.4 4.5838e+41 2.2656e+42 2.1543e+41 6.4845e+41 3.8211e+40 9.4888e+41 7.2274e+42 2.8001e+42 3.8228e+41 5.2166e+41 1.2039e+40 1.0761e+40 9.3432e+39 1.6548e+42 1.6368e+37 4.0327e+37 1.3776e+38 1.1388e+38 8.3477e+38 5.7354e+38
-4.5 0.1 1000.0 -1.7 2.4041e+41 1.7809e+42 8.3317e+40 2.5078e+41 1.4705e+40 4.5943e+41 5.693e+42 1.3558e+42 1.8672e+41 2.5947e+41 8.5605e+39 9.1852e+39 8.1821e+39 9.4891e+41 2.6783e+36 6.5985e+36 1.9693e+37 4.5948e+37 1.0031e+38 7.1732e+37
-4.5 0.1 1000.0 -2.0 1.2934e+41 1.3029e+42 2.7291e+40 8.2146e+40 5.1684e+39 2.0145e+41 4.1803e+42 5.9448e+41 8.2327e+40 1.163e+41 4.8694e+39 7.7062e+39 6.8431e+39 4.8835e+41 1.2933e+36 3.1863e+36 2.1442e+36 3.8365e+37 1.0062e+37 9.7803e+36
-4.5 0.1 10000.0 -1.2 1.2569e+42 2.4659e+42 9.0775e+41 2.7323e+42 4.0287e+41 3.8763e+42 7.596e+42 1.1439e+43 6.2094e+41 1.2524e+42 3.1559e+39 8.6895e+39 7.0672e+39 2.1256e+42 6.2231e+38 1.5333e+39 3.3021e+39 3.2329e+39 1.7742e+40 1.6385e+40
-4.5 0.1 10000.0 -1.4 8.9588e+41 2.2658e+42 6.5449e+41 1.97e+42 2.7414e+41 3.0354e+42 6.9663e+42 8.9574e+42 4.7619e+41 9.6722e+41 2.1439e+39 8.4793e+39 7.1209e+39 1.6164e+42 2.87e+38 7.0714e+38 1.7175e+39 1.7139e+39 8.8951e+39 8.2741e+39
-4.5 0.1 10000.0 -1.7 4.8155e+41 1.7778e+42 3.3043e+41 9.9458e+41 1.3699e+41 1.8563e+42 5.4636e+42 5.4779e+42 2.8189e+41 5.7795e+41 6.9357e+38 7.4844e+39 6.1375e+39 9.1017e+41 6.9477e+37 1.7119e+38 4.7015e+38 4.9589e+38 2.5021e+39 2.3527e+39
-4.5 0.1 10000.0 -2.0 2.4326e+41 1.2984e+42 1.3957e+41 4.2011e+41 6.4451e+40 1.0549e+42 3.9951e+42 3.1132e+42 1.5577e+41 3.2185e+41 1.3713e+38 5.6499e+39 4.196e+39 4.5412e+41 1.3269e+37 3.2696e+37 9.3024e+37 1.1463e+38 5.7362e+38 5.462e+38
-4.5 0.3 100.0 -1.2 1.2097e+42 2.2947e+42 1.3658e+41 4.1111e+41 3.4086e+41 2.8932e+42 7.2707e+42 8.5379e+42 2.5469e+42 1.9413e+42 2.2739e+40 1.4743e+40 1.1037e+40 2.2693e+42 2.8472e+37 7.0152e+37 1.479e+37 1.4275e+37 8.8459e+38 5.8149e+38
-4.5 0.3 100.0 -1.4 8.018e+41 2.1299e+42 6.1472e+40 1.8503e+41 2.1996e+41 2.0844e+42 6.7583e+42 6.1511e+42 1.8808e+42 1.4393e+42 2.107e+40 1.35e+40 1.081e+40 1.7459e+42 8.6059e+36 2.1204e+37 2.5208e+36 8.5124e+36 2.4983e+38 1.6559e+38
-4.5 0.3 100.0 -1.7 3.9852e+41 1.6875e+42 1.56e+40 4.6955e+40 9.7977e+40 1.1078e+42 5.3766e+42 3.269e+42 1.0239e+42 7.886e+41 1.7784e+40 1.2089e+40 1.0041e+40 1.0079e+42 2.13e+36 5.2479e+36 2.6093e+35 8.9375e+36 3.7849e+37 2.6815e+37
-4.5 0.3 100.0 -2.0 1.9439e+41 1.24e+42 4.2789e+39 1.2879e+40 3.9429e+40 5.4086e+41 3.9719e+42 1.5961e+42 5.0628e+41 3.9264e+41 1.2865e+40 1.0028e+40 8.4681e+39 5.2211e+41 1.0502e+36 2.5873e+36 3.2655e+34 6.5888e+36 4.2212e+36 4.3601e+36
-4.5 0.3 1000.0 -1.2 2.7519e+42 2.2828e+42 5.1995e+41 1.565e+42 7.5234e+41 5.3786e+42 7.0781e+42 1.5872e+43 3.1586e+42 3.7245e+42 1.5504e+40 1.4732e+40 1.1084e+40 2.2276e+42 1.9873e+38 4.8967e+38 3.8681e+38 2.5116e+38 6.7926e+39 4.6214e+39
-4.5 0.3 1000.0 -1.4 1.9905e+42 2.1143e+42 3.5538e+41 1.0697e+42 5.2929e+41 4.2683e+42 6.5598e+42 1.2596e+43 2.4985e+42 2.9894e+42 1.3765e+40 1.2052e+40 1.0075e+40 1.7088e+42 6.5304e+37 1.609e+38 1.654e+38 1.1409e+38 2.693e+39 1.8367e+39
-4.5 0.3 1000.0 -1.7 1.0905e+42 1.6717e+42 1.7063e+41 5.1359e+41 2.7398e+41 2.6594e+42 5.1943e+42 7.848e+42 1.5331e+42 1.8762e+42 9.7538e+39 1.0111e+40 8.8366e+39 9.8203e+41 1.043e+37 2.5698e+37 3.7569e+37 3.5832e+37 5.5125e+38 3.7859e+38
-4.5 0.3 1000.0 -2.0 5.5925e+41 1.2274e+42 7.3314e+40 2.2067e+41 1.3132e+41 1.5341e+42 3.823e+42 4.527e+42 8.6756e+41 1.0853e+42 5.3416e+39 8.4189e+39 7.3296e+39 5.0693e+41 2.3388e+36 5.7627e+36 7.2765e+36 1.7901e+37 1.0938e+38 7.6918e+37
-4.5 0.3 10000.0 -1.2 3.0155e+42 2.2846e+42 9.8587e+41 2.9675e+42 1.6817e+42 8.1075e+42 6.8917e+42 2.3925e+43 2.057e+42 3.8218e+42 3.1938e+39 8.4731e+39 6.6984e+39 2.1662e+42 8.8101e+38 2.1709e+39 1.8145e+39 1.7547e+39 2.2486e+40 2.0524e+40
-4.5 0.3 10000.0 -1.4 2.2921e+42 2.1154e+42 7.3482e+41 2.2118e+42 1.2266e+42 6.6696e+42 6.3797e+42 1.9682e+43 1.6425e+42 3.0824e+42 2.1651e+39 8.0978e+39 6.6e+39 1.6505e+42 4.2809e+38 1.0549e+39 9.923e+38 9.7445e+38 1.2074e+40 1.1093e+40
-4.5 0.3 10000.0 -1.7 1.352e+42 1.6729e+42 3.9393e+41 1.1857e+42 6.7582e+41 4.4055e+42 5.0516e+42 1.3001e+43 1.028e+42 1.96e+42 6.9929e+38 6.9542e+39 5.4588e+39 9.3247e+41 1.1439e+38 2.8188e+38 3.0186e+38 3.0788e+38 3.9287e+39 3.642e+39
-4.5 0.3 10000.0 -2.0 7.4762e+41 1.2284e+42 1.8143e+41 5.4612e+41 3.4804e+41 2.7132e+42 3.7177e+42 8.0067e+42 5.977e+41 1.1584e+42 1.3867e+38 5.0281e+39 3.4642e+39 4.673e+41 2.573e+37 6.3407e+37 7.301e+37 8.1044e+37 1.1449e+39 1.07e+39
-4.5 0.5 100.0 -1.2 2.4997e+42 2.1223e+42 2.2467e+41 6.7626e+41 9.8243e+41 5.8443e+42 6.6065e+42 1.7246e+43 6.02e+42 4.4885e+42 2.6449e+40 1.5815e+40 1.1429e+40 2.2733e+42 8.6954e+37 2.1427e+38 4.3062e+37 2.7585e+37 2.922e+39 1.9167e+39
-4.5 0.5 100.0 -1.4 1.8214e+42 1.9795e+42 1.3254e+41 3.9894e+41 7.0508e+41 4.6176e+42 6.1769e+42 1.3627e+43 4.8216e+42 3.6059e+42 2.3581e+40 1.4144e+40 1.1059e+40 1.7498e+42 2.9408e+37 7.2467e+37 1.3689e+37 1.0686e+37 1.1347e+39 7.4518e+38
-4.5 0.5 100.0 -1.7 1.0077e+42 1.578e+42 4.897e+40 1.474e+41 3.732e+41 2.8501e+42 4.9431e+42 8.4105e+42 3.0016e+42 2.2561e+42 1.9441e+40 1.2616e+40 1.0409e+40 1.0106e+42 6.3233e+36 1.5581e+37 2.397e+36 4.5995e+36 2.6735e+38 1.7668e+38
-4.5 0.5 100.0 -2.0 5.2606e+41 1.1645e+42 1.6771e+40 5.048e+40 1.8132e+41 1.6368e+42 3.6628e+42 4.8303e+42 1.7183e+42 1.2988e+42 1.4781e+40 1.1009e+40 9.2531e+39 5.249e+41 1.8327e+36 4.516e+36 5.2273e+35 3.8943e+36 6.5192e+37 4.416e+37
-4.5 0.5 1000.0 -1.2 3.767e+42 2.1102e+42 5.1576e+41 1.5524e+42 1.4551e+42 8.052e+42 6.4484e+42 2.3761e+43 5.9096e+42 6.4143e+42 1.8245e+40 1.7547e+40 1.236e+40 2.2289e+42 4.2488e+38 1.047e+39 3.3878e+38 2.1523e+38 1.2e+40 8.1409e+39
-4.5 0.5 1000.0 -1.4 2.8693e+42 1.9677e+42 3.7051e+41 1.1152e+42 1.0759e+42 6.5969e+42 6.0224e+42 1.9467e+43 4.8178e+42 5.2988e+42 1.5517e+40 1.3866e+40 1.0911e+40 1.7108e+42 1.8458e+38 4.5485e+38 1.7656e+38 1.1439e+38 5.9517e+39 4.0422e+39
-4.5 0.5 1000.0 -1.7 1.6958e+42 1.567e+42 1.9336e+41 5.82e+41 5.9946e+41 4.323e+42 4.8117e+42 1.2757e+43 3.0948e+42 3.4774e+42 1.1034e+40 1.0973e+40 9.319e+39 9.8509e+41 4.3574e+37 1.0737e+38 5.7602e+37 4.0519e+37 1.757e+39 1.1961e+39
-4.5 0.5 1000.0 -2.0 9.4087e+41 1.1551e+42 9.1062e+40 2.741e+41 3.0868e+41 2.6399e+42 3.5596e+42 7.7903e+42 1.8351e+42 2.1095e+42 5.9444e+39 8.9953e+39 7.6518e+39 5.0993e+41 9.3857e+36 2.3128e+37 1.6535e+37 1.5104e+37 4.6108e+38 3.1533e+38
-4.5 0.5 10000.0 -1.2 3.3414e+42 2.1124e+42 8.4387e+41 2.5401e+42 2.404e+42 1.0394e+43 6.3099e+42 3.0672e+43 3.4682e+42 5.9787e+42 3.2725e+39 8.5597e+39 6.431e+39 2.168e+42 1.134e+39 2.7944e+39 1.011e+39 9.6317e+38 2.5985e+40 2.3385e+40
-4.5 0.5 10000.0 -1.4 2.5986e+42 1.9706e+42 6.3674e+41 1.9166e+42 1.7962e+42 8.6586e+42 5.8907e+42 2.5551e+43 2.8055e+42 4.8841e+42 2.2042e+39 7.8128e+39 6.0692e+39 1.6542e+42 5.6441e+38 1.3909e+39 5.7099e+38 5.5109e+38 1.4397e+40 1.3033e+40
-4.5 0.5 10000.0 -1.7 1.5872e+42 1.5705e+42 3.469e+41 1.0442e+42 1.0247e+42 5.8342e+42 4.7041e+42 1.7217e+43 1.7892e+42 3.1658e+42 7.0688e+38 6.3505e+39 4.6731e+39 9.3663e+41 1.5197e+38 3.7451e+38 1.7909e+38 1.7794e+38 4.8796e+39 4.4514e+39
-4.5 0.5 10000.0 -2.0 9.0982e+41 1.1598e+42 1.6229e+41 4.8851e+41 5.4484e+41 3.6712e+42 3.483e+42 1.0834e+43 1.057e+42 1.9052e+42 1.3952e+38 4.2548e+39 2.6995e+39 4.7056e+41 3.3896e+37 8.3534e+37 4.4343e+37 4.6651e+37 1.4957e+39 1.3727e+39
-4.0 0.1 100.0 -1.2 3.3541e+41 2.5761e+42 4.9902e+40 1.5021e+41 1.5461e+40 3.2158e+41 8.4158e+42 9.4897e+41 2.1017e+41 1.6726e+41 3.9016e+40 3.1124e+40 2.1055e+40 3.6435e+42 4.5144e+37 1.1107e+38 1.4637e+37 7.9641e+37 1.4242e+39 9.4124e+38
-4.0 0.1 100.0 -1.4 2.7473e+41 2.3262e+42 8.0778e+39 2.4314e+40 6.6502e+39 1.4892e+41 7.6425e+42 4.3947e+41 1.0471e+41 8.3584e+40 3.0699e+40 2.2651e+40 1.7373e+40 2.8043e+42 1.4063e+37 3.4597e+37 2.4333e+36 7.1765e+37 3.4226e+38 2.3095e+38
-4.0 0.1 100.0 -1.7 1.9028e+41 1.7949e+42 5.8799e+38 1.7699e+39 1.5357e+39 4.2491e+40 5.9598e+42 1.2539e+41 3.2013e+40 2.5763e+40 2.3257e+40 1.6889e+40 1.4216e+40 1.6166e+42 5.6388e+36 1.3867e+37 2.195e+35 3.9991e+37 3.2587e+37 2.5099e+37
-4.0 0.1 100.0 -2.0 1.2371e+41 1.2982e+42 5.2261e+37 1.573e+38 2.9085e+38 1.0656e+40 4.3558e+42 3.1446e+40 8.4077e+39 6.8432e+39 1.3209e+40 1.0932e+40 9.5456e+39 8.3715e+41 4.5805e+36 1.1264e+37 3.146e+32 5.6301e+36 1.8341e+34 1.132e+36
-4.0 0.1 1000.0 -1.2 1.1055e+42 2.625e+42 1.2075e+42 3.6347e+42 1.0162e+41 2.1856e+42 8.2995e+42 6.4497e+42 7.2818e+41 9.8045e+41 1.9557e+40 2.3893e+40 1.7083e+40 3.5198e+42 2.4997e+38 6.1501e+38 1.4395e+39 1.01e+39 1.095e+40 7.4762e+39
-4.0 0.1 1000.0 -1.4 6.6479e+41 2.351e+42 6.9132e+41 2.0809e+42 5.7019e+40 1.4413e+42 7.422e+42 4.2531e+42 4.9245e+41 6.7189e+41 1.6969e+40 1.5607e+40 1.3062e+40 2.6969e+42 5.19e+37 1.2768e+38 4.4216e+38 4.0977e+38 2.6404e+39 1.8168e+39
-4.0 0.1 1000.0 -1.7 3.0011e+41 1.8022e+42 2.4319e+41 7.3199e+41 2.1275e+40 6.7062e+41 5.6979e+42 1.979e+42 2.3621e+41 3.282e+41 1.2754e+40 1.1916e+40 1.0593e+40 1.5532e+42 9.1222e+36 2.244e+37 5.6381e+37 1.9988e+38 2.5746e+38 1.8858e+38
-4.0 0.1 1000.0 -2.0 1.4472e+41 1.3e+42 7.1895e+40 2.164e+41 7.3893e+39 2.8629e+41 4.1256e+42 8.4485e+41 1.0344e+41 1.4609e+41 8.9375e+39 9.6652e+39 8.7935e+39 8.0389e+41 5.5774e+36 1.372e+37 5.4249e+36 1.8549e+38 2.1536e+37 2.6416e+37
-4.0 0.1 10000.0 -1.2 2.0987e+42 2.655e+42 3.2986e+42 9.9287e+42 4.5299e+41 5.3003e+42 8.1237e+42 1.5641e+43 6.3053e+41 1.278e+42 8.539e+39 1.5599e+40 1.1649e+40 3.3751e+42 2.5831e+39 6.3576e+39 1.3857e+40 1.3588e+40 6.9094e+40 6.3789e+40
-4.0 0.1 10000.0 -1.4 1.4565e+42 2.3759e+42 2.3333e+42 7.0233e+42 2.9143e+41 4.0887e+42 7.2481e+42 1.2066e+43 4.7984e+41 9.7986e+41 7.198e+39 1.2389e+40 1.0372e+40 2.5615e+42 1.158e+39 2.8501e+39 7.1026e+39 7.1084e+39 3.3555e+40 3.1208e+40
-4.0 0.1 10000.0 -1.7 7.7052e+41 1.8213e+42 1.1519e+42 3.4672e+42 1.3791e+41 2.5018e+42 5.5491e+42 7.3828e+42 2.8564e+41 5.8898e+41 3.0727e+39 1.0102e+40 8.9322e+39 1.442e+42 2.7048e+38 6.6585e+38 1.9017e+39 2.0225e+39 8.9977e+39 8.4611e+39
-4.0 0.1 10000.0 -2.0 3.8873e+41 1.3126e+42 4.7456e+41 1.4284e+42 6.3128e+40 1.4505e+42 4.0032e+42 4.2805e+42 1.6125e+41 3.3519e+41 6.6152e+38 8.1373e+39 7.0869e+39 7.2094e+41 5.0367e+37 1.2402e+38 3.6552e+38 4.6081e+38 1.972e+39 1.8781e+39
-4.0 0.3 100.0 -1.2 1.599e+42 2.3817e+42 3.0261e+41 9.1086e+41 3.7942e+41 3.1263e+42 7.5529e+42 9.2258e+42 2.1586e+42 1.653e+42 5.1862e+40 3.6431e+40 2.3694e+40 3.6606e+42 1.3469e+38 3.315e+38 4.9198e+37 5.4469e+37 3.9769e+39 2.6129e+39
-4.0 0.3 100.0 -1.4 1.0223e+42 2.1579e+42 1.1093e+41 3.339e+41 2.3904e+41 2.1393e+42 6.8645e+42 6.3131e+42 1.5624e+42 1.1989e+42 3.8068e+40 2.5411e+40 1.8818e+40 2.8199e+42 4.2308e+37 1.0412e+38 9.8395e+36 3.8286e+37 1.1968e+39 7.9132e+38
-4.0 0.3 100.0 -1.7 4.9587e+41 1.6729e+42 2.389e+40 7.191e+40 1.0486e+41 1.0913e+42 5.3614e+42 3.2203e+42 8.4419e+41 6.5048e+41 2.679e+40 1.8213e+40 1.5255e+40 1.6332e+42 1.0195e+37 2.5088e+37 1.275e+36 4.1417e+37 1.9339e+38 1.3437e+38
-4.0 0.3 100.0 -2.0 2.3698e+41 1.2142e+42 6.5195e+39 1.9624e+40 4.1168e+40 5.2831e+41 3.9235e+42 1.559e+42 4.1961e+41 3.2545e+41 1.9309e+40 1.4123e+40 1.2271e+40 8.5032e+41 4.5994e+36 1.1316e+37 1.7635e+35 2.265e+37 2.2394e+37 1.9106e+37
-4.0 0.3 1000.0 -1.2 3.514e+42 2.3779e+42 1.6212e+42 4.8799e+42 6.8704e+41 5.8372e+42 7.3415e+42 1.7226e+43 2.4726e+42 3.0012e+42 2.6664e+40 3.6527e+40 2.3542e+40 3.5375e+42 7.7949e+38 1.9185e+39 1.3816e+39 9.0466e+38 2.4965e+40 1.698e+40
-4.0 0.3 1000.0 -1.4 2.3972e+42 2.1477e+42 1.0507e+42 3.1626e+42 4.5812e+41 4.4425e+42 6.6346e+42 1.311e+43 1.9181e+42 2.3585e+42 2.005e+40 1.9901e+40 1.5578e+40 2.7115e+42 2.3892e+38 5.88e+38 5.6801e+38 4.0312e+38 9.1545e+39 6.2429e+39
-4.0 0.3 1000.0 -1.7 1.221e+42 1.6571e+42 4.6548e+41 1.4011e+42 2.2189e+41 2.6282e+42 5.1321e+42 7.7557e+42 1.1496e+42 1.4415e+42 1.4898e+40 1.3125e+40 1.1724e+40 1.5626e+42 3.3263e+37 8.1861e+37 1.2129e+38 1.3315e+38 1.5714e+39 1.0817e+39
-4.0 0.3 1000.0 -2.0 5.9799e+41 1.2005e+42 1.8434e+41 5.5487e+41 1.0029e+41 1.4657e+42 3.7292e+42 4.3254e+42 6.4009e+41 8.197e+41 1.0231e+40 1.064e+40 9.6908e+39 8.1129e+41 7.9197e+36 1.949e+37 2.1908e+37 7.699e+37 2.5708e+38 1.8416e+38
-4.0 0.3 10000.0 -1.2 3.8364e+42 2.4186e+42 3.3547e+42 1.0098e+43 1.4362e+42 8.8986e+42 7.2685e+42 2.626e+43 1.4853e+42 2.8149e+42 8.7352e+39 1.585e+40 1.1702e+40 3.4077e+42 3.597e+39 8.8556e+39 7.3112e+39 7.0749e+39 8.0046e+40 7.3145e+40
-4.0 0.3 10000.0 -1.4 2.8147e+42 2.1858e+42 2.4412e+42 7.3482e+42 9.8325e+41 7.1433e+42 6.5617e+42 2.108e+43 1.1645e+42 2.2324e+42 7.3054e+39 1.2228e+40 1.0146e+40 2.5902e+42 1.6818e+39 4.1405e+39 3.9103e+39 3.8468e+39 4.0883e+40 3.7627e+40
-4.0 0.3 10000.0 -1.7 1.6154e+42 1.6927e+42 1.267e+42 3.8135e+42 5.0995e+41 4.6495e+42 5.0854e+42 1.3721e+43 7.2952e+41 1.419e+42 3.096e+39 9.756e+39 8.5441e+39 1.4619e+42 4.2212e+38 1.0394e+39 1.1354e+39 1.1654e+39 1.2155e+40 1.13e+40
-4.0 0.3 10000.0 -2.0 8.8844e+41 1.2313e+42 5.6329e+41 1.6955e+42 2.5266e+41 2.8801e+42 3.7079e+42 8.4992e+42 4.3264e+41 8.5329e+41 6.6797e+38 7.7737e+39 6.6109e+39 7.3342e+41 8.9055e+37 2.1933e+38 2.5593e+38 2.8997e+38 3.2027e+39 3.0058e+39
-4.0 0.5 100.0 -1.2 2.7966e+42 2.1538e+42 5.8715e+41 1.7673e+42 7.9649e+41 5.5647e+42 6.7074e+42 1.6421e+43 4.0785e+42 3.0785e+42 6.879e+40 4.2598e+40 2.6936e+40 3.599e+42 3.8126e+38 9.3876e+38 1.4926e+38 9.7403e+37 1.132e+40 7.4255e+39
-4.0 0.5 100.0 -1.4 1.8992e+42 1.961e+42 3.0061e+41 9.0485e+41 5.4159e+41 4.1225e+42 6.1283e+42 1.2165e+43 3.1637e+42 2.3931e+42 4.8141e+40 2.9234e+40 2.0808e+40 2.7712e+42 1.3438e+38 3.3087e+38 4.7744e+37 3.9618e+37 4.3208e+39 2.8373e+39
-4.0 0.5 100.0 -1.7 9.7698e+41 1.5277e+42 8.8872e+40 2.675e+41 2.716e+41 2.3452e+42 4.8058e+42 6.9208e+42 1.8996e+42 1.4414e+42 3.0979e+40 1.9874e+40 1.6277e+40 1.6061e+42 3.052e+37 7.5141e+37 9.0541e+36 1.9603e+37 9.9651e+38 6.5851e+38
-4.0 0.5 100.0 -2.0 4.8946e+41 1.1136e+42 2.6083e+40 7.8509e+40 1.2543e+41 1.2709e+42 3.529e+42 3.7505e+42 1.059e+42 8.0711e+41 2.1952e+40 1.5455e+40 1.3506e+40 8.3899e+41 8.7511e+36 2.1544e+37 2.1323e+36 1.7485e+37 2.3122e+38 1.5688e+38
-4.0 0.5 1000.0 -1.2 4.3381e+42 2.1508e+42 1.6421e+42 4.9427e+42 1.1111e+42 7.9852e+42 6.5493e+42 2.3564e+43 3.8793e+42 4.424e+42 3.8126e+40 5.0784e+40 3.1283e+40 3.5034e+42 1.7904e+39 4.4085e+39 1.2918e+39 8.2214e+38 4.5682e+40 3.0992e+40
-4.0 0.5 1000.0 -1.4 3.1084e+42 1.9559e+42 1.1333e+42 3.4114e+42 7.7019e+41 6.2627e+42 5.9661e+42 1.8481e+43 3.0861e+42 3.5678e+42 2.4937e+40 2.8854e+40 2.042e+40 2.6864e+42 7.6348e+38 1.8799e+39 6.6567e+38 4.3336e+38 2.1828e+40 1.4827e+40
-4.0 0.5 1000.0 -1.7 1.7059e+42 1.5212e+42 5.5906e+41 1.6828e+42 4.0165e+41 3.8958e+42 4.6588e+42 1.1496e+43 1.9412e+42 2.2864e+42 1.7163e+40 1.559e+40 1.3399e+40 1.55e+42 1.7393e+38 4.2824e+38 2.17e+38 1.5565e+38 6.0005e+39 4.0877e+39
-4.0 0.5 1000.0 -2.0 8.9526e+41 1.1072e+42 2.5021e+41 7.5312e+41 1.9546e+41 2.2891e+42 3.406e+42 6.755e+42 1.1355e+42 1.3642e+42 1.1675e+40 1.1761e+40 1.0641e+40 8.0671e+41 3.6236e+37 8.9218e+37 6.2646e+37 6.088e+37 1.4113e+39 9.6723e+38
-4.0 0.5 10000.0 -1.2 3.9307e+42 2.2005e+42 2.8803e+42 8.6698e+42 1.8622e+42 1.0768e+43 6.5479e+42 3.1776e+43 2.201e+42 3.9362e+42 9.0949e+39 1.7962e+40 1.2638e+40 3.4013e+42 4.8164e+39 1.1862e+40 4.1414e+39 3.9448e+39 9.2742e+40 8.3755e+40
-4.0 0.5 10000.0 -1.4 2.9325e+42 2.0078e+42 2.1221e+42 6.3876e+42 1.2967e+42 8.7177e+42 5.9776e+42 2.5726e+43 1.7308e+42 3.138e+42 7.4894e+39 1.2831e+40 1.0269e+40 2.5903e+42 2.3139e+39 5.6988e+39 2.2897e+39 2.211e+39 4.8731e+40 4.4314e+40
-4.0 0.5 10000.0 -1.7 1.7248e+42 1.5709e+42 1.1165e+42 3.3607e+42 6.9255e+41 5.7539e+42 4.687e+42 1.698e+43 1.0949e+42 2.0178e+42 3.1291e+39 9.525e+39 8.1617e+39 1.4666e+42 5.8303e+38 1.436e+39 6.8114e+38 6.7895e+38 1.4837e+40 1.3624e+40
-4.0 0.5 10000.0 -2.0 9.7291e+41 1.1515e+42 5.014e+41 1.5092e+42 3.5415e+41 3.6188e+42 3.446e+42 1.0679e+43 6.5864e+41 1.231e+42 6.7001e+38 7.3258e+39 6.0132e+39 7.378e+41 1.1983e+38 2.952e+38 1.5386e+38 1.6394e+38 3.9855e+39 3.6905e+39
-5.0 0.1 100.0 -1.2 2.688e+41 2.2527e+42 6.3304e+39 1.9055e+40 5.4841e+38 3.8635e+40 7.6765e+42 1.1401e+41 2.3453e+40 1.9332e+40 9.5944e+39 7.4205e+39 5.7164e+39 9.0544e+41 1.7302e+36 4.2641e+36 8.4257e+35 3.1861e+36 5.4439e+37 3.6038e+37
-5.0 0.1 100.0 -1.4 2.3805e+41 2.1297e+42 1.2193e+39 3.6702e+39 1.8584e+38 1.5444e+40 7.2861e+42 4.5575e+40 9.9703e+39 8.2995e+39 9.6177e+39 7.5739e+39 5.9222e+39 6.8543e+41 5.4579e+35 1.3451e+36 1.0013e+35 3.5058e+36 1.2449e+37 8.5575e+36
-5.0 0.1 100.0 -1.7 1.7433e+41 1.718e+42 7.065e+37 2.1266e+38 3.1267e+37 3.2526e+39 5.9174e+42 9.5983e+39 2.2738e+39 1.9188e+39 8.0765e+39 6.9352e+39 5.516e+39 3.8489e+41 2.3981e+35 5.9102e+35 7.8655e+33 2.0907e+36 1.1254e+36 8.7329e+35
-5.0 0.1 100.0 -2.0 1.1693e+41 1.2762e+42 5.087e+36 1.5312e+37 4.9148e+36 6.5085e+38 4.4267e+42 1.9206e+39 4.8107e+38 4.1114e+38 5.2063e+39 5.5567e+39 4.5858e+39 1.9358e+41 2.005e+35 4.9412e+35 1.0474e+31 2.5753e+35 6.0639e+32 3.5521e+34
-5.0 0.1 1000.0 -1.2 3.6819e+41 2.264e+42 7.336e+40 2.2081e+41 2.0398e+40 4.9405e+41 7.4097e+42 1.4579e+42 2.1381e+41 2.9275e+41 6.8425e+39 7.3724e+39 5.9237e+39 9.3405e+41 1.4767e+37 3.6395e+37 9.0355e+37 6.0827e+37 6.5421e+38 4.4663e+38
-5.0 0.1 1000.0 -1.4 2.8613e+41 2.1394e+42 4.5621e+40 1.3732e+41 1.2069e+40 3.4262e+41 7.0103e+42 1.0111e+42 1.4809e+41 2.0529e+41 5.8576e+39 7.4202e+39 6.1079e+39 7.0641e+41 3.6695e+36 9.0435e+36 3.052e+37 2.4165e+37 1.893e+38 1.2998e+38
-5.0 0.1 1000.0 -1.7 1.8184e+41 1.7251e+42 1.8393e+40 5.5363e+40 4.7791e+39 1.7032e+41 5.6702e+42 5.0261e+41 7.3317e+40 1.0336e+41 3.3414e+39 6.6244e+39 5.4624e+39 3.9666e+41 5.855e+35 1.443e+36 4.5702e+36 8.9796e+36 2.4733e+37 1.7568e+37
-5.0 0.1 1000.0 -2.0 1.1206e+41 1.2812e+42 6.3133e+39 1.9003e+40 1.7347e+39 7.6687e+40 4.2282e+42 2.263e+41 3.2858e+40 4.7024e+40 1.3236e+39 5.4328e+39 4.308e+39 1.9977e+41 2.4906e+35 6.1381e+35 5.2235e+35 7.059e+36 2.6826e+36 2.4364e+36
-5.0 0.1 10000.0 -1.2 5.3967e+41 2.2636e+42 1.8023e+41 5.425e+41 2.0433e+41 1.8326e+42 7.0869e+42 5.4079e+42 3.6584e+41 7.4121e+41 6.5837e+38 4.957e+39 3.5042e+39 9.5208e+41 1.1915e+38 2.9365e+38 6.3377e+38 6.1958e+38 3.5785e+39 3.3035e+39
-5.0 0.1 10000.0 -1.4 4.0588e+41 2.1358e+42 1.3138e+41 3.9546e+41 1.4494e+41 1.4613e+42 6.6838e+42 4.3123e+42 2.8536e+41 5.815e+41 4.1684e+38 4.9645e+39 3.3724e+39 7.1747e+41 5.5205e+37 1.3606e+38 3.2993e+38 3.2866e+38 1.8079e+39 1.681e+39
-5.0 0.1 10000.0 -1.7 2.362e+41 1.7206e+42 6.7387e+40 2.0283e+41 7.6412e+40 9.1065e+41 5.3875e+42 2.6873e+42 1.7221e+41 3.5359e+41 1.2587e+38 3.8063e+39 2.3243e+39 3.9834e+41 1.3412e+37 3.3054e+37 9.0367e+37 9.5041e+37 5.1547e+38 4.8456e+38
-5.0 0.1 10000.0 -2.0 1.2931e+41 1.2775e+42 2.9051e+40 8.7443e+40 3.7438e+40 5.2226e+41 4.0065e+42 1.5412e+42 9.6003e+40 1.9836e+41 2.4317e+37 2.1113e+39 1.1734e+39 1.9646e+41 2.5686e+36 6.3305e+36 1.7959e+37 2.2012e+37 1.2046e+38 1.1472e+38
-5.0 0.3 100.0 -1.2 6.0609e+41 2.1289e+42 3.7941e+40 1.142e+41 1.4577e+41 1.505e+42 6.828e+42 4.4412e+42 1.518e+42 1.1603e+42 1.0441e+40 7.4176e+39 5.5108e+39 9.9639e+41 5.5708e+36 1.373e+37 3.6696e+36 3.2136e+36 1.8485e+38 1.2155e+38
-5.0 0.3 100.0 -1.4 4.3408e+41 2.0235e+42 1.9704e+40 5.931e+40 9.3186e+40 1.1096e+42 6.5036e+42 3.2745e+42 1.1189e+42 8.5986e+41 1.0433e+40 7.675e+39 5.8156e+39 7.559e+41 1.6263e+36 4.008e+36 6.2103e+35 1.6841e+36 5.0541e+37 3.3536e+37
-5.0 0.3 100.0 -1.7 2.4135e+41 1.6428e+42 6.1654e+39 1.8558e+40 4.0493e+40 6.0003e+41 5.3024e+42 1.7707e+42 6.0194e+41 4.6648e+41 8.9769e+39 7.3087e+39 5.5868e+39 4.2668e+41 3.9588e+35 9.7568e+35 5.8149e+34 1.6758e+36 7.3378e+36 5.2518e+36
-5.0 0.3 100.0 -2.0 1.3168e+41 1.2258e+42 1.9286e+39 5.8052e+39 1.5703e+40 2.9145e+41 3.9765e+42 8.6008e+41 2.8935e+41 2.2616e+41 6.2555e+39 6.2748e+39 4.8339e+39 2.1611e+41 1.9834e+35 4.8881e+35 7.2244e+33 1.8504e+36 8.2007e+35 9.7397e+35
-5.0 0.3 1000.0 -1.2 1.3979e+42 2.1108e+42 1.1466e+41 3.4511e+41 4.7031e+41 3.2068e+42 6.6214e+42 9.4632e+42 2.4087e+42 2.8194e+42 7.5029e+39 7.6155e+39 5.7547e+39 9.9899e+41 4.1075e+37 1.0123e+38 8.2889e+37 5.361e+37 1.4968e+39 1.0186e+39
-5.0 0.3 1000.0 -1.4 1.0631e+42 2.0049e+42 8.0772e+40 2.4312e+41 3.4265e+41 2.6206e+42 6.2938e+42 7.7334e+42 1.9345e+42 2.2995e+42 6.4648e+39 7.5957e+39 5.9321e+39 7.5718e+41 1.4024e+37 3.4564e+37 3.6231e+37 2.4682e+37 6.2505e+38 4.2632e+38
-5.0 0.3 1000.0 -1.7 6.2094e+41 1.6266e+42 4.058e+40 1.2215e+41 1.8598e+41 1.6865e+42 5.1162e+42 4.9769e+42 1.2107e+42 1.4711e+42 3.6346e+39 6.8684e+39 5.3647e+39 4.2646e+41 2.4058e+36 5.9294e+36 8.5523e+36 7.6645e+36 1.4305e+38 9.8152e+37
-5.0 0.3 1000.0 -2.0 3.3774e+41 1.2136e+42 1.8278e+40 5.5017e+40 9.3183e+40 9.9632e+41 3.8267e+42 2.9401e+42 6.9672e+41 8.6367e+41 1.4037e+39 5.5228e+39 4.0956e+39 2.1552e+41 5.3448e+35 1.3173e+36 1.7462e+36 3.5799e+36 3.2541e+37 2.2712e+37
-5.0 0.3 10000.0 -1.2 1.657e+42 2.0924e+42 2.065e+41 6.2157e+41 1.2823e+42 5.2645e+42 6.3785e+42 1.5536e+43 1.8957e+42 3.5097e+42 6.6421e+38 4.347e+39 2.8296e+39 9.8891e+41 1.7164e+38 4.2304e+38 3.6118e+38 3.488e+38 4.9686e+39 4.5307e+39
-5.0 0.3 10000.0 -1.4 1.3081e+42 1.9862e+42 1.5632e+41 4.7052e+41 9.7869e+41 4.4492e+42 6.0579e+42 1.313e+43 1.5392e+42 2.8817e+42 4.2055e+38 4.2122e+39 2.6421e+39 7.4683e+41 8.4389e+37 2.0799e+38 1.9902e+38 1.951e+38 2.7419e+39 2.5154e+39
-5.0 0.3 10000.0 -1.7 8.0674e+41 1.6106e+42 8.5799e+40 2.5825e+41 5.7284e+41 3.0244e+42 4.9195e+42 8.9249e+42 9.8435e+41 1.873e+42 1.2696e+38 3.0243e+39 1.747e+39 4.1612e+41 2.3029e+37 5.6758e+37 6.1806e+37 6.2817e+37 9.429e+38 8.7193e+38
-5.0 0.3 10000.0 -2.0 4.6089e+41 1.2016e+42 4.0662e+40 1.2239e+41 3.1132e+41 1.8944e+42 3.6763e+42 5.5904e+42 5.8304e+41 1.1256e+42 2.4615e+37 1.5999e+39 8.6331e+38 2.0605e+41 5.3289e+36 1.3134e+37 1.5561e+37 1.7101e+37 2.9524e+38 2.7489e+38
-5.0 0.5 100.0 -1.2 1.5036e+42 1.9514e+42 5.7435e+40 1.7288e+41 7.624e+41 4.1163e+42 6.1118e+42 1.2147e+43 5.672e+42 4.188e+42 1.1338e+40 7.2645e+39 5.1295e+39 1.0191e+42 1.7574e+37 4.3312e+37 9.8252e+36 6.2249e+36 6.4923e+38 4.2592e+38
-5.0 0.5 100.0 -1.4 1.1553e+42 1.866e+42 3.6327e+40 1.0934e+41 5.6268e+41 3.387e+42 5.8543e+42 9.9951e+42 4.6169e+42 3.422e+42 1.1216e+40 7.5437e+39 5.4607e+39 7.7504e+41 5.8537e+36 1.4427e+37 3.1701e+36 2.3743e+36 2.5946e+38 1.704e+38
-5.0 0.5 100.0 -1.7 6.8136e+41 1.5251e+42 1.5679e+40 4.7194e+40 3.0929e+41 2.1986e+42 4.7977e+42 6.4881e+42 2.9368e+42 2.1896e+42 9.7035e+39 7.3828e+39 5.3904e+39 4.3816e+41 1.2284e+36 3.0277e+36 5.6388e+35 9.4171e+35 6.4722e+37 4.2755e+37
-5.0 0.5 100.0 -2.0 3.7186e+41 1.1442e+42 6.1945e+39 1.8645e+40 1.5611e+41 1.309e+42 3.6103e+42 3.8629e+42 1.7126e+42 1.2844e+42 7.0095e+39 6.6186e+39 4.805e+39 2.2253e+41 3.5081e+35 8.6462e+35 1.2348e+35 7.5417e+35 1.6921e+37 1.1414e+37
-5.0 0.5 1000.0 -1.2 2.29e+42 1.9326e+42 1.1369e+41 3.4222e+41 1.2808e+42 5.7651e+42 5.9526e+42 1.7013e+43 6.1834e+42 6.4567e+42 8.2118e+39 7.7008e+39 5.4108e+39 1.0094e+42 8.4424e+37 2.0807e+38 7.039e+37 4.4671e+37 2.635e+39 1.7875e+39
-5.0 0.5 1000.0 -1.4 1.8339e+42 1.8465e+42 8.3814e+40 2.5228e+41 9.8628e+41 4.8967e+42 5.6966e+42 1.445e+43 5.1316e+42 5.4385e+42 7.056e+39 7.5583e+39 5.504e+39 7.666e+41 3.7179e+37 9.1632e+37 3.7063e+37 2.3946e+37 1.3549e+39 9.2009e+38
-5.0 0.5 1000.0 -1.7 1.1545e+42 1.5083e+42 4.5411e+40 1.3669e+41 5.8253e+41 3.3527e+42 4.6666e+42 9.8938e+42 3.3798e+42 3.6636e+42 4.0215e+39 6.8032e+39 4.9483e+39 4.3322e+41 9.0134e+36 2.2215e+37 1.2246e+37 8.521e+36 4.3066e+38 2.9304e+38
-5.0 0.5 1000.0 -2.0 6.7524e+41 1.131e+42 2.2189e+40 6.6788e+40 3.189e+41 2.1198e+42 3.5073e+42 6.2556e+42 2.0557e+42 2.2775e+42 1.5347e+39 5.373e+39 3.6725e+39 2.1957e+41 2.0009e+36 4.9313e+36 3.577e+36 3.1435e+36 1.2639e+38 8.6296e+37
-5.0 0.5 10000.0 -1.2 2.1336e+42 1.9166e+42 1.778e+41 5.3519e+41 2.2606e+42 7.5769e+42 5.7677e+42 2.236e+43 4.0583e+42 6.8007e+42 6.7778e+38 3.7269e+39 2.2415e+39 9.8979e+41 2.176e+38 5.3631e+38 2.0135e+38 1.9156e+38 5.8967e+39 5.288e+39
-5.0 0.5 10000.0 -1.4 1.7324e+42 1.8319e+42 1.3635e+41 4.1041e+41 1.7689e+42 6.513e+42 5.5189e+42 1.922e+43 3.3389e+42 5.6698e+42 4.2761e+38 3.441e+39 2.0191e+39 7.49e+41 1.0966e+38 2.7028e+38 1.1494e+38 1.1074e+38 3.3893e+39 3.054e+39
-5.0 0.5 10000.0 -1.7 1.1128e+42 1.4969e+42 7.6192e+40 2.2934e+41 1.0729e+42 4.5438e+42 4.5191e+42 1.3409e+43 2.172e+42 3.7663e+42 1.2841e+38 2.3095e+39 1.2782e+39 4.1868e+41 3.0267e+37 7.4598e+37 3.7182e+37 3.6811e+37 1.241e+39 1.1246e+39
-5.0 0.5 10000.0 -2.0 6.6215e+41 1.1228e+42 3.6809e+40 1.108e+41 6.0376e+41 2.9252e+42 3.3973e+42 8.6322e+42 1.3052e+42 2.3114e+42 2.477e+37 1.1631e+39 6.1374e+38 2.08e+41 7.0258e+36 1.7316e+37 9.8201e+36 1.0227e+37 4.2116e+38 3.8304e+38
-1.5 0.1 100.0 -1.2 1.8113e+41 4.9337e+41 2.825e+42 8.5034e+42 3.1019e+40 1.3747e+41 1.4446e+42 4.0566e+41 7.1594e+40 5.42e+40 1.1262e+42 7.0089e+41 4.606e+41 3.3519e+42 1.3254e+40 3.0582e+40 6.3642e+39 4.0711e+39 1.9201e+41 1.2589e+41
-1.5 0.1 100.0 -1.4 9.788e+40 4.7586e+41 1.9813e+42 5.9637e+42 4.4177e+39 6.176e+40 1.4109e+42 1.8225e+41 3.1835e+40 2.491e+40 5.8884e+41 3.7643e+41 2.5017e+41 2.7114e+42 5.3129e+39 1.2087e+40 1.9693e+39 1.7116e+39 8.0802e+40 5.3043e+40
-1.5 0.1 100.0 -1.7 6.179e+40 4.7034e+41 8.5659e+41 2.5783e+42 1.1225e+39 2.5975e+40 1.4422e+42 7.6652e+40 1.313e+40 1.0457e+40 1.2893e+41 1.2787e+41 7.6068e+40 1.8111e+42 1.4255e+39 3.1501e+39 2.6027e+38 1.2766e+39 1.6999e+40 1.135e+40
-1.5 0.1 100.0 -2.0 5.4164e+40 4.7219e+41 2.4021e+41 7.2303e+41 5.5517e+38 1.3536e+40 1.51e+42 3.9944e+40 6.5985e+39 5.2659e+39 3.0041e+40 4.0316e+40 2.7637e+40 1.0765e+42 4.5589e+38 9.7679e+38 4.5106e+37 1.8266e+39 2.0637e+39 1.737e+39
-1.5 0.1 1000.0 -1.2 9.0204e+41 1.5615e+42 1.233e+43 3.7114e+43 1.3303e+41 6.8956e+41 4.6403e+42 2.0349e+42 2.4654e+41 2.797e+41 1.1124e+41 5.9702e+41 2.9632e+41 5.0289e+42 4.0438e+40 9.2849e+40 2.9643e+40 2.0029e+40 6.8526e+41 4.6453e+41
-1.5 0.1 1000.0 -1.4 5.5961e+41 1.4775e+42 7.0229e+42 2.1139e+43 3.0156e+40 4.2062e+41 4.446e+42 1.2413e+42 1.1995e+41 1.516e+41 2.994e+40 1.0965e+41 6.0894e+40 3.7224e+42 9.0136e+39 2.0658e+40 1.0386e+40 8.6268e+39 1.8715e+41 1.274e+41
-1.5 0.1 1000.0 -1.7 2.9178e+41 1.2619e+42 2.1356e+42 6.4282e+42 7.5035e+39 2.4378e+41 3.8765e+42 7.1939e+41 5.7257e+40 7.8634e+40 2.1065e+40 3.2232e+40 2.2985e+40 2.0634e+42 7.1691e+38 1.653e+39 1.5788e+39 3.796e+39 1.6684e+40 1.167e+40
-1.5 0.1 1000.0 -2.0 1.4955e+41 1.0143e+42 4.544e+41 1.3677e+42 2.0545e+39 1.3274e+41 3.1663e+42 3.9171e+41 2.8e+40 3.9753e+40 1.5488e+40 1.8212e+40 1.4698e+40 1.036e+42 1.6373e+38 3.8208e+38 1.3586e+38 3.0041e+39 7.7813e+38 7.7926e+38
-1.5 0.1 10000.0 -1.2 2.7388e+42 2.7475e+42 1.4164e+43 4.2635e+43 6.9805e+41 4.5118e+42 8.2186e+42 1.3314e+43 4.9854e+41 9.332e+41 1.5738e+40 5.4607e+40 3.3253e+40 4.6458e+42 1.5806e+40 3.8427e+40 7.6347e+40 7.4597e+40 3.8655e+41 3.5447e+41
-1.5 0.1 10000.0 -1.4 1.7947e+42 2.4085e+42 9.1122e+42 2.7428e+43 2.2525e+41 3.2533e+42 7.222e+42 9.6005e+42 2.8534e+41 5.6595e+41 1.487e+40 2.7137e+40 1.9628e+40 3.413e+42 5.7525e+39 1.3998e+40 3.4674e+40 3.4966e+40 1.5515e+41 1.4368e+41
-1.5 0.1 10000.0 -1.7 1.0002e+42 1.8264e+42 3.8962e+42 1.1728e+43 6.8254e+40 2.2368e+42 5.4988e+42 6.6008e+42 1.68e+41 3.4953e+41 1.0061e+40 1.5215e+40 1.3115e+40 1.851e+42 1.0209e+39 2.4953e+39 7.6918e+39 8.5436e+39 3.195e+40 3.0015e+40
-1.5 0.1 10000.0 -2.0 5.4597e+41 1.314e+42 1.3924e+42 4.1912e+42 3.2468e+40 1.5302e+42 3.9739e+42 4.5157e+42 1.1463e+41 2.4087e+41 3.2229e+39 1.1003e+40 9.7943e+39 9.0283e+41 1.6064e+38 3.9406e+38 1.2443e+39 1.7562e+39 5.7753e+39 5.509e+39
-1.5 0.3 100.0 -1.2 2.0669e+42 2.4371e+41 2.2871e+42 6.884e+42 6.6482e+41 1.2073e+42 7.127e+41 3.5628e+42 3.2709e+41 2.3731e+41 1.217e+42 6.8341e+41 4.6913e+41 1.862e+42 6.552e+40 1.5804e+41 1.431e+40 8.4858e+39 6.9914e+41 4.581e+41
-1.5 0.3 100.0 -1.4 8.4072e+41 2.0657e+41 1.7959e+42 5.4058e+42 3.2998e+41 5.9313e+41 5.9586e+41 1.7503e+42 1.9495e+41 1.4184e+41 6.5094e+41 4.3117e+41 3.0019e+41 1.6033e+42 2.979e+40 7.1459e+40 6.6985e+39 3.9903e+39 3.402e+41 2.2295e+41
-1.5 0.3 100.0 -1.7 1.7257e+41 1.8051e+41 1.1247e+42 3.3853e+42 6.5709e+40 1.5363e+41 5.2521e+41 4.5337e+41 7.4419e+40 5.485e+40 2.0287e+41 1.6175e+41 1.1592e+41 1.176e+42 7.111e+39 1.6849e+40 1.501e+39 9.679e+38 8.9782e+40 5.8873e+40
-1.5 0.3 100.0 -2.0 5.6663e+40 1.8173e+41 5.3675e+41 1.6156e+42 6.1977e+39 4.8211e+40 5.4634e+41 1.4227e+41 2.4313e+40 1.8659e+40 4.0378e+40 3.7871e+40 2.9225e+40 8.035e+41 1.0485e+39 2.4403e+39 2.1014e+38 3.709e+38 1.3586e+40 8.9679e+39
-1.5 0.3 1000.0 -1.2 2.5595e+42 9.237e+41 1.022e+43 3.0762e+43 1.2509e+42 2.2075e+42 2.6909e+42 6.5142e+42 8.4173e+41 8.121e+41 2.7023e+41 6.6819e+41 3.3961e+41 4.3173e+42 9.0211e+40 2.1515e+41 2.684e+40 1.6897e+40 1.1816e+42 7.9829e+41
-1.5 0.3 1000.0 -1.4 1.2037e+42 8.7272e+41 6.9045e+42 2.0783e+43 4.6665e+41 1.1149e+42 2.567e+42 3.2899e+42 4.5501e+41 4.5707e+41 5.8808e+40 1.9329e+41 1.0279e+41 3.3201e+42 2.7118e+40 6.4467e+40 1.1502e+40 7.525e+39 4.3834e+41 2.9697e+41
-1.5 0.3 1000.0 -1.7 5.0424e+41 7.8236e+41 2.8994e+42 8.7271e+42 7.1231e+40 4.9191e+41 2.3469e+42 1.4516e+42 1.6089e+41 1.863e+41 2.3987e+40 2.8532e+40 2.1482e+40 1.9276e+42 2.5656e+39 6.0945e+39 2.524e+39 2.2388e+39 5.8276e+40 3.9735e+40
-1.5 0.3 1000.0 -2.0 2.6661e+41 6.7108e+41 9.5199e+41 2.8655e+42 1.7781e+40 3.0415e+41 2.0529e+42 8.9754e+41 7.8136e+40 1.0197e+41 1.7754e+40 1.6461e+40 1.4417e+40 9.9465e+41 2.3419e+38 5.5863e+38 4.1571e+38 1.1599e+39 5.5214e+39 3.8756e+39
-1.5 0.3 10000.0 -1.2 3.9867e+42 2.2636e+42 1.2919e+43 3.8887e+43 2.3382e+42 6.9772e+42 6.6809e+42 2.059e+43 1.2574e+42 2.0867e+42 1.6351e+40 5.2776e+40 3.4655e+40 4.6101e+42 2.2891e+40 5.5882e+40 3.9763e+40 3.8134e+40 4.3914e+41 3.9777e+41
-1.5 0.3 10000.0 -1.4 2.5288e+42 2.0154e+42 8.593e+42 2.5865e+43 9.245e+41 4.783e+42 5.9708e+42 1.4115e+43 6.8689e+41 1.2039e+42 1.5025e+40 2.602e+40 1.9756e+40 3.4081e+42 8.6316e+39 2.1091e+40 1.8792e+40 1.8463e+40 1.8302e+41 1.676e+41
-1.5 0.3 10000.0 -1.7 1.4238e+42 1.5781e+42 3.8808e+42 1.1681e+43 2.561e+41 3.1595e+42 4.7056e+42 9.3237e+42 3.2926e+41 6.3108e+41 9.9674e+39 1.4596e+40 1.2531e+40 1.8621e+42 1.5851e+39 3.8826e+39 4.4111e+39 4.6224e+39 4.0143e+40 3.7293e+40
-1.5 0.3 10000.0 -2.0 8.4683e+41 1.172e+42 1.4989e+42 4.5116e+42 1.0752e+41 2.2664e+42 3.5134e+42 6.6881e+42 2.0885e+41 4.1908e+41 3.1543e+39 1.0538e+40 9.3626e+39 9.1249e+41 2.6528e+38 6.5134e+38 8.0233e+38 9.6988e+38 8.2273e+39 7.7419e+39
-1.5 0.5 100.0 -1.2 2.5967e+42 1.9137e+41 1.3756e+42 4.1406e+42 7.5718e+41 1.7168e+42 5.8402e+41 5.0662e+42 4.352e+41 3.1265e+41 1.4428e+42 6.1386e+41 4.4696e+41 1.3083e+42 7.3222e+40 1.7868e+41 7.4322e+39 4.4016e+39 7.5605e+41 4.9532e+41
-1.5 0.5 100.0 -1.4 1.2826e+42 1.4764e+41 1.1676e+42 3.5143e+42 4.3926e+41 9.6598e+41 4.3306e+41 2.8506e+42 2.6492e+41 1.9065e+41 8.2311e+41 4.232e+41 3.1154e+41 1.1582e+42 4.0882e+40 9.9594e+40 4.573e+39 2.7106e+39 4.4329e+41 2.9046e+41
-1.5 0.5 100.0 -1.7 3.361e+41 1.1547e+41 8.5787e+41 2.5822e+42 1.415e+41 3.1704e+41 3.3089e+41 9.3557e+41 1.1754e+41 8.5372e+40 2.8483e+41 1.9364e+41 1.4499e+41 8.9545e+41 1.383e+40 3.3528e+40 1.6685e+39 9.9668e+38 1.5905e+41 1.0424e+41
-1.5 0.5 100.0 -2.0 8.9574e+40 1.062e+41 5.5571e+41 1.6727e+42 2.615e+40 9.6006e+40 3.0906e+41 2.8331e+41 4.8267e+40 3.5846e+40 7.5029e+40 6.7436e+40 5.1814e+40 6.2585e+41 3.6671e+39 8.8211e+39 4.5276e+38 2.9794e+38 4.6633e+40 3.0585e+40
-1.5 0.5 1000.0 -1.2 3.2279e+42 6.6568e+41 7.3535e+42 2.2134e+43 1.5898e+42 3.1827e+42 1.923e+42 9.3921e+42 1.0997e+42 1.0102e+42 4.7027e+41 6.4547e+41 4.6842e+41 3.7782e+42 1.274e+41 3.0914e+41 1.834e+40 1.1398e+40 1.4571e+42 9.8228e+41
-1.5 0.5 1000.0 -1.4 1.5736e+42 6.1442e+41 5.5857e+42 1.6813e+43 7.431e+41 1.6844e+42 1.781e+42 4.9707e+42 6.6259e+41 6.2721e+41 1.461e+41 2.77e+41 1.9285e+41 2.9803e+42 5.2361e+40 1.2678e+41 9.3954e+39 5.8995e+39 6.9229e+41 4.677e+41
-1.5 0.5 1000.0 -1.7 6.2417e+41 5.5454e+41 2.9477e+42 8.8726e+42 1.5829e+41 7.1973e+41 1.633e+42 2.1239e+42 2.7576e+41 2.8987e+41 3.1856e+40 5.2303e+40 3.7862e+40 1.7973e+42 8.5939e+39 2.0772e+40 3.046e+39 2.033e+39 1.5446e+41 1.0476e+41
-1.5 0.5 1000.0 -2.0 3.2877e+41 4.9191e+41 1.2489e+42 3.7593e+42 3.5702e+40 4.3437e+41 1.4757e+42 1.2818e+42 1.299e+41 1.5724e+41 2.0464e+40 1.8863e+40 1.7099e+40 9.5212e+41 1.0251e+39 2.4804e+39 8.4616e+38 7.452e+38 2.4492e+40 1.6708e+40
-1.5 0.5 10000.0 -1.2 4.0458e+42 1.894e+42 1.0865e+43 3.2702e+43 2.8339e+42 8.2955e+42 5.539e+42 2.448e+43 1.7865e+42 2.7556e+42 1.8093e+40 7.2345e+40 4.6258e+40 4.5304e+42 3.3281e+40 8.1537e+40 2.3324e+40 2.193e+40 5.3635e+41 4.7969e+41
-1.5 0.5 10000.0 -1.4 2.5842e+42 1.7122e+42 7.3698e+42 2.2183e+43 1.2426e+42 5.7828e+42 5.0266e+42 1.7065e+43 1.0351e+42 1.6821e+42 1.5515e+40 3.1807e+40 2.2658e+40 3.3715e+42 1.2933e+40 3.17e+40 1.1418e+40 1.0944e+40 2.3022e+41 2.0825e+41
-1.5 0.5 10000.0 -1.7 1.4434e+42 1.3798e+42 3.3945e+42 1.0218e+43 3.8169e+41 3.7902e+42 4.0808e+42 1.1185e+43 4.893e+41 8.8127e+41 9.9646e+39 1.4616e+40 1.2307e+40 1.8561e+42 2.3662e+39 5.808e+39 2.741e+39 2.7455e+39 5.1138e+40 4.6947e+40
-1.5 0.5 10000.0 -2.0 8.5562e+41 1.0538e+42 1.3243e+42 3.9862e+42 1.6362e+41 2.6977e+42 3.1385e+42 7.9609e+42 3.0799e+41 5.8146e+41 3.0671e+39 1.0135e+40 8.9129e+39 9.1475e+41 3.7365e+38 9.1864e+38 4.895e+38 5.3718e+38 1.0336e+40 9.6077e+39
