# log(Us)  xid nh alpha [OII]3727 Hbeta [OIII]4959 [OIII]5007 [OI]6300 [NII]6548 Halpha [NII]6584 [SII]6717 [SII]6731 NV1240 CIV1548 CIV1551 HeII1640 OIII]1661 OIII]1666 [SiIII]1883 SiIII]1888 [CIII]1907 CIII]1910 
-2.5 0.1 100.0 -1.2 6.8065e+42 2.4181e+42 1.1353e+43 3.4174e+43 8.6834e+41 4.5399e+41 7.1258e+42 1.3397e+42 7.3755e+41 5.54e+41 3.1081e+41 2.1486e+42 1.0989e+42 5.2176e+42 1.3932e+41 3.4022e+41 2.4196e+41 1.4389e+41 2.291e+42 1.5011e+42
-2.5 0.1 100.0 -1.4 4.8994e+42 2.0881e+42 8.383e+42 2.5233e+43 3.7164e+41 3.2052e+41 6.1408e+42 9.4586e+41 5.402e+41 4.1141e+41 1.7234e+41 1.1363e+42 5.8207e+41 3.848e+42 6.827e+40 1.664e+41 1.3953e+41 8.3473e+40 1.2386e+42 8.1168e+41
-2.5 0.1 100.0 -1.7 2.8553e+42 1.5694e+42 4.5691e+42 1.3753e+43 1.5129e+41 1.9598e+41 4.634e+42 5.7833e+41 3.4672e+41 2.6672e+41 7.0639e+40 3.7512e+41 1.9813e+41 2.1171e+42 2.0452e+40 4.9763e+40 5.3597e+40 3.2949e+40 4.3459e+41 2.8486e+41
-2.5 0.1 100.0 -2.0 1.6081e+42 1.133e+42 2.2814e+42 6.8671e+42 8.3622e+40 1.1892e+41 3.3744e+42 3.5093e+41 2.2289e+41 1.7156e+41 3.4772e+40 1.1524e+41 6.7566e+40 1.0641e+42 5.8432e+39 1.4186e+40 1.9528e+40 1.3103e+40 1.4562e+41 9.5519e+40
-2.5 0.1 1000.0 -1.2 7.1212e+42 2.605e+42 1.363e+43 4.1026e+43 1.099e+42 5.5506e+41 7.6268e+42 1.638e+42 6.5226e+41 6.87e+41 1.7051e+41 2.4521e+42 1.2481e+42 5.2852e+42 1.8752e+41 4.5795e+41 3.3874e+41 2.0978e+41 3.0093e+42 2.0239e+42
-2.5 0.1 1000.0 -1.4 5.2976e+42 2.2663e+42 1.0523e+43 3.1674e+43 4.8854e+41 3.9332e+41 6.6152e+42 1.1607e+42 4.5647e+41 5.1441e+41 7.2117e+40 1.2158e+42 6.226e+41 3.8901e+42 9.9082e+40 2.4169e+41 2.1874e+41 1.3617e+41 1.758e+42 1.1835e+42
-2.5 0.1 1000.0 -1.7 3.3047e+42 1.7239e+42 6.248e+42 1.8806e+43 1.9293e+41 2.5067e+41 5.0416e+42 7.3973e+41 2.8786e+41 3.451e+41 2.6852e+40 3.1264e+41 1.6852e+41 2.131e+42 3.2736e+40 7.976e+40 1.0482e+41 6.6259e+40 6.9503e+41 4.6859e+41
-2.5 0.1 1000.0 -2.0 2.0422e+42 1.2571e+42 3.4254e+42 1.031e+43 1.1008e+41 1.6661e+41 3.697e+42 4.9167e+41 1.9745e+41 2.4011e+41 1.6404e+40 7.1936e+40 4.5138e+40 1.0653e+42 9.8483e+39 2.3997e+40 4.8775e+40 3.1869e+40 2.532e+41 1.7097e+41
-2.5 0.1 10000.0 -1.2 7.6935e+42 3.0226e+42 1.4742e+43 4.4375e+43 2.5663e+42 1.2127e+42 8.8361e+42 3.5786e+42 6.573e+41 1.0855e+42 1.3273e+40 4.9465e+41 2.5866e+41 4.9729e+42 1.5802e+41 3.8805e+41 5.7792e+41 5.0444e+41 2.8092e+42 2.3898e+42
-2.5 0.1 10000.0 -1.4 6.0749e+42 2.614e+42 1.1232e+43 3.3809e+43 1.3854e+42 9.1697e+41 7.6042e+42 2.706e+42 4.5948e+41 8.0046e+41 9.5704e+39 2.0105e+41 1.0886e+41 3.6729e+42 8.4983e+40 2.0874e+41 3.8237e+41 3.3728e+41 1.6573e+42 1.419e+42
-2.5 0.1 10000.0 -1.7 4.2595e+42 1.9559e+42 6.2051e+42 1.8677e+43 6.0566e+41 6.48e+41 5.6825e+42 1.9123e+42 2.9572e+41 5.5203e+41 3.2153e+39 4.3846e+40 2.8131e+40 1.9999e+42 2.7328e+40 6.7182e+40 1.6495e+41 1.4784e+41 6.3843e+41 5.5086e+41
-2.5 0.1 10000.0 -2.0 2.9867e+42 1.3955e+42 2.9626e+42 8.9173e+42 3.4136e+41 4.9234e+41 4.0638e+42 1.4529e+42 2.1385e+41 4.1497e+41 5.2143e+38 1.5701e+40 1.2554e+40 9.7899e+41 8.0036e+39 1.9694e+40 6.1389e+40 5.5829e+40 2.3251e+41 2.018e+41
-2.5 0.3 100.0 -1.2 7.1074e+42 1.782e+42 9.1875e+42 2.7654e+43 1.6705e+42 5.5334e+41 5.2377e+42 1.6329e+42 1.029e+42 7.5439e+41 4.6152e+41 1.5263e+42 9.1071e+41 4.6612e+42 2.0596e+41 5.0467e+41 1.6915e+41 1.0032e+41 2.6433e+42 1.7318e+42
-2.5 0.3 100.0 -1.4 5.1082e+42 1.4994e+42 7.2029e+42 2.1681e+43 8.1289e+41 3.7222e+41 4.3795e+42 1.0984e+42 7.0539e+41 5.2461e+41 2.7147e+41 9.0389e+41 5.3343e+41 3.4824e+42 1.1395e+41 2.7896e+41 1.0862e+41 6.4555e+40 1.5743e+42 1.0314e+42
-2.5 0.3 100.0 -1.7 2.9939e+42 1.1106e+42 4.2598e+42 1.2822e+43 2.4699e+41 2.1271e+41 3.2465e+42 6.277e+41 4.0199e+41 3.0461e+41 1.1298e+41 3.6158e+41 2.1333e+41 1.9519e+42 3.9443e+40 9.6409e+40 4.7471e+40 2.847e+40 6.2131e+41 4.0714e+41
-2.5 0.3 100.0 -2.0 1.752e+42 8.0637e+41 2.2957e+42 6.91e+42 9.6893e+40 1.2871e+41 2.3733e+42 3.7981e+41 2.4121e+41 1.8476e+41 4.9423e+40 1.3996e+41 8.5198e+40 9.9751e+41 1.2853e+40 3.1365e+40 1.9532e+40 1.2057e+40 2.3322e+41 1.5286e+41
-2.5 0.3 1000.0 -1.2 7.3148e+42 2.0988e+42 1.1524e+43 3.4686e+43 1.912e+42 6.6887e+41 6.1271e+42 1.9738e+42 1.0083e+42 9.5488e+41 2.9608e+41 1.8106e+42 1.0132e+42 4.9796e+42 2.5482e+41 6.2412e+41 2.1529e+41 1.3283e+41 3.247e+42 2.1807e+42
-2.5 0.3 1000.0 -1.4 5.4462e+42 1.8141e+42 9.2631e+42 2.7882e+43 9.5033e+41 4.6576e+41 5.2692e+42 1.3744e+42 6.6774e+41 6.7492e+41 1.3204e+41 1.0623e+42 5.7904e+41 3.7079e+42 1.4602e+41 3.5733e+41 1.4793e+41 9.1566e+40 2.0197e+42 1.3577e+42
-2.5 0.3 1000.0 -1.7 3.4319e+42 1.3971e+42 5.7974e+42 1.745e+43 3.1248e+41 2.8228e+41 4.0625e+42 8.3301e+41 3.738e+41 4.1385e+41 3.749e+40 3.5875e+41 1.9957e+41 2.0644e+42 5.3257e+40 1.3019e+41 7.6254e+40 4.7607e+40 8.6169e+41 5.8007e+41
-2.5 0.3 1000.0 -2.0 2.1931e+42 1.0468e+42 3.3189e+42 9.99e+42 1.3273e+41 1.8625e+41 3.0603e+42 5.4962e+41 2.3249e+41 2.7268e+41 1.8099e+40 9.4769e+40 5.7893e+40 1.0444e+42 1.7183e+40 4.1996e+40 3.7913e+40 2.4096e+40 3.3377e+41 2.2499e+41
-2.5 0.3 10000.0 -1.2 7.9309e+42 2.7928e+42 1.3727e+43 4.1319e+43 3.542e+42 1.4419e+42 8.1552e+42 4.255e+42 1.0846e+42 1.6181e+42 1.5295e+40 5.0504e+41 2.834e+41 4.9286e+42 2.0036e+41 4.9241e+41 3.5201e+41 3.04e+41 2.8582e+42 2.4133e+42
-2.5 0.3 10000.0 -1.4 6.3478e+42 2.4318e+42 1.064e+43 3.2028e+43 2.0078e+42 1.1038e+42 7.0653e+42 3.2572e+42 7.3207e+41 1.1534e+42 1.0181e+40 2.1922e+41 1.2515e+41 3.6495e+42 1.1168e+41 2.7451e+41 2.4186e+41 2.1095e+41 1.7432e+42 1.4813e+42
-2.5 0.3 10000.0 -1.7 4.5583e+42 1.845e+42 6.0256e+42 1.8137e+43 8.6857e+41 7.7213e+41 5.3503e+42 2.2786e+42 4.4085e+41 7.5246e+41 3.2934e+39 5.0051e+40 3.1692e+40 1.9944e+42 3.7577e+40 9.2421e+40 1.1096e+41 9.8197e+40 7.0653e+41 6.0487e+41
-2.5 0.3 10000.0 -2.0 3.3127e+42 1.3349e+42 2.9557e+42 8.8968e+42 4.4229e+41 5.8233e+41 3.8761e+42 1.7185e+42 2.9755e+41 5.3941e+41 5.3354e+38 1.67e+40 1.2877e+40 9.7903e+41 1.1614e+40 2.8586e+40 4.4923e+40 4.024e+40 2.7566e+41 2.3716e+41
-2.5 0.5 100.0 -1.2 6.0831e+42 1.4171e+42 6.5526e+42 1.9723e+43 1.9401e+42 6.1417e+41 4.2041e+42 1.8124e+42 1.3947e+42 1.0052e+42 6.5191e+41 1.4971e+42 1.0919e+42 4.1767e+42 2.4042e+41 5.9054e+41 6.5221e+40 3.864e+40 2.5466e+42 1.6682e+42
-2.5 0.5 100.0 -1.4 4.4521e+42 1.1549e+42 5.4929e+42 1.6534e+43 1.0203e+42 4.077e+41 3.3767e+42 1.2031e+42 9.0077e+41 6.5836e+41 4.0917e+41 9.4365e+41 6.9883e+41 3.1548e+42 1.5629e+41 3.8369e+41 4.8303e+40 2.8641e+40 1.7192e+42 1.1262e+42
-2.5 0.5 100.0 -1.7 2.6498e+42 8.3324e+41 3.5501e+42 1.0686e+43 3.4729e+41 2.2687e+41 2.4185e+42 6.6951e+41 4.8737e+41 3.6316e+41 1.792e+41 4.0816e+41 3.0439e+41 1.7993e+42 6.4515e+40 1.5823e+41 2.4409e+40 1.4521e+40 7.7781e+41 5.0961e+41
-2.5 0.5 100.0 -2.0 1.5747e+42 6.0298e+41 2.0552e+42 6.1862e+42 1.1938e+41 1.3495e+41 1.7556e+42 3.9824e+41 2.7766e+41 2.0996e+41 7.5177e+40 1.7112e+41 1.2817e+41 9.3491e+41 2.3745e+40 5.8171e+40 1.104e+40 6.6336e+39 3.1972e+41 2.095e+41
-2.5 0.5 1000.0 -1.2 6.333e+42 1.7568e+42 8.8226e+42 2.6556e+43 2.1819e+42 7.2878e+41 5.1538e+42 2.1506e+42 1.4569e+42 1.2778e+42 4.7181e+41 1.7288e+42 1.2575e+42 4.6889e+42 3.0356e+41 7.4528e+41 8.3963e+40 5.1648e+40 3.1814e+42 2.1339e+42
-2.5 0.5 1000.0 -1.4 4.7977e+42 1.4986e+42 7.4698e+42 2.2484e+43 1.1631e+42 5.0981e+41 4.3475e+42 1.5044e+42 9.2646e+41 8.6353e+41 2.3051e+41 1.063e+42 7.7295e+41 3.5279e+42 1.9426e+41 4.7666e+41 6.314e+40 3.8923e+40 2.1572e+42 1.4482e+42
-2.5 0.5 1000.0 -1.7 3.085e+42 1.1571e+42 4.9843e+42 1.5003e+43 4.1955e+41 3.1038e+41 3.3452e+42 9.1594e+41 4.9861e+41 5.0887e+41 6.0545e+40 4.2137e+41 2.9521e+41 1.9947e+42 8.0184e+40 1.966e+41 3.551e+40 2.2002e+40 1.01e+42 6.789e+41
-2.5 0.5 1000.0 -2.0 2.0221e+42 8.8449e+41 2.9999e+42 9.0298e+42 1.6383e+41 2.0473e+41 2.5676e+42 6.0417e+41 2.9723e+41 3.2557e+41 2.1569e+40 1.3575e+41 9.2085e+40 1.0207e+42 2.8577e+40 7.0043e+40 1.8923e+40 1.1834e+40 4.205e+41 2.8302e+41
-2.5 0.5 10000.0 -1.2 6.9661e+42 2.5838e+42 1.1749e+43 3.5364e+43 3.6705e+42 1.5559e+42 7.5601e+42 4.5915e+42 1.6158e+42 2.1879e+42 1.968e+40 6.0909e+41 3.4018e+41 4.869e+42 2.4415e+41 6.0053e+41 1.3811e+41 1.1786e+41 2.8171e+42 2.3609e+42
-2.5 0.5 10000.0 -1.4 5.6894e+42 2.2602e+42 9.3255e+42 2.807e+43 2.1587e+42 1.2247e+42 6.5643e+42 3.6141e+42 1.0637e+42 1.529e+42 1.1614e+40 2.8085e+41 1.5618e+41 3.6143e+42 1.4343e+41 3.5282e+41 9.9496e+40 8.5701e+40 1.7909e+42 1.5103e+42
-2.5 0.5 10000.0 -1.7 4.1976e+42 1.7379e+42 5.4234e+42 1.6324e+43 9.7401e+41 8.7873e+41 5.0316e+42 2.5931e+42 6.2907e+41 9.812e+41 3.4832e+39 6.2948e+40 3.7962e+40 1.9824e+42 5.06e+40 1.2452e+41 4.8282e+40 4.2181e+40 7.5337e+41 6.4044e+41
-2.5 0.5 10000.0 -2.0 3.1313e+42 1.2728e+42 2.7094e+42 8.1553e+42 4.8799e+41 6.673e+41 3.6864e+42 1.9692e+42 4.1558e+41 6.9096e+41 5.563e+38 1.8372e+40 1.3455e+40 9.7633e+41 1.603e+40 3.9471e+40 2.0522e+40 1.8136e+40 3.016e+41 2.5775e+41
-2.0 0.1 100.0 -1.2 3.4787e+42 1.7952e+42 1.0934e+43 3.2912e+43 8.3984e+41 2.6699e+41 5.2211e+42 7.8789e+41 4.7953e+41 3.5214e+41 6.2473e+41 3.0957e+42 1.5287e+42 5.0722e+42 2.4245e+41 5.8602e+41 2.4043e+41 1.4302e+41 2.5595e+42 1.6769e+42
-2.0 0.1 100.0 -1.4 2.3385e+42 1.548e+42 8.3937e+42 2.5265e+43 2.9156e+41 1.5265e+41 4.4951e+42 4.5046e+41 2.917e+41 2.185e+41 3.4012e+41 1.7484e+42 8.6738e+41 3.7318e+42 1.2224e+41 2.9464e+41 1.4487e+41 8.6761e+40 1.408e+42 9.2255e+41
-2.0 0.1 100.0 -1.7 1.3639e+42 1.1916e+42 4.8593e+42 1.4627e+43 6.4299e+40 8.1964e+40 3.4801e+42 2.4188e+41 1.5582e+41 1.1974e+41 1.2176e+41 6.3946e+41 3.2107e+41 2.0617e+42 3.849e+40 9.2193e+40 6.1761e+40 3.8075e+40 5.1751e+41 3.392e+41
-2.0 0.1 100.0 -2.0 8.1471e+41 8.972e+41 2.582e+42 7.7718e+42 3.49e+40 5.1133e+40 2.646e+42 1.5089e+41 1.0083e+41 7.7743e+40 4.4954e+40 2.0512e+41 1.1057e+41 1.0447e+42 1.1743e+40 2.7958e+40 2.5713e+40 1.7246e+40 1.8741e+41 1.2295e+41
-2.0 0.1 1000.0 -1.2 4.3582e+42 2.3462e+42 1.5316e+43 4.6102e+43 1.1915e+42 4.1736e+41 6.8046e+42 1.2316e+42 5.5747e+41 5.3583e+41 2.891e+41 3.721e+42 1.7953e+42 5.4411e+42 3.0351e+41 7.3457e+41 3.4361e+41 2.1274e+41 3.5773e+42 2.4033e+42
-2.0 0.1 1000.0 -1.4 3.1515e+42 2.0755e+42 1.1935e+43 3.5925e+43 4.6647e+41 2.5216e+41 6.0166e+42 7.4412e+41 3.3135e+41 3.4572e+41 1.0868e+41 1.8293e+42 8.9277e+41 3.9711e+42 1.5426e+41 3.726e+41 2.2773e+41 1.4192e+41 2.0968e+42 1.4105e+42
-2.0 0.1 1000.0 -1.7 2.0836e+42 1.6279e+42 7.0942e+42 2.1353e+43 1.2227e+41 1.4705e+41 4.7421e+42 4.3395e+41 1.7752e+41 2.0867e+41 3.1875e+40 4.2834e+41 2.2112e+41 2.154e+42 4.6633e+40 1.1258e+41 1.1622e+41 7.3767e+40 8.2608e+41 5.5672e+41
-2.0 0.1 1000.0 -2.0 1.4345e+42 1.219e+42 3.8451e+42 1.1574e+43 6.932e+40 1.0737e+41 3.5732e+42 3.1686e+41 1.2691e+41 1.5485e+41 1.7743e+40 8.5982e+40 5.249e+40 1.0705e+42 1.2916e+40 3.126e+40 5.6473e+40 3.7181e+40 2.9528e+41 1.9935e+41
-2.0 0.1 10000.0 -1.2 7.5212e+42 3.0642e+42 1.5476e+43 4.6584e+43 3.0167e+42 1.2809e+42 8.9506e+42 3.78e+42 7.4866e+41 1.1925e+42 1.3982e+40 5.2954e+41 2.7697e+41 5.0122e+42 1.7143e+41 4.208e+41 6.0725e+41 5.2942e+41 2.9848e+42 2.5365e+42
-2.0 0.1 10000.0 -1.4 5.8673e+42 2.6399e+42 1.1703e+43 3.5225e+43 1.5219e+42 9.1803e+41 7.6784e+42 2.7091e+42 4.7958e+41 8.1386e+41 1.0043e+40 2.1191e+41 1.146e+41 3.6874e+42 9.0771e+40 2.2288e+41 3.9966e+41 3.5226e+41 1.7374e+42 1.4867e+42
-2.0 0.1 10000.0 -1.7 4.1576e+42 1.9666e+42 6.3844e+42 1.9217e+43 6.0632e+41 6.3181e+41 5.7099e+42 1.8645e+42 2.898e+41 5.3622e+41 3.3729e+39 4.514e+40 2.888e+40 1.9971e+42 2.8574e+40 7.0232e+40 1.7058e+41 1.5281e+41 6.5926e+41 5.6866e+41
-2.0 0.1 10000.0 -2.0 2.9576e+42 1.3963e+42 3.0151e+42 9.0754e+42 3.3334e+41 4.8453e+41 4.063e+42 1.4298e+42 2.0872e+41 4.0443e+41 5.3628e+38 1.593e+40 1.2764e+40 9.7347e+41 8.247e+39 2.0292e+40 6.2855e+40 5.7144e+40 2.3788e+41 2.0641e+41
-2.0 0.3 100.0 -1.2 3.7355e+42 1.1128e+42 6.1333e+42 1.8461e+43 1.6041e+42 3.8097e+41 3.2921e+42 1.1242e+42 7.0453e+41 5.0435e+41 8.4229e+41 1.6396e+42 1.0414e+42 3.9477e+42 2.7732e+41 6.7772e+41 1.2558e+41 7.4426e+40 2.5682e+42 1.6822e+42
-2.0 0.3 100.0 -1.4 2.3705e+42 8.8416e+41 5.2698e+42 1.5862e+43 7.6748e+41 2.0795e+41 2.5678e+42 6.1367e+41 4.1213e+41 2.985e+41 5.0705e+41 1.0702e+42 6.5596e+41 3.006e+42 1.7586e+41 4.2893e+41 9.0979e+40 5.401e+40 1.6515e+42 1.0819e+42
-2.0 0.3 100.0 -1.7 1.2541e+42 6.4708e+41 3.5658e+42 1.0733e+43 1.9719e+41 8.9294e+40 1.8655e+42 2.6351e+41 1.8889e+41 1.4027e+41 2.027e+41 4.7206e+41 2.8309e+41 1.7534e+42 6.7614e+40 1.6427e+41 4.4633e+40 2.67e+40 6.9183e+41 4.5329e+41
-2.0 0.3 100.0 -2.0 7.4249e+41 4.9722e+41 2.1494e+42 6.4698e+42 4.533e+40 4.8815e+40 1.4432e+42 1.4405e+41 9.8649e+40 7.5117e+40 7.417e+40 1.9154e+41 1.1425e+41 9.3415e+41 2.2813e+40 5.5149e+40 2.0334e+40 1.249e+40 2.6916e+41 1.7641e+41
-2.0 0.3 1000.0 -1.2 4.622e+42 1.7406e+42 1.1462e+43 3.4501e+43 2.0013e+42 5.208e+41 5.0591e+42 1.5369e+42 9.0454e+41 7.9179e+41 4.9933e+41 2.1919e+42 1.2092e+42 4.9866e+42 3.8327e+41 9.3461e+41 1.978e+41 1.2185e+41 3.7229e+42 2.4971e+42
-2.0 0.3 1000.0 -1.4 3.2785e+42 1.5194e+42 9.5935e+42 2.8876e+43 9.7255e+41 3.2332e+41 4.3847e+42 9.5411e+41 5.4077e+41 5.0075e+41 2.0701e+41 1.3326e+42 6.936e+41 3.7179e+42 2.1678e+41 5.2776e+41 1.4167e+41 8.7616e+40 2.3412e+42 1.5723e+42
-2.0 0.3 1000.0 -1.7 2.1292e+42 1.2254e+42 6.2287e+42 1.8748e+43 2.8185e+41 1.7724e+41 3.5454e+42 5.2302e+41 2.6401e+41 2.7444e+41 4.7256e+40 4.408e+41 2.3724e+41 2.0721e+42 7.3375e+40 1.7842e+41 7.8747e+40 4.9206e+40 9.9419e+41 6.6892e+41
-2.0 0.3 1000.0 -2.0 1.5042e+42 9.643e+41 3.5971e+42 1.0827e+43 9.4427e+40 1.2062e+41 2.8112e+42 3.5595e+41 1.5668e+41 1.8044e+41 1.9691e+40 1.0846e+41 6.5741e+40 1.0464e+42 2.1775e+40 5.2993e+40 4.1488e+40 2.646e+40 3.7655e+41 2.5378e+41
-2.0 0.3 10000.0 -1.2 7.7679e+42 2.8098e+42 1.4349e+43 4.3189e+43 4.1508e+42 1.5203e+42 8.2016e+42 4.4864e+42 1.2784e+42 1.8368e+42 1.6166e+40 5.3578e+41 3.0319e+41 4.9648e+42 2.165e+41 5.3189e+41 3.6696e+41 3.1655e+41 3.0242e+42 2.5505e+42
-2.0 0.3 10000.0 -1.4 6.137e+42 2.4375e+42 1.1051e+43 3.3262e+43 2.2423e+42 1.1187e+42 7.0804e+42 3.3012e+42 8.0095e+41 1.2198e+42 1.0673e+40 2.3029e+41 1.3198e+41 3.6632e+42 1.189e+41 2.9217e+41 2.5112e+41 2.1885e+41 1.8203e+42 1.5457e+42
-2.0 0.3 10000.0 -1.7 4.4365e+42 1.8443e+42 6.1876e+42 1.8625e+43 8.9843e+41 7.5935e+41 5.3486e+42 2.2408e+42 4.4503e+41 7.4668e+41 3.4464e+39 5.16e+40 3.261e+40 1.9916e+42 3.9189e+40 9.6373e+40 1.1412e+41 1.0096e+41 7.2621e+41 6.2158e+41
-2.0 0.3 10000.0 -2.0 3.2675e+42 1.3318e+42 3.005e+42 9.0451e+42 4.3829e+41 5.7328e+41 3.8669e+42 1.6917e+42 2.9335e+41 5.2893e+41 5.4815e+38 1.6972e+40 1.3119e+40 9.7349e+41 1.1946e+40 2.9402e+40 4.58e+40 4.1016e+40 2.8082e+41 2.4157e+41
-2.0 0.5 100.0 -1.2 3.1096e+42 8.7542e+41 3.2589e+42 9.8093e+42 1.6455e+42 4.3309e+41 2.6858e+42 1.278e+42 9.1083e+41 6.4478e+41 1.0052e+42 1.3559e+42 1.0473e+42 3.187e+42 2.0516e+41 5.0345e+41 3.059e+40 1.8114e+40 1.8278e+42 1.1972e+42
-2.0 0.5 100.0 -1.4 2.0024e+42 6.5401e+41 3.0082e+42 9.0546e+42 8.7115e+41 2.4098e+41 1.946e+42 7.1114e+41 5.3655e+41 3.825e+41 6.7957e+41 9.5431e+41 7.4867e+41 2.4822e+42 1.6168e+41 3.964e+41 2.7696e+40 1.641e+40 1.3938e+42 9.1297e+41
-2.0 0.5 100.0 -1.7 1.0523e+42 4.41e+41 2.3602e+42 7.1041e+42 2.7666e+41 9.9701e+40 1.273e+42 2.9422e+41 2.3397e+41 1.7012e+41 3.1127e+41 4.6606e+41 3.6757e+41 1.5088e+42 8.7752e+40 2.1473e+41 1.8193e+40 1.0806e+40 7.5161e+41 4.9237e+41
-2.0 0.5 100.0 -2.0 6.1497e+41 3.301e+41 1.6306e+42 4.9081e+42 7.7671e+40 5.0433e+40 9.4766e+41 1.4883e+41 1.165e+41 8.679e+40 1.2168e+41 2.0992e+41 1.594e+41 8.3836e+41 3.6304e+40 8.8596e+40 9.4964e+39 5.689e+39 3.3638e+41 2.2039e+41
-2.0 0.5 1000.0 -1.2 3.9979e+42 1.4252e+42 7.8469e+42 2.3619e+43 2.1071e+42 5.6578e+41 4.2053e+42 1.6696e+42 1.2334e+42 1.0217e+42 7.6688e+41 1.9342e+42 1.4942e+42 4.5897e+42 3.9756e+41 9.7399e+41 6.7724e+40 4.1588e+40 3.3712e+42 2.2584e+42
-2.0 0.5 1000.0 -1.4 2.8862e+42 1.2082e+42 7.1174e+42 2.1423e+43 1.1213e+42 3.5423e+41 3.4983e+42 1.0453e+42 7.5684e+41 6.5372e+41 3.6124e+41 1.2036e+42 9.2204e+41 3.4843e+42 2.653e+41 6.4929e+41 5.5431e+40 3.4122e+40 2.384e+42 1.5987e+42
-2.0 0.5 1000.0 -1.7 1.9062e+42 9.7325e+41 5.1185e+42 1.5407e+43 3.8402e+41 1.9834e+41 2.7991e+42 5.853e+41 3.6626e+41 3.5017e+41 8.0943e+40 4.736e+41 3.4607e+41 1.9897e+42 1.0649e+41 2.6033e+41 3.4641e+40 2.1453e+40 1.1388e+42 7.65e+41
-2.0 0.5 1000.0 -2.0 1.377e+42 7.8918e+41 3.1716e+42 9.5464e+42 1.3722e+41 1.3538e+41 2.2823e+42 3.9951e+41 2.1301e+41 2.2513e+41 2.3997e+40 1.5125e+41 1.0539e+41 1.0207e+42 3.5335e+40 8.6391e+40 1.9896e+40 1.2455e+40 4.6718e+41 3.1435e+41
-2.0 0.5 10000.0 -1.2 6.7966e+42 2.5886e+42 1.2241e+43 3.6845e+43 4.2096e+42 1.6023e+42 7.5796e+42 4.7283e+42 1.8712e+42 2.4491e+42 2.0934e+40 6.5042e+41 3.6557e+41 4.9037e+42 2.6301e+41 6.4676e+41 1.4319e+41 1.2206e+41 2.973e+42 2.4886e+42
-2.0 0.5 10000.0 -1.4 5.4963e+42 2.2554e+42 9.6633e+42 2.9087e+43 2.3967e+42 1.2301e+42 6.5508e+42 3.6299e+42 1.177e+42 1.6323e+42 1.2187e+40 2.9645e+41 1.6523e+41 3.6273e+42 1.5239e+41 3.7479e+41 1.0287e+41 8.8534e+40 1.8679e+42 1.5741e+42
-2.0 0.5 10000.0 -1.7 4.0806e+42 1.7304e+42 5.5619e+42 1.6741e+43 1.0197e+42 8.6639e+41 5.0093e+42 2.5567e+42 6.4433e+41 9.8478e+41 3.637e+39 6.4984e+40 3.9132e+40 1.9798e+42 5.2643e+40 1.2954e+41 4.9465e+40 4.3198e+40 7.7272e+41 6.5673e+41
-2.0 0.5 10000.0 -2.0 3.0845e+42 1.2673e+42 2.7534e+42 8.2878e+42 4.9148e+41 6.582e+41 3.671e+42 1.9423e+42 4.1542e+41 6.8378e+41 5.7095e+38 1.8698e+40 1.3731e+40 9.7088e+41 1.6465e+40 4.0539e+40 2.0869e+40 1.8439e+40 3.0665e+41 2.6205e+41
-3.5 0.1 100.0 -1.2 1.4101e+43 2.7495e+42 5.1453e+42 1.5487e+43 1.3829e+42 1.1629e+42 8.2386e+42 3.4318e+42 2.4623e+42 1.8691e+42 3.9387e+40 2.8354e+41 1.5013e+41 4.3275e+42 2.2159e+40 5.4544e+40 1.1381e+41 6.7609e+40 6.5793e+41 4.3115e+41
-3.5 0.1 100.0 -1.4 1.0531e+43 2.4458e+42 3.8391e+42 1.1556e+43 9.6938e+41 9.3171e+41 7.3129e+42 2.7495e+42 2.0458e+42 1.5572e+42 3.1236e+40 1.5452e+41 8.5775e+40 3.2955e+42 1.1384e+40 2.8021e+40 6.6101e+40 3.9384e+40 3.7259e+41 2.4418e+41
-3.5 0.1 100.0 -1.7 5.9981e+42 1.8601e+42 2.1087e+42 6.347e+42 5.2868e+41 5.9379e+41 5.5686e+42 1.7523e+42 1.3614e+42 1.0391e+42 2.3304e+40 5.9759e+40 3.8152e+40 1.8819e+42 3.5213e+39 8.6662e+39 2.4578e+40 1.4823e+40 1.3493e+41 8.8443e+40
-3.5 0.1 100.0 -2.0 3.171e+42 1.3337e+42 1.0393e+42 3.1284e+42 2.7078e+41 3.5216e+41 4.0104e+42 1.0392e+42 8.3059e+41 6.3556e+41 1.7458e+40 2.8063e+40 2.1472e+40 9.7123e+41 9.7032e+38 2.3878e+39 8.14e+39 5.1069e+39 4.38e+40 2.8721e+40
-3.5 0.1 1000.0 -1.2 1.5134e+43 2.7781e+42 6.3108e+42 1.8996e+43 1.6347e+42 1.3154e+42 8.2448e+42 3.8819e+42 1.9385e+42 2.202e+42 2.9183e+40 3.6586e+41 1.9169e+41 4.2911e+42 3.7934e+40 9.3378e+40 1.925e+41 1.1944e+41 1.0079e+42 6.7915e+41
-3.5 0.1 1000.0 -1.4 1.175e+43 2.4651e+42 4.9282e+42 1.4834e+43 1.1518e+42 1.0788e+42 7.2886e+42 3.1836e+42 1.6125e+42 1.8644e+42 2.1659e+40 1.9807e+41 1.0744e+41 3.263e+42 2.191e+40 5.393e+40 1.2523e+41 7.7901e+40 6.2522e+41 4.2156e+41
-3.5 0.1 1000.0 -1.7 7.1546e+42 1.872e+42 2.9431e+42 8.8588e+42 6.4201e+41 7.1759e+41 5.5294e+42 2.1176e+42 1.0926e+42 1.2862e+42 1.4781e+40 6.8712e+40 4.1894e+40 1.8583e+42 8.2873e+39 2.0396e+40 5.6754e+40 3.5547e+40 2.6411e+41 1.7826e+41
-3.5 0.1 1000.0 -2.0 4.102e+42 1.3422e+42 1.6081e+42 4.8405e+42 3.4146e+41 4.4917e+41 3.9724e+42 1.3255e+42 6.8937e+41 8.2294e+41 8.7573e+39 2.671e+40 1.9859e+40 9.5585e+41 2.8621e+39 7.0438e+39 2.3692e+40 1.5064e+40 1.0178e+41 6.8769e+40
-3.5 0.1 10000.0 -1.2 1.0304e+43 2.8425e+42 7.7212e+42 2.3241e+43 2.357e+42 1.5437e+42 8.337e+42 4.5553e+42 9.4939e+41 1.7109e+42 5.5753e+39 1.6425e+41 8.7881e+40 4.153e+42 6.1098e+40 1.5043e+41 3.0748e+41 2.708e+41 1.3555e+42 1.158e+42
-3.5 0.1 10000.0 -1.4 8.2808e+42 2.5195e+42 6.113e+42 1.84e+43 1.6511e+42 1.2931e+42 7.3548e+42 3.8159e+42 7.6318e+41 1.4084e+42 3.6248e+39 8.0794e+40 4.6055e+40 3.1439e+42 3.6626e+40 9.0178e+40 2.0973e+41 1.8618e+41 8.7144e+41 7.48e+41
-3.5 0.1 10000.0 -1.7 5.4181e+42 1.9143e+42 3.6223e+42 1.0903e+43 9.3624e+41 9.0835e+41 5.574e+42 2.6806e+42 5.132e+41 9.7163e+41 1.1027e+39 2.5793e+40 1.785e+40 1.7648e+42 1.3854e+40 3.4115e+40 9.6887e+40 8.7081e+40 3.7885e+41 3.2732e+41
-3.5 0.1 10000.0 -2.0 3.3963e+42 1.3728e+42 1.8613e+42 5.6026e+42 5.2771e+41 6.1415e+41 3.9988e+42 1.8123e+42 3.3775e+41 6.4916e+41 2.0377e+38 1.2312e+40 9.9808e+39 8.8313e+41 4.6105e+39 1.1356e+40 3.9072e+40 3.5555e+40 1.508e+41 1.3103e+41
-3.5 0.3 100.0 -1.2 1.7603e+43 2.5919e+42 5.3431e+42 1.6083e+43 2.1323e+42 1.4725e+42 7.7033e+42 4.3454e+42 3.4169e+42 2.5671e+42 5.2456e+40 3.3944e+41 1.8048e+41 4.2635e+42 3.648e+40 8.9821e+40 9.5626e+40 5.6734e+40 8.8154e+41 5.7762e+41
-3.5 0.3 100.0 -1.4 1.3861e+43 2.3069e+42 4.1249e+42 1.2416e+43 1.462e+42 1.208e+42 6.8407e+42 3.565e+42 2.8332e+42 2.1384e+42 3.9721e+40 2.0294e+41 1.1126e+41 3.25e+42 2.0621e+40 5.0769e+40 6.088e+40 3.6171e+40 5.4831e+41 3.5929e+41
-3.5 0.3 100.0 -1.7 8.5958e+42 1.7545e+42 2.3983e+42 7.219e+42 7.9646e+41 8.0471e+41 5.205e+42 2.3747e+42 1.9111e+42 1.4496e+42 2.7217e+40 8.6053e+40 5.1735e+40 1.858e+42 7.4635e+39 1.8374e+40 2.6294e+40 1.5701e+40 2.3206e+41 1.5207e+41
-3.5 0.3 100.0 -2.0 4.9944e+42 1.2573e+42 1.2647e+42 3.8068e+42 4.3019e+41 5.036e+41 3.7412e+42 1.4861e+42 1.2108e+42 9.2143e+41 1.9441e+40 3.9216e+40 2.7302e+40 9.5952e+41 2.4622e+39 6.061e+39 1.0374e+40 6.2803e+39 9.0254e+40 5.9153e+40
-3.5 0.3 1000.0 -1.2 1.7391e+43 2.6335e+42 6.2411e+42 1.8786e+43 2.3771e+42 1.5917e+42 7.7681e+42 4.6971e+42 2.7097e+42 2.8991e+42 4.0207e+40 4.1934e+41 2.2133e+41 4.2416e+42 5.4615e+40 1.3447e+41 1.3943e+41 8.6301e+40 1.1876e+42 7.9924e+41
-3.5 0.3 1000.0 -1.4 1.3964e+43 2.3399e+42 4.9671e+42 1.4951e+43 1.6265e+42 1.3222e+42 6.8782e+42 3.9018e+42 2.2126e+42 2.4294e+42 2.7593e+40 2.4904e+41 1.3454e+41 3.2293e+42 3.3385e+40 8.2196e+40 9.5602e+40 5.928e+40 7.7992e+41 5.2516e+41
-3.5 0.3 1000.0 -1.7 8.9554e+42 1.7794e+42 3.0491e+42 9.1777e+42 8.8273e+41 9.0144e+41 5.2245e+42 2.6602e+42 1.4755e+42 1.669e+42 1.6593e+40 9.4886e+40 5.562e+40 1.843e+42 1.3694e+40 3.3714e+40 4.6767e+40 2.9119e+40 3.5881e+41 2.418e+41
-3.5 0.3 1000.0 -2.0 5.4055e+42 1.2767e+42 1.7109e+42 5.1499e+42 4.794e+41 5.8033e+41 3.7533e+42 1.7125e+42 9.3723e+41 1.0818e+42 9.4068e+39 3.4798e+40 2.4124e+40 9.4969e+41 5.0942e+39 1.2541e+40 2.1061e+40 1.3219e+40 1.5054e+41 1.0153e+41
-3.5 0.3 10000.0 -1.2 1.1158e+43 2.7355e+42 7.4448e+42 2.2409e+43 3.1309e+42 1.8163e+42 8.0067e+42 5.3599e+42 1.4255e+42 2.3665e+42 6.1236e+39 1.796e+41 9.7314e+40 4.1362e+42 7.9442e+40 1.9564e+41 2.0156e+41 1.756e+41 1.4568e+42 1.235e+42
-3.5 0.3 10000.0 -1.4 9.1929e+42 2.432e+42 5.9778e+42 1.7993e+43 2.1558e+42 1.5353e+42 7.0851e+42 4.5307e+42 1.1139e+42 1.908e+42 3.8467e+39 9.1096e+40 5.1862e+40 3.1349e+42 4.937e+40 1.2158e+41 1.4333e+41 1.2574e+41 9.7626e+41 8.311e+41
-3.5 0.3 10000.0 -1.7 6.2465e+42 1.8517e+42 3.6145e+42 1.088e+43 1.1876e+42 1.0957e+42 5.3765e+42 3.2336e+42 7.2007e+41 1.2834e+42 1.144e+39 2.8677e+40 1.9215e+40 1.7637e+42 1.9643e+40 4.8378e+40 7.0895e+40 6.2872e+40 4.5304e+41 3.8784e+41
-3.5 0.3 10000.0 -2.0 4.0688e+42 1.3319e+42 1.899e+42 5.716e+42 6.6715e+41 7.5532e+41 3.8656e+42 2.2289e+42 4.6259e+41 8.4829e+41 2.1027e+38 1.2708e+40 9.9336e+39 8.8452e+41 6.9169e+39 1.7038e+40 3.1168e+40 2.7913e+40 1.94e+41 1.6683e+41
-3.5 0.5 100.0 -1.2 1.7224e+43 2.4426e+42 5.0085e+42 1.5076e+43 2.5012e+42 1.7088e+42 7.235e+42 5.0427e+42 4.438e+42 3.3013e+42 7.1517e+40 3.909e+41 2.159e+41 4.1811e+42 5.5673e+40 1.3712e+41 4.8498e+40 2.875e+40 1.0432e+42 6.8346e+41
-3.5 0.5 100.0 -1.4 1.3973e+43 2.1722e+42 3.9786e+42 1.1976e+43 1.6907e+42 1.42e+42 6.4122e+42 4.1903e+42 3.6363e+42 2.7209e+42 5.2587e+40 2.5197e+41 1.422e+41 3.1904e+42 3.4227e+40 8.4294e+40 3.3339e+40 1.9778e+40 6.9349e+41 4.5438e+41
-3.5 0.5 100.0 -1.7 9.0639e+42 1.6516e+42 2.4103e+42 7.2551e+42 8.849e+41 9.6721e+41 4.8715e+42 2.8542e+42 2.4225e+42 1.8256e+42 3.3223e+40 1.1675e+41 6.978e+40 1.8267e+42 1.3996e+40 3.4467e+40 1.6081e+40 9.5611e+39 3.2302e+41 2.1166e+41
-3.5 0.5 100.0 -2.0 5.5054e+42 1.1834e+42 1.3236e+42 3.9841e+42 4.6599e+41 6.2044e+41 3.4971e+42 1.8309e+42 1.5275e+42 1.1572e+42 2.2105e+40 5.4365e+40 3.5891e+40 9.4467e+41 5.2121e+39 1.2835e+40 7.0725e+39 4.2281e+39 1.3802e+41 9.0442e+40
-3.5 0.5 1000.0 -1.2 1.6365e+43 2.494e+42 5.623e+42 1.6925e+43 2.7183e+42 1.8081e+42 7.3437e+42 5.3356e+42 3.6226e+42 3.6565e+42 5.6471e+40 4.609e+41 2.5319e+41 4.1761e+42 7.4231e+40 1.8282e+41 6.3023e+40 3.8922e+40 1.2865e+42 8.6496e+41
-3.5 0.5 1000.0 -1.4 1.3449e+43 2.2163e+42 4.5656e+42 1.3743e+43 1.8367e+42 1.5159e+42 6.4976e+42 4.4734e+42 2.9011e+42 3.0212e+42 3.7165e+40 2.9623e+41 1.6537e+41 3.1832e+42 4.8184e+40 1.1867e+41 4.5613e+40 2.8207e+40 8.8817e+41 5.9743e+41
-3.5 0.5 1000.0 -1.7 8.9148e+42 1.6879e+42 2.8734e+42 8.6489e+42 9.5945e+41 1.0493e+42 4.9379e+42 3.0964e+42 1.8875e+42 2.044e+42 1.9681e+40 1.2664e+41 7.4103e+40 1.8206e+42 2.1415e+40 5.2738e+40 2.3923e+40 1.4834e+40 4.3703e+41 2.9417e+41
-3.5 0.5 1000.0 -2.0 5.5502e+42 1.2119e+42 1.6465e+42 4.956e+42 5.0433e+41 6.8665e+41 3.5468e+42 2.0263e+42 1.1757e+42 1.3124e+42 1.0367e+40 4.8029e+40 3.1369e+40 9.401e+41 8.5582e+39 2.1075e+40 1.1453e+40 7.133e+39 1.9488e+41 1.3127e+41
-3.5 0.5 10000.0 -1.2 1.0071e+43 2.6294e+42 6.5286e+42 1.9651e+43 3.3341e+42 2.0237e+42 7.706e+42 5.972e+42 2.0472e+42 3.1079e+42 7.209e+39 2.0603e+41 1.1029e+41 4.1061e+42 9.7729e+40 2.4073e+41 8.1999e+40 7.0666e+40 1.451e+42 1.2221e+42
-3.5 0.5 10000.0 -1.4 8.4581e+42 2.3401e+42 5.3305e+42 1.6045e+43 2.2782e+42 1.7253e+42 6.8199e+42 5.0915e+42 1.5627e+42 2.4609e+42 4.2932e+39 1.0925e+41 6.0688e+40 3.1162e+42 6.3554e+40 1.5655e+41 6.0962e+40 5.2869e+40 1.0104e+42 8.5438e+41
-3.5 0.5 10000.0 -1.7 5.9087e+42 1.7869e+42 3.2847e+42 9.8871e+42 1.2274e+42 1.2471e+42 5.185e+42 3.6803e+42 9.7803e+41 1.6174e+42 1.2204e+39 3.3717e+40 2.1486e+40 1.757e+42 2.6529e+40 6.5351e+40 3.1907e+40 2.7948e+40 4.9014e+41 4.1675e+41
-3.5 0.5 10000.0 -2.0 3.9579e+42 1.2894e+42 1.7502e+42 5.268e+42 6.7483e+41 8.7185e+41 3.7361e+42 2.5728e+42 6.1062e+41 1.0506e+42 2.2052e+38 1.334e+40 9.8793e+39 8.8334e+41 9.6164e+39 2.3692e+40 1.4785e+40 1.3065e+40 2.1773e+41 1.8594e+41
-3.0 0.1 100.0 -1.2 1.1186e+43 2.7022e+42 8.7364e+42 2.6297e+43 9.9919e+41 7.8814e+41 8.0422e+42 2.3258e+42 1.3498e+42 1.0255e+42 1.1147e+41 9.2553e+41 4.8307e+41 4.9687e+42 6.0114e+40 1.4761e+41 2.0042e+41 1.1909e+41 1.4035e+42 9.1973e+41
-3.0 0.1 100.0 -1.4 8.2361e+42 2.3621e+42 6.4388e+42 1.9381e+43 5.9377e+41 6.1122e+41 7.0149e+42 1.8037e+42 1.0895e+42 8.3279e+41 6.9975e+40 4.797e+41 2.5497e+41 3.7179e+42 2.9614e+40 7.2677e+40 1.1397e+41 6.8003e+40 7.6937e+41 5.0421e+41
-3.0 0.1 100.0 -1.7 4.7256e+42 1.7786e+42 3.4817e+42 1.048e+43 3.1006e+41 3.8603e+41 5.297e+42 1.1392e+42 7.3091e+41 5.6074e+41 3.821e+40 1.5904e+41 9.0525e+40 2.0762e+42 8.7669e+39 2.1506e+40 4.1694e+40 2.534e+40 2.7052e+41 1.7732e+41
-3.0 0.1 100.0 -2.0 2.5653e+42 1.2743e+42 1.7027e+42 5.1252e+42 1.6544e+41 2.3121e+41 3.819e+42 6.8231e+41 4.584e+41 3.5205e+41 2.4929e+40 5.6311e+40 3.7287e+40 1.0521e+42 2.4046e+39 5.8953e+39 1.4013e+40 9.0606e+39 8.8302e+40 5.7911e+40
-3.0 0.1 1000.0 -1.2 1.1536e+43 2.7611e+42 1.0412e+43 3.134e+43 1.2037e+42 8.8997e+41 8.1496e+42 2.6263e+42 1.0676e+42 1.1991e+42 7.1368e+40 1.1399e+42 5.925e+41 4.9444e+42 9.2278e+40 2.266e+41 3.0313e+41 1.8787e+41 1.9809e+42 1.3338e+42
-3.0 0.1 1000.0 -1.4 8.7826e+42 2.412e+42 8.0537e+42 2.4242e+43 7.0871e+41 7.0172e+41 7.0928e+42 2.0708e+42 8.4708e+41 9.8545e+41 3.9057e+40 5.7973e+41 3.0545e+41 3.6934e+42 5.0651e+40 1.2433e+41 1.9341e+41 1.203e+41 1.1845e+42 7.982e+41
-3.0 0.1 1000.0 -1.7 5.3564e+42 1.8193e+42 4.781e+42 1.4391e+43 3.66e+41 4.617e+41 5.3512e+42 1.3625e+42 5.7168e+41 6.8364e+41 2.1252e+40 1.6871e+41 9.4352e+40 2.0569e+42 1.7917e+40 4.3959e+40 8.7506e+40 5.4995e+40 4.8068e+41 3.2429e+41
-3.0 0.1 1000.0 -2.0 3.1357e+42 1.3076e+42 2.6212e+42 7.8898e+42 2.0055e+41 2.9337e+41 3.8591e+42 8.6573e+41 3.7437e+41 4.522e+41 1.3851e+40 4.8037e+40 3.163e+40 1.0388e+42 5.8496e+39 1.4349e+40 3.7723e+40 2.4281e+40 1.8015e+41 1.2168e+41
-3.0 0.1 10000.0 -1.2 8.6849e+42 2.9354e+42 1.2177e+43 3.6653e+43 2.1722e+42 1.2639e+42 8.5968e+42 3.7298e+42 6.7541e+41 1.1749e+42 1.0753e+40 3.5941e+41 1.8836e+41 4.7359e+42 1.174e+41 2.8867e+41 4.8355e+41 4.2353e+41 2.2495e+42 1.9177e+42
-3.0 0.1 10000.0 -1.4 6.9185e+42 2.5643e+42 9.4518e+42 2.845e+43 1.3176e+42 1.0194e+42 7.4735e+42 3.0081e+42 5.1375e+41 9.2907e+41 7.5921e+39 1.5567e+41 8.5061e+40 3.532e+42 6.6057e+40 1.6243e+41 3.2358e+41 2.861e+41 1.3756e+42 1.1792e+42
-3.0 0.1 10000.0 -1.7 4.6855e+42 1.9321e+42 5.3983e+42 1.6249e+43 6.6897e+41 7.286e+41 5.6203e+42 2.1501e+42 3.4338e+41 6.5024e+41 2.4438e+39 3.7923e+40 2.4717e+40 1.9456e+42 2.2677e+40 5.5785e+40 1.4354e+41 1.2878e+41 5.5623e+41 4.8022e+41
-3.0 0.1 10000.0 -2.0 3.129e+42 1.3835e+42 2.6584e+42 8.0017e+42 3.8546e+41 5.2876e+41 4.0284e+42 1.5604e+42 2.4166e+41 4.6926e+41 4.1616e+38 1.4662e+40 1.1798e+40 9.5972e+41 6.9769e+39 1.7173e+40 5.5078e+40 5.0106e+40 2.0941e+41 1.8183e+41
-3.0 0.3 100.0 -1.2 1.2557e+43 2.3559e+42 8.3893e+42 2.5252e+43 1.7284e+42 9.4432e+41 6.9651e+42 2.7867e+42 1.8245e+42 1.3648e+42 1.6503e+41 9.3151e+41 5.1016e+41 4.7566e+42 9.514e+40 2.3384e+41 1.5277e+41 9.0634e+40 1.7271e+42 1.1316e+42
-3.0 0.3 100.0 -1.4 9.5435e+42 2.0512e+42 6.425e+42 1.9339e+43 9.8229e+41 7.3121e+41 6.0477e+42 2.1578e+42 1.4298e+42 1.0787e+42 1.0413e+41 5.4246e+41 2.995e+41 3.5723e+42 5.1899e+40 1.2752e+41 9.5435e+40 5.6727e+40 1.033e+42 6.7689e+41
-3.0 0.3 100.0 -1.7 5.7715e+42 1.5387e+42 3.6906e+42 1.1109e+43 4.2709e+41 4.6709e+41 4.5438e+42 1.3784e+42 9.1992e+41 7.0043e+41 5.2508e+40 2.132e+41 1.2198e+41 2.0051e+42 1.7958e+40 4.4104e+40 4.0309e+40 2.4138e+40 4.1606e+41 2.7266e+41
-3.0 0.3 100.0 -2.0 3.3366e+42 1.1015e+42 1.9294e+42 5.8076e+42 2.1875e+41 2.8886e+41 3.269e+42 8.5243e+41 5.7778e+41 4.4182e+41 3.0229e+40 8.3601e+40 5.2022e+40 1.0208e+42 5.7959e+39 1.4228e+40 1.5818e+40 9.6836e+39 1.5725e+41 1.0307e+41
-3.0 0.3 1000.0 -1.2 1.2318e+43 2.4655e+42 9.7305e+42 2.9289e+43 1.9528e+42 1.0466e+42 7.2405e+42 3.0886e+42 1.5161e+42 1.5699e+42 1.1596e+41 1.1246e+42 6.0631e+41 4.7978e+42 1.3034e+41 3.2035e+41 2.0567e+41 1.2712e+41 2.2157e+42 1.4901e+42
-3.0 0.3 1000.0 -1.4 9.5627e+42 2.1536e+42 7.7096e+42 2.3206e+43 1.1188e+42 8.2004e+41 6.3003e+42 2.4199e+42 1.1532e+42 1.2486e+42 6.1112e+40 6.4931e+41 3.5101e+41 3.5991e+42 7.6524e+40 1.8803e+41 1.3899e+41 8.6112e+40 1.4032e+42 9.4433e+41
-3.0 0.3 1000.0 -1.7 6.0185e+42 1.6279e+42 4.7257e+42 1.4224e+43 4.8903e+41 5.3841e+41 4.7617e+42 1.5889e+42 7.274e+41 8.2913e+41 2.6151e+40 2.2548e+41 1.2632e+41 2.0169e+42 2.9634e+40 7.2786e+40 6.7787e+40 4.2256e+40 6.1653e+41 4.1533e+41
-3.0 0.3 1000.0 -2.0 3.6578e+42 1.1777e+42 2.6681e+42 8.0311e+42 2.4945e+41 3.4756e+41 3.4548e+42 1.0256e+42 4.6077e+41 5.406e+41 1.5052e+40 6.6149e+40 4.1649e+40 1.0247e+42 1.0411e+40 2.5566e+40 3.127e+40 1.9742e+40 2.4824e+41 1.6739e+41
-3.0 0.3 10000.0 -1.2 9.0358e+42 2.7657e+42 1.1484e+43 3.4567e+43 3.0076e+42 1.4881e+42 8.0847e+42 4.3913e+42 1.0555e+42 1.6709e+42 1.2138e+40 3.7943e+41 2.0819e+41 4.7018e+42 1.5008e+41 3.6919e+41 3.0078e+41 2.6066e+41 2.3209e+42 1.9641e+42
-3.0 0.3 10000.0 -1.4 7.3231e+42 2.4277e+42 9.0554e+42 2.7257e+43 1.8408e+42 1.2035e+42 7.0622e+42 3.5515e+42 7.7512e+41 1.2825e+42 8.0752e+39 1.7285e+41 9.7462e+40 3.5138e+42 8.7576e+40 2.1544e+41 2.0926e+41 1.8293e+41 1.4714e+42 1.2518e+42
-3.0 0.3 10000.0 -1.7 5.1029e+42 1.8433e+42 5.2872e+42 1.5915e+43 8.9083e+41 8.5954e+41 5.3478e+42 2.5365e+42 4.9135e+41 8.623e+41 2.5201e+39 4.3063e+40 2.7522e+40 1.9417e+42 3.1485e+40 7.7479e+40 9.8729e+40 8.7452e+40 6.282e+41 5.3797e+41
-3.0 0.3 10000.0 -2.0 3.5351e+42 1.3315e+42 2.668e+42 8.0308e+42 4.8298e+41 6.2874e+41 3.8648e+42 1.8554e+42 3.2926e+41 6.0348e+41 4.2748e+38 1.5489e+40 1.2043e+40 9.6028e+41 1.0214e+40 2.5148e+40 4.1159e+40 3.6873e+40 2.5337e+41 2.18e+41
-3.0 0.5 100.0 -1.2 1.155e+43 2.0685e+42 7.2762e+42 2.1901e+43 2.0989e+42 1.0574e+42 6.1035e+42 3.1204e+42 2.3779e+42 1.7547e+42 2.4204e+41 9.9174e+41 6.2267e+41 4.5405e+42 1.3669e+41 3.3627e+41 7.1159e+40 4.2176e+40 1.9388e+42 1.2702e+42
-3.0 0.5 100.0 -1.4 9.0098e+42 1.7886e+42 5.8014e+42 1.7462e+43 1.2255e+42 8.2178e+41 5.2495e+42 2.4251e+42 1.8179e+42 1.3545e+42 1.5591e+41 6.2154e+41 3.9371e+41 3.4222e+42 8.2576e+40 2.0311e+41 4.8708e+40 2.8895e+40 1.2564e+42 8.2317e+41
-3.0 0.5 100.0 -1.7 5.6282e+42 1.3344e+42 3.5165e+42 1.0585e+43 5.1715e+41 5.2869e+41 3.9129e+42 1.5602e+42 1.1389e+42 8.5811e+41 7.5745e+40 2.7212e+41 1.7514e+41 1.9311e+42 3.2629e+40 8.0229e+40 2.3052e+40 1.3719e+40 5.5965e+41 3.6671e+41
-3.0 0.5 100.0 -2.0 3.3586e+42 9.5469e+41 1.9338e+42 5.8209e+42 2.3303e+41 3.3091e+41 2.8095e+42 9.7651e+41 6.9374e+41 5.2682e+41 3.9172e+40 1.1579e+41 7.7064e+40 9.878e+41 1.1895e+40 2.9238e+40 1.0009e+40 6.0073e+39 2.3125e+41 1.5154e+41
-3.0 0.5 1000.0 -1.2 1.1085e+43 2.2103e+42 8.2957e+42 2.497e+43 2.3077e+42 1.1602e+42 6.4852e+42 3.4238e+42 2.0856e+42 2.0099e+42 1.8205e+41 1.1509e+42 7.203e+41 4.6428e+42 1.7108e+41 4.2086e+41 8.7995e+40 5.4249e+40 2.3238e+42 1.561e+42
-3.0 0.5 1000.0 -1.4 8.7869e+42 1.924e+42 6.7701e+42 2.0378e+43 1.3574e+42 9.1331e+41 5.6117e+42 2.6952e+42 1.5398e+42 1.5568e+42 9.821e+40 7.1875e+41 4.5078e+41 3.4964e+42 1.0836e+41 2.6652e+41 6.3476e+40 3.9201e+40 1.5643e+42 1.0515e+42
-3.0 0.5 1000.0 -1.7 5.6733e+42 1.4574e+42 4.3047e+42 1.2957e+43 5.8192e+41 6.0294e+41 4.2426e+42 1.7793e+42 9.3708e+41 1.0056e+42 3.6036e+40 2.9167e+41 1.8205e+41 1.9719e+42 4.6205e+40 1.1361e+41 3.3368e+40 2.0684e+40 7.4069e+41 4.9832e+41
-3.0 0.5 1000.0 -2.0 3.5346e+42 1.0604e+42 2.5045e+42 7.5387e+42 2.6762e+41 3.9219e+41 3.0936e+42 1.1574e+42 5.7106e+41 6.3999e+41 1.7188e+40 9.734e+40 6.2424e+40 1.0072e+42 1.7647e+40 4.3382e+40 1.6359e+40 1.021e+40 3.1767e+41 2.1391e+41
-3.0 0.5 10000.0 -1.2 8.0056e+42 2.5993e+42 9.9344e+42 2.9903e+43 3.2158e+42 1.643e+42 7.6061e+42 4.8484e+42 1.5538e+42 2.2368e+42 1.5058e+40 4.4965e+41 2.4469e+41 4.6537e+42 1.8401e+41 4.5291e+41 1.1955e+41 1.0242e+41 2.298e+42 1.9308e+42
-3.0 0.5 10000.0 -1.4 6.6075e+42 2.2892e+42 7.9946e+42 2.4064e+43 1.9964e+42 1.345e+42 6.6564e+42 3.9691e+42 1.1101e+42 1.6789e+42 9.1351e+39 2.1674e+41 1.1924e+41 3.4846e+42 1.128e+41 2.7765e+41 8.702e+40 7.5151e+40 1.5149e+42 1.2795e+42
-3.0 0.5 10000.0 -1.7 4.7277e+42 1.7523e+42 4.7761e+42 1.4376e+43 9.6882e+41 9.7337e+41 5.0765e+42 2.8724e+42 6.8461e+41 1.1045e+42 2.6785e+39 5.322e+40 3.2429e+40 1.9312e+42 4.2509e+40 1.0465e+41 4.3366e+40 3.7926e+40 6.7226e+41 5.7173e+41
-3.0 0.5 10000.0 -2.0 3.3629e+42 1.2763e+42 2.4497e+42 7.3735e+42 5.1112e+41 7.187e+41 3.6965e+42 2.1209e+42 4.4794e+41 7.599e+41 4.4695e+38 1.6877e+40 1.2477e+40 9.5794e+41 1.4139e+40 3.4821e+40 1.8973e+40 1.6771e+40 2.789e+41 2.3836e+41
-1.5 0.1 100.0 -1.2 1.7213e+42 1.1463e+42 7.3964e+42 2.2263e+43 6.9055e+41 1.668e+41 3.2985e+42 4.9221e+41 3.1051e+41 2.2447e+41 8.1791e+41 2.8076e+42 1.4345e+42 4.5441e+42 2.8144e+41 6.751e+41 1.745e+41 1.0374e+41 1.8904e+42 1.2383e+42
-1.5 0.1 100.0 -1.4 1.0219e+42 9.9855e+41 6.3488e+42 1.911e+43 2.5075e+41 7.9321e+40 2.8592e+42 2.3408e+41 1.7375e+41 1.2738e+41 4.5847e+41 1.7302e+42 8.8406e+41 3.4169e+42 1.5507e+41 3.694e+41 1.0942e+41 6.5483e+40 1.1061e+42 7.2468e+41
-1.5 0.1 100.0 -1.7 5.8069e+41 8.2773e+41 4.2918e+42 1.2918e+43 3.2251e+40 3.2986e+40 2.3885e+42 9.7342e+40 7.2321e+40 5.5063e+40 1.6417e+41 7.3411e+41 3.6638e+41 1.958e+42 5.3173e+40 1.2479e+41 5.2322e+40 3.2176e+40 4.6103e+41 3.0217e+41
-1.5 0.1 100.0 -2.0 3.8729e+41 6.8853e+41 2.5631e+42 7.7149e+42 1.4275e+40 2.1893e+40 2.0137e+42 6.4605e+40 4.6268e+40 3.5725e+40 5.2109e+40 2.6482e+41 1.3826e+41 1.0237e+42 1.7254e+40 4.0085e+40 2.5848e+40 1.7122e+40 1.9406e+41 1.2733e+41
-1.5 0.1 1000.0 -1.2 3.3631e+42 2.1805e+42 1.5915e+43 4.7904e+43 1.3064e+42 3.9242e+41 6.2854e+42 1.158e+42 5.6384e+41 5.1782e+41 3.4226e+41 4.29e+42 2.0447e+42 5.4871e+42 3.7774e+41 9.0759e+41 3.3724e+41 2.0876e+41 3.72e+42 2.4977e+42
-1.5 0.1 1000.0 -1.4 2.3848e+42 1.9687e+42 1.2494e+43 3.7606e+43 5.2365e+41 2.2108e+41 5.6837e+42 6.5241e+41 3.1969e+41 3.1434e+41 1.2341e+41 2.0901e+42 1.0102e+42 3.9947e+42 1.8516e+41 4.4411e+41 2.2811e+41 1.4221e+41 2.2051e+42 1.4828e+42
-1.5 0.1 1000.0 -1.7 1.6661e+42 1.5857e+42 7.4019e+42 2.228e+43 1.1088e+41 1.1698e+41 4.6124e+42 3.4522e+41 1.5054e+41 1.7227e+41 3.3469e+40 4.6902e+41 2.4008e+41 2.1609e+42 5.2735e+40 1.2667e+41 1.2052e+41 7.6599e+40 8.7091e+41 5.8685e+41
-1.5 0.1 1000.0 -2.0 1.2471e+42 1.206e+42 3.9758e+42 1.1967e+43 5.7765e+40 9.0562e+40 3.5325e+42 2.6725e+41 1.0787e+41 1.3166e+41 1.8094e+40 9.0265e+40 5.4509e+40 1.0724e+42 1.4061e+40 3.3934e+40 5.9276e+40 3.9101e+40 3.0882e+41 2.0849e+41
-1.5 0.1 10000.0 -1.2 7.5175e+42 3.0787e+42 1.5622e+43 4.7021e+43 3.2001e+42 1.3159e+42 8.99e+42 3.8831e+42 8.0312e+41 1.2617e+42 1.4107e+40 5.3691e+41 2.8115e+41 5.0161e+42 1.7433e+41 4.2787e+41 6.1371e+41 5.3492e+41 3.0226e+42 2.5679e+42
-1.5 0.1 10000.0 -1.4 5.8356e+42 2.6494e+42 1.1793e+43 3.5496e+43 1.5734e+42 9.2413e+41 7.7067e+42 2.7271e+42 4.9337e+41 8.2934e+41 1.012e+40 2.1511e+41 1.1635e+41 3.6859e+42 9.2006e+40 2.259e+41 4.0345e+41 3.5553e+41 1.7544e+42 1.5009e+42
-1.5 0.1 10000.0 -1.7 4.1397e+42 1.9692e+42 6.4171e+42 1.9315e+43 6.0867e+41 6.2924e+41 5.7173e+42 1.8569e+42 2.8959e+41 5.3443e+41 3.3925e+39 4.6023e+40 2.9333e+40 1.9926e+42 2.886e+40 7.0932e+40 1.7191e+41 1.5397e+41 6.6383e+41 5.7256e+41
-1.5 0.1 10000.0 -2.0 2.9535e+42 1.3956e+42 3.0206e+42 9.0921e+42 3.3204e+41 4.8318e+41 4.0599e+42 1.4259e+42 2.0786e+41 4.0259e+41 5.3627e+38 1.6149e+40 1.2875e+40 9.6951e+41 8.2925e+39 2.0404e+40 6.314e+40 5.7396e+40 2.3889e+41 2.0727e+41
-1.5 0.3 100.0 -1.2 2.3391e+42 7.1983e+41 2.779e+42 8.3649e+42 1.2335e+42 2.8848e+41 2.1908e+42 8.513e+41 4.5046e+41 3.2016e+41 9.4425e+41 1.2362e+42 8.4924e+41 3.0257e+42 2.0253e+41 4.9456e+41 5.8146e+40 3.4439e+40 1.5865e+42 1.039e+42
-1.5 0.3 100.0 -1.4 1.3046e+42 5.434e+41 2.7462e+42 8.2661e+42 6.4813e+41 1.4991e+41 1.5945e+42 4.4239e+41 2.6971e+41 1.925e+41 6.1681e+41 9.2982e+41 6.0724e+41 2.4226e+42 1.5824e+41 3.8531e+41 5.231e+40 3.1019e+40 1.159e+42 7.5915e+41
-1.5 0.3 100.0 -1.7 5.8398e+41 3.9892e+41 2.4273e+42 7.3063e+42 1.8473e+41 5.1074e+40 1.1386e+42 1.5072e+41 1.1696e+41 8.4903e+40 2.631e+41 4.9817e+41 3.0943e+41 1.5435e+42 8.1183e+40 1.9634e+41 3.2163e+40 1.9191e+40 5.8227e+41 3.8145e+41
-1.5 0.3 100.0 -2.0 3.4661e+41 3.3773e+41 1.8143e+42 5.4611e+42 3.6161e+40 2.2824e+40 9.6886e+41 6.7352e+40 5.3982e+40 4.043e+40 9.0315e+40 2.1644e+41 1.3121e+41 8.8391e+41 2.9974e+40 7.1896e+40 1.6877e+40 1.0311e+40 2.5445e+41 1.6675e+41
-1.5 0.3 1000.0 -1.2 3.8173e+42 1.5784e+42 1.1128e+43 3.3495e+43 2.0656e+42 4.8775e+41 4.5812e+42 1.4394e+42 8.8521e+41 7.5758e+41 5.873e+41 2.3387e+42 1.2808e+42 4.9735e+42 4.5029e+41 1.0949e+42 1.8562e+41 1.1426e+41 3.8019e+42 2.5485e+42
-1.5 0.3 1000.0 -1.4 2.6307e+42 1.3996e+42 9.5971e+42 2.8887e+43 1.0417e+42 2.9294e+41 4.0266e+42 8.6447e+41 5.3722e+41 4.7831e+41 2.3739e+41 1.4475e+42 7.4098e+41 3.7129e+42 2.5207e+41 6.1178e+41 1.3681e+41 8.4575e+40 2.428e+42 1.6298e+42
-1.5 0.3 1000.0 -1.7 1.7471e+42 1.1661e+42 6.3473e+42 1.9105e+43 2.9924e+41 1.5273e+41 3.3668e+42 4.5072e+41 2.4928e+41 2.485e+41 5.0381e+40 4.6888e+41 2.496e+41 2.0737e+42 8.1339e+40 1.9727e+41 7.9134e+40 4.9458e+40 1.0336e+42 6.9531e+41
-1.5 0.3 1000.0 -2.0 1.3146e+42 9.3969e+41 3.672e+42 1.1053e+43 8.8375e+40 1.0425e+41 2.7373e+42 3.0766e+41 1.4053e+41 1.5945e+41 2.0077e+40 1.1212e+41 6.7515e+40 1.0477e+42 2.3283e+40 5.6569e+40 4.2604e+40 2.7198e+40 3.8853e+41 2.6184e+41
-1.5 0.3 10000.0 -1.2 7.7786e+42 2.8193e+42 1.4469e+43 4.3551e+43 4.4175e+42 1.5585e+42 8.2284e+42 4.5992e+42 1.3914e+42 1.9707e+42 1.6313e+40 5.4265e+41 3.0753e+41 4.9677e+42 2.1988e+41 5.4015e+41 3.7007e+41 3.1915e+41 3.0596e+42 2.5794e+42
-1.5 0.3 10000.0 -1.4 6.1056e+42 2.4427e+42 1.1131e+43 3.3503e+43 2.3359e+42 1.13e+42 7.095e+42 3.3347e+42 8.4142e+41 1.2651e+42 1.0751e+40 2.3341e+41 1.3376e+41 3.6615e+42 1.2036e+41 2.9574e+41 2.5296e+41 2.2042e+41 1.8356e+42 1.5585e+42
-1.5 0.3 10000.0 -1.7 4.4146e+42 1.8445e+42 6.2154e+42 1.8708e+43 9.0958e+41 7.5806e+41 5.3499e+42 2.237e+42 4.492e+41 7.496e+41 3.4635e+39 5.2375e+40 3.2979e+40 1.987e+42 3.9526e+40 9.7199e+40 1.1479e+41 1.0154e+41 7.301e+41 6.2487e+41
-1.5 0.3 10000.0 -2.0 3.26e+42 1.3303e+42 3.0093e+42 9.0579e+42 4.3808e+41 5.7178e+41 3.8624e+42 1.6873e+42 2.9293e+41 5.2745e+41 5.4781e+38 1.7162e+40 1.3202e+40 9.6944e+41 1.1999e+40 2.9534e+40 4.5942e+40 4.1139e+40 2.8162e+41 2.4225e+41
-1.5 0.5 100.0 -1.2 2.0223e+42 6.0529e+41 1.2705e+42 3.8243e+42 1.1412e+42 3.2492e+41 1.9365e+42 9.5883e+41 5.36e+41 3.7854e+41 9.644e+41 9.3044e+41 7.081e+41 2.2662e+42 1.0983e+41 2.6949e+41 9.6083e+39 5.688e+39 9.5431e+41 6.2496e+41
-1.5 0.5 100.0 -1.4 1.1743e+42 4.34e+41 1.3073e+42 3.935e+42 6.5272e+41 1.8028e+41 1.3339e+42 5.3202e+41 3.2245e+41 2.2818e+41 7.1704e+41 7.4812e+41 5.792e+41 1.8701e+42 1.0025e+41 2.457e+41 1.0573e+40 6.2616e+39 7.9927e+41 5.2348e+41
-1.5 0.5 100.0 -1.7 5.307e+41 2.8309e+41 1.3396e+42 4.0323e+42 2.3344e+41 6.5443e+40 8.2317e+41 1.9312e+41 1.4774e+41 1.056e+41 3.7173e+41 4.4727e+41 3.4945e+41 1.2658e+42 7.7628e+40 1.8972e+41 1.0455e+40 6.2036e+39 5.493e+41 3.598e+41
-1.5 0.5 100.0 -2.0 3.0137e+41 2.2222e+41 1.2257e+42 3.6893e+42 6.7031e+40 2.7074e+40 6.3255e+41 7.9895e+40 7.111e+40 5.2006e+40 1.4829e+41 2.2654e+41 1.7064e+41 7.7168e+41 4.179e+40 1.0169e+41 7.1021e+39 4.2462e+39 3.0008e+41 1.9659e+41
-1.5 0.5 1000.0 -1.2 3.3522e+42 1.3041e+42 7.2504e+42 2.1824e+43 2.0322e+42 5.3144e+41 3.8676e+42 1.5683e+42 1.0845e+42 8.924e+41 8.856e+41 1.9882e+42 1.5399e+42 4.5364e+42 4.3125e+41 1.0553e+42 5.9421e+40 3.6462e+40 3.3216e+42 2.2239e+42
-1.5 0.5 1000.0 -1.4 2.3613e+42 1.1088e+42 6.8678e+42 2.0672e+43 1.1326e+42 3.2181e+41 3.2116e+42 9.4966e+41 7.0638e+41 5.9745e+41 4.1261e+41 1.2565e+42 9.6174e+41 3.4618e+42 2.9466e+41 7.2015e+41 5.1503e+40 3.1685e+40 2.4202e+42 1.6223e+42
-1.5 0.5 1000.0 -1.7 1.5894e+42 9.173e+41 5.1332e+42 1.5451e+43 3.9669e+41 1.7285e+41 2.6335e+42 5.1009e+41 3.5196e+41 3.2482e+41 8.7315e+40 4.9105e+41 3.5951e+41 1.9868e+42 1.1619e+41 2.8366e+41 3.4087e+40 2.1106e+40 1.1734e+42 7.8806e+41
-1.5 0.5 1000.0 -2.0 1.2116e+42 7.6331e+41 3.2123e+42 9.6691e+42 1.3584e+41 1.1925e+41 2.205e+42 3.5192e+41 1.971e+41 2.0434e+41 2.4502e+40 1.5444e+41 1.0826e+41 1.0215e+42 3.7392e+40 9.1336e+40 2.014e+40 1.2611e+40 4.7927e+41 3.2246e+41
-1.5 0.5 10000.0 -1.2 6.7986e+42 2.5951e+42 1.2336e+43 3.7132e+43 4.4579e+42 1.6282e+42 7.6013e+42 4.8048e+42 2.0013e+42 2.593e+42 2.1167e+40 6.5941e+41 3.7087e+41 4.9051e+42 2.6688e+41 6.5625e+41 1.4421e+41 1.229e+41 3.0056e+42 2.515e+42
-1.5 0.5 10000.0 -1.4 5.4682e+42 2.2578e+42 9.7309e+42 2.929e+43 2.5005e+42 1.2381e+42 6.5583e+42 3.6537e+42 1.2475e+42 1.7046e+42 1.2274e+40 3.0028e+41 1.6732e+41 3.6253e+42 1.5425e+41 3.7935e+41 1.0356e+41 8.9113e+40 1.8836e+42 1.587e+42
-1.5 0.5 10000.0 -1.7 4.0605e+42 1.7298e+42 5.5883e+42 1.6821e+43 1.0368e+42 8.6563e+41 5.0076e+42 2.5545e+42 6.5436e+41 9.9336e+41 3.6585e+39 6.5714e+40 3.9499e+40 1.9757e+42 5.3067e+40 1.3058e+41 4.9722e+40 4.3418e+40 7.7671e+41 6.6008e+41
-1.5 0.5 10000.0 -2.0 3.0787e+42 1.2651e+42 2.7586e+42 8.3033e+42 4.9321e+41 6.5699e+41 3.6644e+42 1.9388e+42 4.1648e+41 6.8371e+41 5.7037e+38 1.8844e+40 1.379e+40 9.668e+41 1.6554e+40 4.0758e+40 2.0951e+40 1.8509e+40 3.0778e+41 2.6299e+41
-4.5 0.1 100.0 -1.2 7.8041e+42 2.483e+42 5.91e+41 1.7789e+42 1.4827e+42 1.0009e+42 7.5381e+42 2.9537e+42 3.8763e+42 2.8932e+42 5.0047e+39 2.1401e+40 1.3852e+40 1.7911e+42 1.7552e+39 4.3257e+39 1.1797e+40 7.0043e+39 6.4105e+40 4.2009e+40
-4.5 0.1 100.0 -1.4 5.9145e+42 2.3019e+42 4.5698e+41 1.3755e+42 1.07e+42 8.1852e+41 6.9911e+42 2.4155e+42 3.1824e+42 2.3826e+42 4.9028e+39 1.7001e+40 1.212e+40 1.3781e+42 9.7777e+38 2.4097e+39 7.188e+39 4.2751e+39 3.78e+40 2.4773e+40
-4.5 0.1 100.0 -1.7 3.367e+42 1.8177e+42 2.6332e+41 7.9261e+41 5.6644e+41 5.2542e+41 5.5357e+42 1.5505e+42 2.041e+42 1.5355e+42 4.142e+39 1.3194e+40 1.0402e+40 7.9551e+41 3.4021e+38 8.3845e+38 2.8631e+39 1.7138e+39 1.4431e+40 9.4596e+39
-4.5 0.1 100.0 -2.0 1.7461e+42 1.3291e+42 1.3541e+41 4.0758e+41 2.7332e+41 3.0866e+41 4.0642e+42 9.1084e+41 1.193e+42 9.0207e+41 2.8929e+39 1.1017e+40 9.0617e+39 4.1276e+41 1.0426e+38 2.5694e+38 1.0052e+39 6.1306e+38 4.8983e+39 3.2117e+39
-4.5 0.1 1000.0 -1.2 9.9062e+42 2.4953e+42 7.3701e+41 2.2184e+42 2.1087e+42 1.2419e+42 7.4784e+42 3.6649e+42 3.5574e+42 3.8586e+42 3.6715e+39 2.5164e+40 1.5742e+40 1.7865e+42 3.0638e+39 7.5509e+39 2.2075e+40 1.3701e+40 1.1198e+41 7.5463e+40
-4.5 0.1 1000.0 -1.4 7.8788e+42 2.31e+42 5.912e+41 1.7795e+42 1.5741e+42 1.0454e+42 6.9174e+42 3.0851e+42 2.9597e+42 3.2579e+42 3.0139e+39 1.8927e+40 1.3032e+40 1.3739e+42 1.8953e+39 4.6711e+39 1.4872e+40 9.2475e+39 7.2466e+40 4.8871e+40
-4.5 0.1 1000.0 -1.7 4.8737e+42 1.8213e+42 3.6265e+41 1.0916e+42 8.8405e+41 7.0572e+41 5.459e+42 2.0826e+42 1.9496e+42 2.1942e+42 1.6094e+39 1.3057e+40 1.0079e+40 7.9251e+41 7.8736e+38 1.9405e+39 7.0376e+39 4.394e+39 3.2453e+40 2.191e+40
-4.5 0.1 1000.0 -2.0 2.7707e+42 1.3309e+42 2.0013e+41 6.0238e+41 4.5627e+41 4.3851e+41 3.9986e+42 1.294e+42 1.1784e+42 1.3559e+42 5.9075e+38 9.8265e+39 7.863e+39 4.1058e+41 2.9473e+38 7.2637e+38 3.0108e+39 1.8948e+39 1.3186e+40 8.9116e+39
-4.5 0.1 10000.0 -1.2 7.8323e+42 2.516e+42 9.1989e+41 2.7689e+42 3.3771e+42 1.4974e+42 7.409e+42 4.419e+42 1.9782e+42 3.4784e+42 2.7031e+38 1.5085e+40 9.3085e+39 1.7611e+42 5.4266e+39 1.3374e+40 4.0437e+40 3.5694e+40 1.9058e+41 1.624e+41
-4.5 0.1 10000.0 -1.4 6.418e+42 2.3254e+42 7.4862e+41 2.2533e+42 2.621e+42 1.2866e+42 6.8357e+42 3.7968e+42 1.64e+42 2.9178e+42 1.6479e+38 1.1167e+40 7.2758e+39 1.3495e+42 3.5103e+39 8.6514e+39 2.8612e+40 2.5423e+40 1.298e+41 1.1114e+41
-4.5 0.1 10000.0 -1.7 4.1669e+42 1.8298e+42 4.5988e+41 1.3842e+42 1.5536e+42 8.9808e+41 5.3758e+42 2.6502e+42 1.0796e+42 1.9553e+42 4.8956e+37 6.9357e+39 4.4599e+39 7.6928e+41 1.4943e+39 3.6828e+39 1.421e+40 1.2754e+40 6.2063e+40 5.35e+40
-4.5 0.1 10000.0 -2.0 2.5004e+42 1.3355e+42 2.4547e+41 7.3887e+41 8.4837e+41 5.7923e+41 3.9275e+42 1.7093e+42 6.554e+41 1.2087e+42 9.7104e+36 3.9405e+39 2.3015e+39 3.8946e+41 5.5063e+38 1.3571e+39 6.2407e+39 5.657e+39 2.6888e+40 2.3323e+40
-4.5 0.3 100.0 -1.2 1.5098e+43 2.4094e+42 6.8402e+41 2.0589e+42 3.641e+42 1.7025e+42 7.1861e+42 5.024e+42 7.5233e+42 5.5539e+42 5.4749e+39 2.4264e+40 1.4957e+40 1.8023e+42 3.1337e+39 7.7232e+39 1.3546e+40 8.0332e+39 1.2734e+41 8.3426e+40
-4.5 0.3 100.0 -1.4 1.2426e+43 2.2366e+42 5.4895e+41 1.6523e+42 2.8401e+42 1.4586e+42 6.6667e+42 4.3044e+42 6.4017e+42 4.7394e+42 5.2213e+39 1.9198e+40 1.2856e+40 1.3882e+42 1.9157e+39 4.7213e+39 9.1022e+39 5.4019e+39 8.4229e+40 5.5183e+40
-4.5 0.3 100.0 -1.7 8.0852e+42 1.7688e+42 3.3622e+41 1.012e+42 1.6998e+42 1.0112e+42 5.2784e+42 2.9839e+42 4.3716e+42 3.2503e+42 4.3146e+39 1.4176e+40 1.0527e+40 8.0295e+41 7.769e+38 1.9147e+39 4.2794e+39 2.5453e+39 3.8896e+40 2.5484e+40
-4.5 0.3 100.0 -2.0 4.8338e+42 1.2956e+42 1.8504e+41 5.5697e+41 9.2101e+41 6.4543e+41 3.8755e+42 1.9047e+42 2.7403e+42 2.0463e+42 3.0172e+39 1.1373e+40 8.913e+39 4.176e+41 2.8377e+38 6.9937e+38 1.8252e+39 1.0913e+39 1.6327e+40 1.0699e+40
-4.5 0.3 1000.0 -1.2 1.5631e+43 2.426e+42 7.8607e+41 2.3661e+42 4.1785e+42 1.8568e+42 7.1777e+42 5.4793e+42 6.3862e+42 6.4822e+42 4.0894e+39 2.7987e+40 1.6821e+40 1.7945e+42 4.6797e+39 1.1534e+40 2.0662e+40 1.2786e+40 1.7667e+41 1.1878e+41
-4.5 0.3 1000.0 -1.4 1.3094e+43 2.2477e+42 6.4359e+41 1.9372e+42 3.2959e+42 1.6092e+42 6.6402e+42 4.7488e+42 5.416e+42 5.5807e+42 3.2729e+39 2.1267e+40 1.3831e+40 1.3815e+42 3.0546e+39 7.5282e+39 1.4763e+40 9.1472e+39 1.2234e+41 8.2298e+40
-4.5 0.3 1000.0 -1.7 8.7562e+42 1.7747e+42 4.0678e+41 1.2244e+42 2.0163e+42 1.1356e+42 5.2431e+42 3.3512e+42 3.6855e+42 3.8833e+42 1.722e+39 1.4071e+40 1.0207e+40 7.9826e+41 1.3729e+39 3.3835e+39 7.6516e+39 4.7525e+39 6.0677e+40 4.0849e+40
-4.5 0.3 1000.0 -2.0 5.3869e+42 1.2985e+42 2.3129e+41 6.962e+41 1.1299e+42 7.3862e+41 3.8415e+42 2.1797e+42 2.3072e+42 2.4861e+42 6.3094e+38 9.9245e+39 7.5359e+39 4.144e+41 5.5505e+38 1.368e+39 3.6097e+39 2.2506e+39 2.7364e+40 1.8437e+40
-4.5 0.3 10000.0 -1.2 1.0696e+43 2.4501e+42 9.3448e+41 2.8128e+42 5.2839e+42 2.0195e+42 7.1701e+42 5.9596e+42 3.4085e+42 5.5244e+42 2.9412e+38 1.5693e+40 9.2227e+39 1.7656e+42 7.5514e+39 1.8611e+40 3.3863e+40 2.9444e+40 2.6056e+41 2.189e+41
-4.5 0.3 10000.0 -1.4 9.1144e+42 2.266e+42 7.7287e+41 2.3263e+42 4.2153e+42 1.7738e+42 6.6134e+42 5.2343e+42 2.8424e+42 4.6753e+42 1.7511e+38 1.1308e+40 6.9004e+39 1.3547e+42 5.0979e+39 1.2564e+40 2.5364e+40 2.2174e+40 1.8776e+41 1.5833e+41
-4.5 0.3 10000.0 -1.7 6.26e+42 1.7851e+42 4.8596e+41 1.4627e+42 2.6413e+42 1.2786e+42 5.2008e+42 3.7733e+42 1.8965e+42 3.1889e+42 5.0969e+37 6.4411e+39 3.8703e+39 7.74e+41 2.3152e+39 5.7061e+39 1.3833e+40 1.2189e+40 9.7794e+40 8.2903e+40
-4.5 0.3 10000.0 -2.0 3.9589e+42 1.3042e+42 2.6591e+41 8.004e+41 1.5298e+42 8.5024e+41 3.7996e+42 2.5091e+42 1.1694e+42 2.01e+42 1.0038e+37 3.3407e+39 1.873e+39 3.9296e+41 9.1741e+38 2.2611e+39 6.7767e+39 6.0149e+39 4.6199e+40 3.9359e+40
-4.5 0.5 100.0 -1.2 1.7587e+43 2.3378e+42 6.6004e+41 1.9867e+42 4.766e+42 2.2201e+42 6.9381e+42 6.5516e+42 1.09e+43 7.991e+42 6.1378e+39 2.6401e+40 1.5549e+40 1.7959e+42 4.8316e+39 1.1908e+40 8.2445e+39 4.8861e+39 1.7682e+41 1.1582e+41
-4.5 0.5 100.0 -1.4 1.5102e+43 2.1723e+42 5.4222e+41 1.6321e+42 3.8134e+42 1.9489e+42 6.4339e+42 5.7513e+42 9.3751e+42 6.8949e+42 5.6738e+39 2.1094e+40 1.3255e+40 1.3847e+42 3.1802e+39 7.8379e+39 6.0238e+39 3.5712e+39 1.2604e+41 8.2565e+40
-4.5 0.5 100.0 -1.7 1.0478e+43 1.7211e+42 3.4316e+41 1.0329e+42 2.4e+42 1.4029e+42 5.0934e+42 4.1398e+42 6.546e+42 4.8361e+42 4.5417e+39 1.5067e+40 1.039e+40 8.0232e+41 1.4343e+39 3.5351e+39 3.2155e+39 1.9081e+39 6.5123e+40 4.2662e+40
-4.5 0.5 100.0 -2.0 6.67e+42 1.2615e+42 1.9489e+41 5.8661e+41 1.3956e+42 9.296e+41 3.7357e+42 2.7432e+42 4.2177e+42 3.1293e+42 3.1445e+39 1.1509e+40 8.4237e+39 4.1796e+41 5.816e+38 1.4334e+39 1.563e+39 9.2918e+38 3.0555e+40 2.0017e+40
-4.5 0.5 1000.0 -1.2 1.684e+43 2.3568e+42 7.241e+41 2.1795e+42 5.1279e+42 2.3077e+42 6.9564e+42 6.8099e+42 9.1781e+42 8.8635e+42 4.6771e+39 2.9572e+40 1.7126e+40 1.7876e+42 6.3742e+39 1.571e+40 1.0744e+40 6.6334e+39 2.1515e+41 1.4447e+41
-4.5 0.5 1000.0 -1.4 1.4574e+43 2.187e+42 6.0285e+41 1.8146e+42 4.1109e+42 2.0371e+42 6.4378e+42 6.0116e+42 7.8049e+42 7.6659e+42 3.6454e+39 2.2987e+40 1.4132e+40 1.3776e+42 4.3841e+39 1.0805e+40 8.144e+39 5.0327e+39 1.5728e+41 1.0565e+41
-4.5 0.5 1000.0 -1.7 1.0222e+43 1.7291e+42 3.8928e+41 1.1717e+42 2.5969e+42 1.4783e+42 5.0809e+42 4.3624e+42 5.3658e+42 5.3999e+42 1.8757e+39 1.4968e+40 1.0061e+40 7.9739e+41 2.1112e+39 5.2032e+39 4.5846e+39 2.8375e+39 8.4214e+40 5.6602e+40
-4.5 0.5 1000.0 -2.0 6.5853e+42 1.2658e+42 2.2541e+41 6.7849e+41 1.5196e+42 9.8831e+41 3.7185e+42 2.9165e+42 3.4138e+42 3.5163e+42 6.8558e+38 9.9381e+39 6.9681e+39 4.1466e+41 9.0693e+38 2.2352e+39 2.3416e+39 1.4523e+39 4.0819e+40 2.7452e+40
-4.5 0.5 10000.0 -1.2 1.0588e+43 2.3892e+42 8.2393e+41 2.48e+42 5.8366e+42 2.3752e+42 7.0083e+42 7.0093e+42 5.0214e+42 7.4518e+42 3.3818e+38 1.5981e+40 8.8889e+39 1.7596e+42 9.1965e+39 2.2666e+40 1.524e+40 1.3099e+40 2.7912e+41 2.3267e+41
-4.5 0.5 10000.0 -1.4 9.2713e+42 2.211e+42 6.9212e+41 2.0833e+42 4.6936e+42 2.1187e+42 6.4595e+42 6.2524e+42 4.1582e+42 6.2903e+42 1.9454e+38 1.1291e+40 6.4128e+39 1.3514e+42 6.4929e+39 1.6003e+40 1.2071e+40 1.0422e+40 2.1082e+41 1.7629e+41
-4.5 0.5 10000.0 -1.7 6.6305e+42 1.7423e+42 4.4393e+41 1.3362e+42 2.9926e+42 1.5638e+42 5.0711e+42 4.6147e+42 2.7626e+42 4.2985e+42 5.4504e+37 5.7995e+39 3.2675e+39 7.7375e+41 3.118e+39 7.6847e+39 7.1354e+39 6.1994e+39 1.1728e+41 9.8496e+40
-4.5 0.5 10000.0 -2.0 4.3605e+42 1.2735e+42 2.4686e+41 7.4303e+41 1.775e+42 1.0643e+42 3.6997e+42 3.1407e+42 1.7076e+42 2.7312e+42 1.0534e+37 2.7013e+39 1.4592e+39 3.9376e+41 1.2897e+39 3.1787e+39 3.7762e+39 3.2993e+39 5.8818e+40 4.9588e+40
-4.0 0.1 100.0 -1.2 1.2855e+43 2.6606e+42 2.1733e+42 6.5415e+42 1.7797e+42 1.2973e+42 8.0147e+42 3.8282e+42 3.6941e+42 2.782e+42 1.6177e+40 7.4452e+40 4.2514e+40 3.1858e+42 7.071e+39 1.7422e+40 4.3207e+40 2.566e+40 2.4011e+41 1.5735e+41
-4.0 0.1 100.0 -1.4 9.6706e+42 2.4115e+42 1.6498e+42 4.966e+42 1.2889e+42 1.051e+42 7.2539e+42 3.1016e+42 3.0597e+42 2.3099e+42 1.5241e+40 4.6563e+40 2.9206e+40 2.4587e+42 3.8057e+39 9.3764e+39 2.575e+40 1.5327e+40 1.3928e+41 9.1275e+40
-4.0 0.1 100.0 -1.7 5.5e+42 1.8621e+42 9.2821e+41 2.7939e+42 6.8717e+41 6.7188e+41 5.6084e+42 1.9827e+42 1.9969e+42 1.5131e+42 1.299e+40 2.5106e+40 1.8683e+40 1.4301e+42 1.2575e+39 3.0982e+39 9.9362e+39 5.9642e+39 5.1871e+40 3.3999e+40
-4.0 0.1 100.0 -2.0 2.8638e+42 1.3444e+42 4.6668e+41 1.4047e+42 3.3515e+41 3.9521e+41 4.0646e+42 1.1663e+42 1.1881e+42 9.038e+41 9.784e+39 1.6817e+40 1.4103e+40 7.4934e+41 3.6595e+38 9.016e+38 3.3791e+39 2.0815e+39 1.7065e+40 1.1189e+40
-4.0 0.1 1000.0 -1.2 1.4782e+43 2.6801e+42 2.7124e+42 8.1642e+42 2.2013e+42 1.5156e+42 7.9852e+42 4.4726e+42 3.0702e+42 3.4161e+42 1.267e+40 9.4393e+40 5.2477e+40 3.1648e+42 1.2587e+40 3.1013e+40 7.9007e+40 4.9043e+40 3.94e+41 2.6551e+41
-4.0 0.1 1000.0 -1.4 1.1618e+43 2.4246e+42 2.146e+42 6.4594e+42 1.636e+42 1.2607e+42 7.2044e+42 3.7203e+42 2.5678e+42 2.8958e+42 1.0746e+40 5.7415e+40 3.4466e+40 2.4402e+42 7.5838e+39 1.8685e+40 5.2446e+40 3.2623e+40 2.5086e+41 1.6916e+41
-4.0 0.1 1000.0 -1.7 7.1095e+42 1.8693e+42 1.297e+42 3.904e+42 9.2241e+41 8.4277e+41 5.5509e+42 2.487e+42 1.7123e+42 1.968e+42 6.7409e+39 2.7039e+40 1.9226e+40 1.4161e+42 3.0417e+39 7.4941e+39 2.4348e+40 1.5221e+40 1.0961e+41 7.3988e+40
-4.0 0.1 1000.0 -2.0 4.0356e+42 1.3485e+42 7.1019e+41 2.1377e+42 4.7331e+41 5.2299e+41 4.0114e+42 1.5433e+42 1.0499e+42 1.2299e+42 2.8852e+39 1.5643e+40 1.2846e+40 7.3991e+41 1.1049e+39 2.7223e+39 1.0265e+40 6.4826e+39 4.3442e+40 2.9356e+40
-4.0 0.1 10000.0 -1.2 1.0508e+43 2.7122e+42 3.3615e+42 1.0118e+43 3.0719e+42 1.7414e+42 7.9674e+42 5.1389e+42 1.4908e+42 2.6798e+42 1.4521e+39 5.1165e+40 2.9381e+40 3.0895e+42 2.196e+40 5.411e+40 1.3466e+41 1.1897e+41 5.996e+41 5.1201e+41
-4.0 0.1 10000.0 -1.4 8.5182e+42 2.4491e+42 2.7019e+42 8.1328e+42 2.3244e+42 1.4794e+42 7.1672e+42 4.3658e+42 1.2342e+42 2.248e+42 8.9699e+38 3.031e+40 1.914e+40 2.37e+42 1.383e+40 3.4076e+40 9.3834e+40 8.3477e+40 4.0012e+41 3.4323e+41
-4.0 0.1 10000.0 -1.7 5.5028e+42 1.8847e+42 1.6339e+42 4.918e+42 1.37e+42 1.0275e+42 5.5029e+42 3.0321e+42 8.2362e+41 1.5253e+42 2.6874e+38 1.4358e+40 1.0628e+40 1.3538e+42 5.6521e+39 1.3927e+40 4.5207e+40 4.065e+40 1.8455e+41 1.5935e+41
-4.0 0.1 10000.0 -2.0 3.3291e+42 1.359e+42 8.588e+41 2.585e+42 7.578e+41 6.6789e+41 3.9691e+42 1.9709e+42 5.138e+41 9.6548e+41 5.2777e+37 8.6561e+39 6.612e+39 6.8694e+41 2.0085e+39 4.9494e+39 1.9152e+40 1.7409e+40 7.7238e+40 6.7087e+40
-4.0 0.3 100.0 -1.2 1.9033e+43 2.5724e+42 2.389e+42 7.1909e+42 3.0041e+42 1.8306e+42 7.6649e+42 5.4021e+42 5.6884e+42 4.2474e+42 1.8906e+40 9.0612e+40 5.0558e+40 3.1784e+42 1.2179e+40 3.0008e+40 4.2146e+40 2.5e+40 3.7907e+41 2.4836e+41
-4.0 0.3 100.0 -1.4 1.5365e+43 2.3333e+42 1.8794e+42 5.6571e+42 2.2738e+42 1.5415e+42 6.9373e+42 4.549e+42 4.8261e+42 3.6144e+42 1.7128e+40 5.9515e+40 3.5591e+40 2.4541e+42 7.1903e+39 1.7717e+40 2.7618e+40 1.6399e+40 2.4475e+41 1.6036e+41
-4.0 0.3 100.0 -1.7 9.7751e+42 1.8046e+42 1.121e+42 3.3742e+42 1.3361e+42 1.0497e+42 5.3654e+42 3.0977e+42 3.3012e+42 2.4822e+42 1.403e+40 3.1722e+40 2.1888e+40 1.4279e+42 2.7657e+39 6.8146e+39 1.2458e+40 7.4209e+39 1.0887e+41 7.1339e+40
-4.0 0.3 100.0 -2.0 5.751e+42 1.3036e+42 6.0356e+41 1.8167e+42 7.2955e+41 6.6274e+41 3.8834e+42 1.9558e+42 2.0819e+42 1.5714e+42 1.0467e+40 1.9693e+40 1.5502e+40 7.4871e+41 9.5933e+38 2.3637e+39 5.0891e+39 3.0564e+39 4.3949e+40 2.8801e+40
-4.0 0.3 1000.0 -1.2 1.9164e+43 2.5969e+42 2.789e+42 8.3949e+42 3.3313e+42 1.9763e+42 7.6774e+42 5.832e+42 4.5722e+42 4.8216e+42 1.5003e+40 1.1032e+41 6.0462e+40 3.159e+42 1.8623e+40 4.5887e+40 6.3873e+40 3.9549e+40 5.1914e+41 3.493e+41
-4.0 0.3 1000.0 -1.4 1.5746e+43 2.3518e+42 2.249e+42 6.7695e+42 2.5302e+42 1.6834e+42 6.9318e+42 4.9678e+42 3.8511e+42 4.1294e+42 1.2133e+40 7.1035e+40 4.1243e+40 2.4367e+42 1.183e+40 2.9148e+40 4.4769e+40 2.776e+40 3.5196e+41 2.3693e+41
-4.0 0.3 1000.0 -1.7 1.0307e+43 1.816e+42 1.3976e+42 4.2067e+42 1.4997e+42 1.1685e+42 5.3455e+42 3.4481e+42 2.6193e+42 2.8719e+42 7.2841e+39 3.3764e+40 2.2508e+40 1.4155e+42 5.1145e+39 1.2602e+40 2.2516e+40 1.4003e+40 1.6897e+41 1.1383e+41
-4.0 0.3 1000.0 -2.0 6.2646e+42 1.3104e+42 7.8657e+41 2.3676e+42 8.3219e+41 7.5404e+41 3.8601e+42 2.2252e+42 1.6527e+42 1.8493e+42 3.0833e+39 1.7771e+40 1.3813e+40 7.4023e+41 1.9967e+39 4.9199e+39 1.0329e+40 6.4575e+39 7.3756e+40 4.9727e+40
-4.0 0.3 10000.0 -1.2 1.2375e+43 2.6407e+42 3.3271e+42 1.0014e+43 4.0908e+42 2.1379e+42 7.7354e+42 6.3091e+42 2.2616e+42 3.7781e+42 1.58e+39 5.6078e+40 3.1756e+40 3.0884e+42 2.9498e+40 7.2686e+40 9.7806e+40 8.5377e+40 7.0655e+41 5.9765e+41
-4.0 0.3 10000.0 -1.4 1.0369e+43 2.3868e+42 2.7129e+42 8.1657e+42 3.1162e+42 1.8486e+42 6.9617e+42 5.4551e+42 1.851e+42 3.1529e+42 9.5168e+38 3.3442e+40 2.0509e+40 2.371e+42 1.9294e+40 4.7544e+40 7.1495e+40 6.2778e+40 4.9531e+41 4.2053e+41
-4.0 0.3 10000.0 -1.7 7.0375e+42 1.8395e+42 1.6758e+42 5.0443e+42 1.8762e+42 1.3198e+42 5.348e+42 3.8948e+42 1.2275e+42 2.1443e+42 2.794e+38 1.5091e+40 1.0665e+40 1.357e+42 8.3472e+39 2.0569e+40 3.7316e+40 3.3057e+40 2.469e+41 2.107e+41
-4.0 0.3 10000.0 -2.0 4.4575e+42 1.3267e+42 9.0093e+41 2.7118e+42 1.0715e+42 8.8094e+41 3.8536e+42 2.5997e+42 7.6888e+41 1.3716e+42 5.4541e+37 8.4381e+39 6.0857e+39 6.8998e+41 3.1617e+39 7.7913e+39 1.7415e+40 1.5554e+40 1.1206e+41 9.6072e+40
-4.0 0.5 100.0 -1.2 1.9914e+43 2.4903e+42 2.2914e+42 6.897e+42 3.4543e+42 2.2157e+42 7.3965e+42 6.5385e+42 7.5281e+42 5.5795e+42 2.2766e+40 1.0483e+41 5.7814e+40 3.153e+42 1.8837e+40 4.6419e+40 2.3118e+40 1.3704e+40 4.7193e+41 3.0918e+41
-4.0 0.5 100.0 -1.4 1.6653e+43 2.2603e+42 1.8478e+42 5.5618e+42 2.6165e+42 1.9014e+42 6.6918e+42 5.611e+42 6.3756e+42 4.7446e+42 1.9815e+40 7.2537e+40 4.2101e+40 2.436e+42 1.2005e+40 2.9581e+40 1.635e+40 9.6965e+39 3.2579e+41 2.1345e+41
-4.0 0.5 100.0 -1.7 1.1178e+43 1.7493e+42 1.1417e+42 3.4366e+42 1.5554e+42 1.3346e+42 5.1714e+42 3.9385e+42 4.389e+42 3.2834e+42 1.5411e+40 3.9513e+40 2.5648e+40 1.4184e+42 5.1625e+39 1.2721e+40 8.2661e+39 4.9094e+39 1.6021e+41 1.0497e+41
-4.0 0.5 100.0 -2.0 6.9478e+42 1.2639e+42 6.3621e+41 1.915e+42 8.7475e+41 8.7014e+41 3.7387e+42 2.5678e+42 2.8145e+42 2.115e+42 1.1203e+40 2.336e+40 1.7175e+40 7.4421e+41 2.0032e+39 4.9362e+39 3.8016e+39 2.2649e+39 7.173e+40 4.6999e+40
-4.0 0.5 1000.0 -1.2 1.8977e+43 2.5166e+42 2.5558e+42 7.6928e+42 3.7065e+42 2.3167e+42 7.43e+42 6.8366e+42 6.1207e+42 6.1472e+42 1.8321e+40 1.2186e+41 6.6431e+40 3.1363e+42 2.5434e+40 6.2676e+40 3.0551e+40 1.8877e+40 5.8247e+41 3.9154e+41
-4.0 0.5 1000.0 -1.4 1.6021e+43 2.2818e+42 2.0968e+42 6.3113e+42 2.8025e+42 2.0015e+42 6.7108e+42 5.9065e+42 5.1018e+42 5.2349e+42 1.4195e+40 8.3293e+40 4.7426e+40 2.4215e+42 1.7034e+40 4.1974e+40 2.2568e+40 1.3959e+40 4.1462e+41 2.7883e+41
-4.0 0.5 1000.0 -1.7 1.0916e+43 1.7639e+42 1.3315e+42 4.0077e+42 1.6649e+42 1.4206e+42 5.1745e+42 4.1921e+42 3.4471e+42 3.6392e+42 8.071e+39 4.1612e+40 2.6308e+40 1.408e+42 7.9107e+39 1.9493e+40 1.22e+40 7.5612e+39 2.133e+41 1.4353e+41
-4.0 0.5 1000.0 -2.0 6.8965e+42 1.2732e+42 7.6344e+41 2.2979e+42 9.3785e+41 9.3763e+41 3.7332e+42 2.767e+42 2.1807e+42 2.3602e+42 3.3578e+39 2.0922e+40 1.5195e+40 7.3726e+41 3.2894e+39 8.1057e+39 5.9895e+39 3.7229e+39 9.9387e+40 6.692e+40
-4.0 0.5 10000.0 -1.2 1.1531e+43 2.5713e+42 2.9341e+42 8.8317e+42 4.2601e+42 2.4196e+42 7.5487e+42 7.1403e+42 3.196e+42 4.9079e+42 1.8215e+39 6.1672e+40 3.4226e+40 3.0742e+42 3.6186e+40 8.9172e+40 4.1375e+40 3.5739e+40 7.1753e+41 6.0317e+41
-4.0 0.5 10000.0 -1.4 9.8823e+42 2.3268e+42 2.4283e+42 7.3091e+42 3.2206e+42 2.1169e+42 6.7958e+42 6.247e+42 2.563e+42 4.0381e+42 1.0564e+39 3.7642e+40 2.2221e+40 2.3625e+42 2.4696e+40 6.0859e+40 3.1694e+40 2.7516e+40 5.238e+41 4.4179e+41
-4.0 0.5 10000.0 -1.7 6.9364e+42 1.7949e+42 1.5282e+42 4.5999e+42 1.9291e+42 1.5398e+42 5.2177e+42 4.544e+42 1.6605e+42 2.7096e+42 2.9829e+38 1.616e+40 1.071e+40 1.3547e+42 1.1246e+40 2.7714e+40 1.7684e+40 1.5472e+40 2.7591e+41 2.3379e+41
-4.0 0.5 10000.0 -2.0 4.536e+42 1.2953e+42 8.3346e+41 2.5087e+42 1.1078e+42 1.047e+42 3.7571e+42 3.0898e+42 1.0253e+42 1.7248e+42 5.723e+37 8.0863e+39 5.3628e+39 6.9051e+41 4.4134e+39 1.0876e+40 8.7834e+39 7.738e+39 1.3139e+41 1.1177e+41
-5.0 0.1 100.0 -1.2 2.8972e+42 2.3033e+42 1.1916e+41 3.5866e+41 6.4019e+41 4.9277e+41 7.1438e+42 1.4542e+42 2.3877e+42 1.7766e+42 1.0262e+39 7.4377e+39 4.5872e+39 7.4109e+41 3.5098e+38 8.6505e+38 2.53e+39 1.5019e+39 1.3334e+40 8.7386e+39
-5.0 0.1 100.0 -1.4 2.2111e+42 2.1817e+42 9.3208e+40 2.8055e+41 4.6319e+41 4.0598e+41 6.777e+42 1.198e+42 1.9526e+42 1.4582e+42 1.0086e+39 7.2118e+39 4.6165e+39 5.6163e+41 1.9879e+38 4.8996e+38 1.5626e+39 9.2906e+38 8.0038e+39 5.2459e+39
-5.0 0.1 100.0 -1.7 1.2685e+42 1.7605e+42 5.4586e+40 1.643e+41 2.4583e+41 2.619e+41 5.487e+42 7.7288e+41 1.2431e+42 9.3354e+41 8.434e+38 6.7345e+39 4.417e+39 3.1604e+41 7.0896e+37 1.7474e+38 6.3498e+38 3.7962e+38 3.1521e+39 2.0663e+39
-5.0 0.1 100.0 -2.0 6.6126e+41 1.306e+42 2.8501e+40 8.5787e+40 1.1896e+41 1.5366e+41 4.0869e+42 4.5346e+41 7.1973e+41 5.4354e+41 5.7453e+38 6.0134e+39 3.9421e+39 1.5957e+41 2.2269e+37 5.4886e+37 2.2746e+38 1.3815e+38 1.109e+39 7.2715e+38
-5.0 0.1 1000.0 -1.2 4.2718e+42 2.3074e+42 1.4838e+41 4.4664e+41 1.1292e+42 6.8705e+41 7.0419e+42 2.0275e+42 2.5456e+42 2.7554e+42 7.3072e+38 8.0917e+39 4.8951e+39 7.4432e+41 5.9866e+38 1.4755e+39 4.7371e+39 2.9396e+39 2.4142e+40 1.6278e+40
-5.0 0.1 1000.0 -1.4 3.4449e+42 2.183e+42 1.2011e+41 3.6152e+41 8.5935e+41 5.8644e+41 6.6651e+42 1.7306e+42 2.1278e+42 2.3391e+42 5.9037e+38 7.4525e+39 4.674e+39 5.6431e+41 3.7467e+38 9.2345e+38 3.2225e+39 2.0032e+39 1.585e+40 1.0695e+40
-5.0 0.1 1000.0 -1.7 2.1586e+42 1.76e+42 7.4471e+40 2.2416e+41 4.9567e+41 4.009e+41 5.3832e+42 1.183e+42 1.4089e+42 1.5837e+42 3.0279e+38 6.2813e+39 3.9805e+39 3.1774e+41 1.5799e+38 3.8939e+38 1.5442e+39 9.6359e+38 7.2569e+39 4.9013e+39
-5.0 0.1 1000.0 -2.0 1.2358e+42 1.3049e+42 4.1446e+40 1.2475e+41 2.6249e+41 2.5049e+41 4.0017e+42 7.3919e+41 8.5416e+41 9.8031e+41 1.0761e+38 4.7716e+39 2.9068e+39 1.6044e+41 5.9936e+37 1.4772e+38 6.6873e+38 4.2023e+38 3.0223e+39 2.0433e+39
-5.0 0.1 10000.0 -1.2 4.0115e+42 2.3189e+42 1.8611e+41 5.6018e+41 2.3109e+42 9.3211e+41 6.9141e+42 2.7507e+42 1.7252e+42 3.03e+42 4.7766e+37 4.1547e+39 2.253e+39 7.4244e+41 1.0553e+39 2.601e+39 9.084e+39 8.003e+39 4.4574e+40 3.8015e+40
-5.0 0.1 10000.0 -1.4 3.3423e+42 2.1918e+42 1.5287e+41 4.6015e+41 1.8263e+42 8.1437e+41 6.5325e+42 2.4032e+42 1.4416e+42 2.5659e+42 2.9025e+37 3.2962e+39 1.7868e+39 5.6197e+41 6.911e+38 1.7033e+39 6.5079e+39 5.7709e+39 3.0871e+40 2.6453e+40
-5.0 0.1 10000.0 -1.7 2.2102e+42 1.7644e+42 9.5189e+40 2.8652e+41 1.1188e+42 5.7851e+41 5.2609e+42 1.7072e+42 9.58e+41 1.7387e+42 8.5831e+36 1.9097e+39 1.0131e+39 3.1435e+41 2.9967e+38 7.3859e+38 3.3045e+39 2.9589e+39 1.5183e+40 1.3096e+40
-5.0 0.1 10000.0 -2.0 1.339e+42 1.307e+42 5.1584e+40 1.5527e+41 6.3138e+41 3.7648e+41 3.9022e+42 1.111e+42 5.8594e+41 1.0829e+42 1.6965e+36 9.1066e+38 4.7132e+38 1.5653e+41 1.125e+38 2.7727e+38 1.4891e+39 1.3461e+39 6.7708e+39 5.8749e+39
-5.0 0.3 100.0 -1.2 8.2031e+42 2.227e+42 1.4298e+41 4.3037e+41 2.7339e+42 1.1349e+42 6.7089e+42 3.349e+42 6.766e+42 4.9477e+42 1.105e+39 7.2764e+39 4.1765e+39 7.5585e+41 6.3495e+38 1.565e+39 3.2482e+39 1.9261e+39 3.091e+40 2.025e+40
-5.0 0.3 100.0 -1.4 6.8738e+42 2.1126e+42 1.1621e+41 3.4978e+41 2.1449e+42 9.8876e+41 6.3688e+42 2.9178e+42 5.7959e+42 4.2506e+42 1.0604e+39 6.8366e+39 4.0442e+39 5.7402e+41 3.9574e+38 9.7537e+38 2.2277e+39 1.3217e+39 2.0838e+40 1.3652e+40
-5.0 0.3 100.0 -1.7 4.564e+42 1.7085e+42 7.2349e+40 2.1777e+41 1.2927e+42 6.9792e+41 5.1611e+42 2.0596e+42 3.9835e+42 2.9342e+42 8.7046e+38 6.1105e+39 3.7038e+39 3.242e+41 1.6503e+38 4.0675e+38 1.0808e+39 6.4242e+38 9.923e+39 6.5017e+39
-5.0 0.3 100.0 -2.0 2.7653e+42 1.2699e+42 4.0384e+40 1.2156e+41 7.1411e+41 4.5046e+41 3.8466e+42 1.3293e+42 2.5081e+42 1.8553e+42 5.9531e+38 5.3296e+39 3.24e+39 1.643e+41 6.2014e+37 1.5285e+38 4.7706e+38 2.8468e+38 4.3118e+39 2.8254e+39
-5.0 0.3 1000.0 -1.2 9.0057e+42 2.2319e+42 1.6277e+41 4.8994e+41 3.4669e+42 1.2851e+42 6.6582e+42 3.7924e+42 6.2282e+42 6.1608e+42 8.0352e+38 7.9054e+39 4.4765e+39 7.5507e+41 9.2877e+38 2.2891e+39 5.0089e+39 3.0977e+39 4.441e+40 2.9852e+40
-5.0 0.3 1000.0 -1.4 7.6865e+42 2.1153e+42 1.3464e+41 4.0527e+41 2.7684e+42 1.1333e+42 6.3109e+42 3.3444e+42 5.3286e+42 5.3507e+42 6.3618e+38 7.0857e+39 4.1249e+39 5.7354e+41 6.153e+38 1.5165e+39 3.639e+39 2.2531e+39 3.1285e+40 2.1041e+40
-5.0 0.3 1000.0 -1.7 5.2555e+42 1.7087e+42 8.6167e+40 2.5936e+41 1.7169e+42 8.156e+41 5.1038e+42 2.4068e+42 3.6619e+42 3.7606e+42 3.2343e+38 5.6622e+39 3.3447e+39 3.2388e+41 2.8201e+38 6.9507e+38 1.9335e+39 1.1997e+39 1.5945e+40 1.0732e+40
-5.0 0.3 1000.0 -2.0 3.2884e+42 1.2693e+42 4.9472e+40 1.4891e+41 9.7894e+41 5.3772e+41 3.7985e+42 1.5868e+42 2.3117e+42 2.426e+42 1.1493e+38 4.095e+39 2.3653e+39 1.6407e+41 1.1617e+38 2.8632e+38 9.3666e+38 5.8304e+38 7.4171e+39 4.9965e+39
-5.0 0.3 10000.0 -1.2 6.8837e+42 2.2416e+42 1.9289e+41 5.8059e+41 4.9996e+42 1.4729e+42 6.5876e+42 4.3465e+42 3.7958e+42 6.0342e+42 5.2009e+37 3.823e+39 2.0168e+39 7.4797e+41 1.4937e+39 3.6814e+39 8.6813e+39 7.4966e+39 7.0807e+40 5.9166e+40
-5.0 0.3 10000.0 -1.4 5.9708e+42 2.1219e+42 1.6122e+41 4.8526e+41 4.0897e+42 1.3161e+42 6.231e+42 3.8837e+42 3.2046e+42 5.177e+42 3.0869e+37 2.9003e+39 1.5324e+39 5.6701e+41 1.0254e+39 2.5274e+39 6.6403e+39 5.7646e+39 5.2048e+40 4.3658e+40
-5.0 0.3 10000.0 -1.7 4.1829e+42 1.7117e+42 1.0291e+41 3.0977e+41 2.6302e+42 9.6633e+41 5.026e+42 2.8516e+42 2.162e+42 3.5796e+42 8.942e+36 1.5734e+39 8.2104e+38 3.1806e+41 4.7771e+38 1.1774e+39 3.7497e+39 3.2798e+39 2.7989e+40 2.3605e+40
-5.0 0.3 10000.0 -2.0 2.6821e+42 1.2703e+42 5.7259e+40 1.7235e+41 1.5505e+42 6.4996e+41 3.7329e+42 1.918e+42 1.3418e+42 2.2761e+42 1.7545e+36 7.2171e+38 3.7044e+38 1.5889e+41 1.9421e+38 4.7868e+38 1.9078e+39 1.68e+39 1.3665e+40 1.1581e+40
-5.0 0.5 100.0 -1.2 1.1768e+43 2.1342e+42 1.3917e+41 4.189e+41 5.1188e+42 1.7368e+42 6.3407e+42 5.1254e+42 1.22e+43 8.8383e+42 1.2177e+39 6.7948e+39 3.6822e+39 7.5516e+41 9.7744e+38 2.4091e+39 2.2743e+39 1.3475e+39 5.1194e+40 3.3529e+40
-5.0 0.5 100.0 -1.4 1.0342e+43 2.0288e+42 1.1575e+41 3.4841e+41 4.2051e+42 1.5556e+42 6.025e+42 4.5907e+42 1.0633e+43 7.7231e+42 1.1356e+39 6.1816e+39 3.4195e+39 5.7468e+41 6.5596e+38 1.6168e+39 1.7106e+39 1.0138e+39 3.7386e+40 2.4487e+40
-5.0 0.5 100.0 -1.7 7.3748e+42 1.6463e+42 7.4436e+40 2.2405e+41 2.7288e+42 1.1457e+42 4.892e+42 3.3811e+42 7.5324e+42 5.492e+42 9.0714e+38 5.2232e+39 2.9506e+39 3.2568e+41 3.0415e+38 7.4965e+38 9.542e+38 5.659e+38 2.0017e+40 1.3111e+40
-5.0 0.5 100.0 -2.0 4.7938e+42 1.2265e+42 4.2839e+40 1.2895e+41 1.6227e+42 7.7156e+41 3.6501e+42 2.2769e+42 4.8983e+42 3.5845e+42 6.1652e+38 4.3727e+39 2.4863e+39 1.6564e+41 1.2663e+38 3.1211e+38 4.849e+38 2.8792e+38 9.7353e+39 6.3769e+39
-5.0 0.5 1000.0 -1.2 1.1486e+43 2.143e+42 1.51e+41 4.5451e+41 5.6861e+42 1.8162e+42 6.3293e+42 5.3595e+42 1.0884e+43 1.0086e+43 9.0607e+38 7.3129e+39 3.9335e+39 7.5301e+41 1.265e+39 3.1179e+39 2.9291e+39 1.8057e+39 6.2239e+40 4.1738e+40
-5.0 0.5 1000.0 -1.4 1.0168e+43 2.0353e+42 1.2704e+41 3.824e+41 4.6993e+42 1.6355e+42 6.0056e+42 4.8265e+42 9.4112e+42 8.8493e+42 7.0198e+38 6.4039e+39 3.5068e+39 5.7288e+41 8.8417e+38 2.1792e+39 2.2765e+39 1.4045e+39 4.65e+40 3.1195e+40
-5.0 0.5 1000.0 -1.7 7.3309e+42 1.649e+42 8.312e+40 2.5019e+41 3.0756e+42 1.2142e+42 4.8651e+42 3.583e+42 6.5882e+42 6.3299e+42 3.5134e+38 4.8403e+39 2.6875e+39 3.2446e+41 4.3518e+38 1.0726e+39 1.3311e+39 8.2226e+38 2.5715e+40 1.7261e+40
-5.0 0.5 1000.0 -2.0 4.8189e+42 1.2275e+42 4.8626e+40 1.4636e+41 1.8482e+42 8.2444e+41 3.6242e+42 2.4329e+42 4.2382e+42 4.1586e+42 1.2484e+38 3.3159e+39 1.824e+39 1.6482e+41 1.9078e+38 4.7022e+38 7.0583e+38 4.3671e+38 1.2873e+40 8.6464e+39
-5.0 0.5 10000.0 -1.2 7.7774e+42 2.1587e+42 1.7054e+41 5.1332e+41 6.7697e+42 1.8982e+42 6.3222e+42 5.6017e+42 6.5652e+42 9.3868e+42 5.9807e+37 3.4541e+39 1.7844e+39 7.4434e+41 1.8118e+39 4.4656e+39 4.2789e+39 3.6352e+39 8.3983e+40 6.9214e+40
-5.0 0.5 10000.0 -1.4 6.9569e+42 2.0464e+42 1.4484e+41 4.3596e+41 5.6391e+42 1.7263e+42 5.9812e+42 5.0943e+42 5.5609e+42 8.0965e+42 3.4324e+37 2.523e+39 1.3057e+39 5.6509e+41 1.3039e+39 3.2137e+39 3.4914e+39 2.978e+39 6.5034e+40 5.3761e+40
-5.0 0.5 10000.0 -1.7 5.1035e+42 1.6543e+42 9.4426e+40 2.8422e+41 3.7449e+42 1.3019e+42 4.8267e+42 3.8418e+42 3.7787e+42 5.6592e+42 9.5709e+36 1.2686e+39 6.5278e+38 3.1783e+41 6.4511e+38 1.59e+39 2.1689e+39 1.8601e+39 3.7667e+40 3.1267e+40
-5.0 0.5 10000.0 -2.0 3.4165e+42 1.2296e+42 5.348e+40 1.6098e+41 2.2911e+42 8.9834e+41 3.5856e+42 2.651e+42 2.3649e+42 3.6449e+42 1.8431e+36 5.4969e+38 2.8016e+38 1.5922e+41 2.7554e+38 6.7913e+38 1.209e+39 1.0417e+39 1.9654e+40 1.6376e+40
-1.0 0.1 100.0 -1.2 1.0262e+42 8.1768e+41 4.5024e+42 1.3552e+43 4.9652e+41 1.1091e+41 2.3482e+42 3.2729e+41 1.9614e+41 1.411e+41 8.4747e+41 2.1361e+42 1.152e+42 4.0348e+42 2.4404e+41 5.8273e+41 1.1125e+41 6.6097e+40 1.2051e+42 7.8934e+41
-1.0 0.1 100.0 -1.4 5.6593e+41 7.2718e+41 4.5471e+42 1.3687e+43 2.0382e+41 5.1386e+40 2.0646e+42 1.5164e+41 1.1664e+41 8.4596e+40 4.9426e+41 1.4962e+42 7.977e+41 3.1553e+42 1.5679e+41 3.6854e+41 7.2933e+40 4.3628e+40 7.812e+41 5.1177e+41
-1.0 0.1 100.0 -1.7 3.2443e+41 6.5979e+41 3.7602e+42 1.1318e+43 2.5121e+40 1.8563e+40 1.8892e+42 5.4779e+40 4.5882e+40 3.45e+40 1.8027e+41 7.2841e+41 3.6732e+41 1.8961e+42 5.9661e+40 1.3788e+41 3.9381e+40 2.4226e+40 3.8732e+41 2.5385e+41
-1.0 0.1 100.0 -2.0 2.4887e+41 6.0128e+41 2.4867e+42 7.4849e+42 8.4865e+39 1.3332e+40 1.7512e+42 3.9343e+40 2.9093e+40 2.2474e+40 5.434e+40 2.8331e+41 1.465e+41 1.0162e+42 1.975e+40 4.5192e+40 2.2781e+40 1.5077e+40 1.873e+41 1.229e+41
-1.0 0.1 1000.0 -1.2 3.1476e+42 2.1321e+42 1.6064e+43 4.8353e+43 1.3602e+42 3.9294e+41 6.1334e+42 1.1596e+42 5.7581e+41 5.2251e+41 3.5332e+41 4.4235e+42 2.1033e+42 5.5039e+42 4.0072e+41 9.6037e+41 3.3363e+41 2.065e+41 3.7447e+42 2.5139e+42
-1.0 0.1 1000.0 -1.4 2.2158e+42 1.9392e+42 1.2642e+43 3.8052e+43 5.5572e+41 2.1864e+41 5.5916e+42 6.4521e+41 3.2549e+41 3.1408e+41 1.2645e+41 2.1549e+42 1.0402e+42 3.9993e+42 1.9409e+41 4.6449e+41 2.2784e+41 1.4206e+41 2.2317e+42 1.5005e+42
-1.0 0.1 1000.0 -1.7 1.573e+42 1.5756e+42 7.4705e+42 2.2486e+43 1.1106e+41 1.1111e+41 4.5815e+42 3.2789e+41 1.4631e+41 1.6563e+41 3.3696e+40 4.7764e+41 2.4413e+41 2.1632e+42 5.4241e+40 1.3011e+41 1.214e+41 7.7179e+40 8.8088e+41 5.9354e+41
-1.0 0.1 1000.0 -2.0 1.2078e+42 1.2034e+42 4.0021e+42 1.2046e+43 5.5425e+40 8.7129e+40 3.5247e+42 2.5712e+41 1.0404e+41 1.2698e+41 1.8141e+40 9.1045e+40 5.4906e+40 1.0731e+42 1.4312e+40 3.4515e+40 5.9859e+40 3.9502e+40 3.1157e+41 2.1034e+41
-1.0 0.1 10000.0 -1.2 7.5236e+42 3.0795e+42 1.5641e+43 4.708e+43 3.2458e+42 1.325e+42 8.9922e+42 3.9102e+42 8.18e+41 1.2808e+42 1.4129e+40 5.3774e+41 2.8176e+41 5.0029e+42 1.7506e+41 4.2966e+41 6.1569e+41 5.3658e+41 3.0314e+42 2.5751e+42
-1.0 0.1 10000.0 -1.4 5.834e+42 2.6506e+42 1.1805e+43 3.5533e+43 1.5851e+42 9.2598e+41 7.7107e+42 2.7326e+42 4.9706e+41 8.3377e+41 1.0108e+40 2.1522e+41 1.1695e+41 3.676e+42 9.2291e+40 2.266e+41 4.0453e+41 3.5645e+41 1.7582e+42 1.5042e+42
-1.0 0.1 10000.0 -1.7 4.1389e+42 1.9688e+42 6.4176e+42 1.9317e+43 6.0948e+41 6.2903e+41 5.7162e+42 1.8563e+42 2.8962e+41 5.3422e+41 3.3808e+39 4.6598e+40 2.965e+40 1.9869e+42 2.8919e+40 7.1077e+40 1.7223e+41 1.5425e+41 6.6475e+41 5.7333e+41
-1.0 0.1 10000.0 -2.0 2.9554e+42 1.394e+42 3.0206e+42 9.0921e+42 3.3186e+41 4.8316e+41 4.0549e+42 1.4258e+42 2.0774e+41 4.0234e+41 5.3372e+38 1.6374e+40 1.2972e+40 9.663e+41 8.3145e+39 2.0458e+40 6.3303e+40 5.7538e+40 2.3939e+41 2.0769e+41
-1.0 0.3 100.0 -1.2 1.8311e+42 5.7799e+41 1.5019e+42 4.5208e+42 9.0851e+41 2.2523e+41 1.7972e+42 6.6466e+41 3.0137e+41 2.1436e+41 8.9574e+41 9.4825e+41 6.8365e+41 2.5282e+42 1.4088e+41 3.4401e+41 3.0148e+40 1.7851e+40 1.032e+42 6.7579e+41
-1.0 0.3 100.0 -1.4 9.9338e+41 4.3243e+41 1.6953e+42 5.1029e+42 5.2755e+41 1.2407e+41 1.2849e+42 3.6613e+41 1.9507e+41 1.3894e+41 6.1923e+41 7.8668e+41 5.369e+41 2.1234e+42 1.2647e+41 3.0781e+41 3.2678e+40 1.9367e+40 8.3451e+41 5.4655e+41
-1.0 0.3 100.0 -1.7 4.1348e+41 3.237e+41 1.9014e+42 5.7231e+42 1.748e+41 4.2106e+40 9.2121e+41 1.2426e+41 9.5285e+40 6.8587e+40 2.7946e+41 4.8485e+41 3.0842e+41 1.4508e+42 8.1751e+40 1.9725e+41 2.5189e+40 1.5014e+40 4.9665e+41 3.2534e+41
-1.0 0.3 100.0 -2.0 2.4805e+41 2.9221e+41 1.6644e+42 5.0099e+42 3.6821e+40 1.7084e+40 8.3433e+41 5.0415e+40 4.4284e+40 3.2806e+40 9.5323e+40 2.2171e+41 1.3563e+41 8.6669e+41 3.2553e+40 7.7761e+40 1.4712e+40 8.9757e+39 2.404e+41 1.5753e+41
-1.0 0.3 1000.0 -1.2 3.6706e+42 1.5378e+42 1.1023e+43 3.3178e+43 2.0949e+42 4.8436e+41 4.4622e+42 1.4294e+42 8.8296e+41 7.5283e+41 6.0647e+41 2.3686e+42 1.2989e+42 4.9694e+42 4.6843e+41 1.138e+42 1.821e+41 1.1207e+41 3.8098e+42 2.5533e+42
-1.0 0.3 1000.0 -1.4 2.504e+42 1.3716e+42 9.588e+42 2.886e+43 1.0754e+42 2.895e+41 3.9426e+42 8.5432e+41 5.4602e+41 4.8143e+41 2.4362e+41 1.4665e+42 7.4912e+41 3.7153e+42 2.6091e+41 6.3269e+41 1.354e+41 8.3691e+40 2.4433e+42 1.6399e+42
-1.0 0.3 1000.0 -1.7 1.6694e+42 1.1536e+42 6.3728e+42 1.9182e+43 3.0856e+41 1.4867e+41 3.329e+42 4.3872e+41 2.4996e+41 2.4609e+41 5.0918e+40 4.7384e+41 2.5196e+41 2.075e+42 8.317e+40 2.0158e+41 7.9203e+40 4.9504e+40 1.0419e+42 7.0083e+41
-1.0 0.3 1000.0 -2.0 1.2759e+42 9.3474e+41 3.6865e+42 1.1096e+43 8.7728e+40 1.011e+41 2.7224e+42 2.9834e+41 1.3777e+41 1.5562e+41 2.0128e+40 1.1276e+41 6.7816e+40 1.0481e+42 2.3601e+40 5.7293e+40 4.281e+40 2.7335e+40 3.9078e+41 2.6335e+41
-1.0 0.3 10000.0 -1.2 7.7873e+42 2.8193e+42 1.448e+43 4.3586e+43 4.4807e+42 1.5676e+42 8.2285e+42 4.626e+42 1.4209e+42 2.0057e+42 1.6325e+40 5.4355e+41 3.084e+41 4.9549e+42 2.2056e+41 5.4181e+41 3.7092e+41 3.1986e+41 3.066e+42 2.5846e+42
-1.0 0.3 10000.0 -1.4 6.1054e+42 2.4417e+42 1.1136e+43 3.3519e+43 2.3579e+42 1.1331e+42 7.0923e+42 3.3439e+42 8.5204e+41 1.2772e+42 1.0732e+40 2.3377e+41 1.3438e+41 3.6519e+42 1.2065e+41 2.9645e+41 2.5346e+41 2.2084e+41 1.8384e+42 1.5608e+42
-1.0 0.3 10000.0 -1.7 4.4129e+42 1.8433e+42 6.2163e+42 1.8711e+43 9.1203e+41 7.5808e+41 5.3468e+42 2.2371e+42 4.5018e+41 7.5038e+41 3.4519e+39 5.2904e+40 3.3233e+40 1.9816e+42 3.96e+40 9.7381e+40 1.1496e+41 1.0168e+41 7.3093e+41 6.2556e+41
-1.0 0.3 10000.0 -2.0 3.2613e+42 1.3294e+42 3.0101e+42 9.0604e+42 4.3806e+41 5.7172e+41 3.8595e+42 1.6872e+42 2.9284e+41 5.2715e+41 5.4565e+38 1.7319e+40 1.3279e+40 9.6668e+41 1.203e+40 2.9608e+40 4.6051e+40 4.1233e+40 2.8216e+41 2.427e+41
-1.0 0.5 100.0 -1.2 1.6549e+42 5.1075e+41 7.1183e+41 2.1426e+42 8.3039e+41 2.5796e+41 1.667e+42 7.6124e+41 3.5782e+41 2.5334e+41 8.8275e+41 7.2784e+41 5.4309e+41 1.8806e+42 7.295e+40 1.7899e+41 4.7272e+39 2.798e+39 6.3566e+41 4.1624e+41
-1.0 0.5 100.0 -1.4 9.5281e+41 3.6701e+41 8.0269e+41 2.4161e+42 5.1803e+41 1.5243e+41 1.1472e+42 4.4982e+41 2.3249e+41 1.6459e+41 6.8909e+41 6.395e+41 4.8652e+41 1.6205e+42 7.2063e+40 1.7662e+41 5.7521e+39 3.4058e+39 5.6643e+41 3.7095e+41
-1.0 0.5 100.0 -1.7 4.0962e+41 2.4194e+41 1.0027e+42 3.0181e+42 2.0863e+41 5.7362e+40 7.078e+41 1.6928e+41 1.1705e+41 8.3367e+40 3.8007e+41 4.2727e+41 3.3115e+41 1.1753e+42 6.8337e+40 1.6693e+41 7.5708e+39 4.4903e+39 4.5284e+41 2.966e+41
-1.0 0.5 100.0 -2.0 2.3101e+41 1.9547e+41 1.0877e+42 3.274e+42 6.5604e+40 2.2448e+40 5.55e+41 6.6245e+40 6.1654e+40 4.4747e+40 1.5611e+41 2.3112e+41 1.7357e+41 7.4989e+41 4.2896e+40 1.0425e+41 6.1584e+39 3.6799e+39 2.8089e+41 1.8401e+41
-1.0 0.5 1000.0 -1.2 3.2375e+42 1.2768e+42 7.0983e+42 2.1366e+43 2.0207e+42 5.2838e+41 3.7932e+42 1.5592e+42 1.0481e+42 8.6258e+41 9.1129e+41 1.9933e+42 1.5449e+42 4.5267e+42 4.3908e+41 1.0741e+42 5.7372e+40 3.5198e+40 3.3019e+42 2.2103e+42
-1.0 0.5 1000.0 -1.4 2.262e+42 1.0873e+42 6.8068e+42 2.0488e+43 1.1429e+42 3.1789e+41 3.15e+42 9.381e+41 6.9604e+41 5.8661e+41 4.2281e+41 1.2674e+42 9.6959e+41 3.4565e+42 3.0177e+41 7.3727e+41 5.0562e+40 3.1102e+40 2.4256e+42 1.6257e+42
-1.0 0.5 1000.0 -1.7 1.5277e+42 9.0591e+41 5.1355e+42 1.5458e+43 4.0529e+41 1.6859e+41 2.5997e+42 4.975e+41 3.5418e+41 3.2367e+41 8.8507e+40 4.9357e+41 3.6155e+41 1.9872e+42 1.1832e+41 2.8878e+41 3.3962e+40 2.1027e+40 1.1802e+42 7.9257e+41
-1.0 0.5 1000.0 -2.0 1.1791e+42 7.5817e+41 3.2201e+42 9.6926e+42 1.3635e+41 1.1623e+41 2.1896e+42 3.4301e+41 1.9478e+41 2.0089e+41 2.4591e+40 1.5537e+41 1.0896e+41 1.0214e+42 3.7816e+40 9.2354e+40 2.0191e+40 1.2643e+40 4.8168e+41 3.2408e+41
-1.0 0.5 10000.0 -1.2 6.8068e+42 2.5942e+42 1.234e+43 3.7143e+43 4.5202e+42 1.6351e+42 7.5997e+42 4.8252e+42 2.0357e+42 2.6312e+42 2.1131e+40 6.5959e+41 3.7076e+41 4.8924e+42 2.6741e+41 6.5755e+41 1.4439e+41 1.2304e+41 3.0094e+42 2.518e+42
-1.0 0.5 10000.0 -1.4 5.4675e+42 2.2563e+42 9.7351e+42 2.9303e+43 2.5268e+42 1.2408e+42 6.5541e+42 3.6615e+42 1.2667e+42 1.7246e+42 1.2252e+40 3.0092e+41 1.6762e+41 3.616e+42 1.5457e+41 3.8015e+41 1.0371e+41 8.9235e+40 1.886e+42 1.5889e+42
-1.0 0.5 10000.0 -1.7 4.0585e+42 1.7285e+42 5.5908e+42 1.6828e+43 1.0403e+42 8.6571e+41 5.0036e+42 2.5547e+42 6.5674e+41 9.9547e+41 3.6475e+39 6.6083e+40 3.9676e+40 1.9706e+42 5.319e+40 1.3088e+41 4.9807e+40 4.3489e+40 7.7779e+41 6.6096e+41
-1.0 0.5 10000.0 -2.0 3.0779e+42 1.2643e+42 2.7578e+42 8.3011e+42 4.9384e+41 6.5684e+41 3.6621e+42 1.9383e+42 4.1685e+41 6.839e+41 5.6848e+38 1.8937e+40 1.3836e+40 9.6437e+41 1.6565e+40 4.0786e+40 2.0961e+40 1.8518e+40 3.0793e+41 2.6311e+41
